1077
3564
2202
2031
3375
1601
3595
1101
4610
2324
1661
2035
1488
3163
2202
2027
1982
2205
6127
6714
5515
1453
1819
3595
1504
1839
6757
1445
1931
4699
1800
3694
1388
3429
1222
641
1220
1583
1501
1933
2305
2777
1951
1321
1785
4465
1162
5302
1396
1951
1450
1965
3694
2604
5567
3211
3429
2096
3363
1661
1800
1603
1047
1545
1750
3564
1375
1576
1816
1855
1550
1951
1263
3659
1128
1089
1583
1722
1527
2083
3412
3498
1388
3132
1348
1890
3130
4428
4434
2985
1111
1805
1384
2020
1405
4610
1569
959
1696
1913
1893
1001
1982
1496
1558
770
2271
3245
3926
1561
1399
1209
1077
4981
6127
1741
1501
1039
1072
1225
5515
1917
1682
4988
1764
844
2057
6235
1648
966
1089
863
3194
776
3172
978
1405
2907
881
1275
3412
759
1682
1187
1413
4133
2512
2542
4981
1261
855
2577
2770
1982
1663
2061
4172
1732
2255
1047
1470
4126
772
4458
826
1493
1399
2568
1093
1862
1725
2826
2031
4411
2171
1384
1214
2361
6127
1548
2878
1187
1453
2417
5168
940
2291
2035
1196
2753
9314
1445
1696
3125
4988
1600
1324
3245
1120
1879
1635
2896
5060
1034
1965
1958
2712
1099
1829
2516
2155
4735
4521
2060
740
1855
4377
1896
1262
1141
2813
6714
2894
1965
1421
1434
2090
1218
2840
1256
6235
1450
1156
1679
3484
1840
1821
1724
2049
3004
1622
3235
2418
4434
4571
1767
2896
1395
3303
2080
1767
1599
1226
1405
4278
5567
1569
2889
1043
2814
1263
2338
1832
3625
1767
1388
1547
2151
3235
3068
1126
3706
4521
4458
1225
1111
6242
826
1001
1439
3426
1040
1318
1621
1931
1896
3952
3172
5302
918
1097
3363
1170
1637
3376
3610
2896
2826
2338
1368
3242
3784
1545
917
1702
1021
812
2285
2007
1689
1968
1134
1111
1620
1168
1702
1919
958
4209
2244
1910
2496
2712
5535
2196
2027
1855
1886
829
1348
2096
3218
2711
1498
402
2111
3375
9314
1267
2512
4659
1958
720
1144
1787
1660
1620
822
1553
2516
838
1239
1508
3743
1679
1950
967
1893
1600
1601
5168
1781
4465
2616
3668
1396
3303
3486
1031
1293
1631
968
1537
1879
2721
1498
3339
4250
5567
1048
3004
2057
1368
2994
1461
936
2098
3111
4434
1785
2753
2003
1519
2168
1395
1767
1729
1527
901
3429
1406
2316
3112
1839
1713
620
1048
1651
1409
1136
2014
1729
1784
3112
900
1696
1914
543
1525
802
1045
2722
946
1169
4953
4659
1431
1219
2752
6127
1641
1637
1242
3068
1167
655
1678
1226
4284
1034
1421
1382
1845
1302
1234
1373
6242
2446
1919
778
1581
4735
991
1111
765
1695
1399
1114
1521
1640
3659
1663
1621
1000
1284
1785
1304
1321
1829
1336
813
1634
720
1936
1299
5060
2416
1384
4428
3339
1607
4699
1749
1585
836
869
3125
883
1243
5302
1883
1625
1693
2234
2840
2604
1297
2205
1014
991
3743
1249
2151
2171
2378
2078
2393
2784
1284
2028
2271
2971
2896
764
823
3129
1050
1709
1636
2629
6127
3281
4141
1627
2361
1260
3032
2078
4384
1893
2496
1013
7675
2878
680
1189
1855
5094
1647
2712
1636
2514
2584
623
1488
1011
2109
2818
2119
671
848
1777
1547
1033
1106
1805
1920
3625
3869
1319
2419
645
1789
1676
1434
1718
2469
2076
2205
1218
1795
4428
975
3535
5535
710
1676
1640
1033
1540
1196
609
1765
1258
3610
1370
1149
1105
2639
1531
1409
1183
1698
808
1492
587
1434
1396
2016
2305
1007
1589
1495
5631
2155
1470
4458
529
3132
4126
885
2361
1907
1645
1352
867
6127
1622
2818
3006
1968
722
1635
2387
2889
4988
1267
1839
3426
399
3174
524
4981
1388
1405
1157
851
2168
2409
2583
2285
836
1005
533
2608
835
3303
1294
2677
715
9314
2465
1111
1558
2867
1373
555
2902
2644
1658
446
814
2971
1983
843
882
5629
929
4136
675
1679
1508
2889
1053
4209
3319
1629
814
940
2418
1595
1543
2465
9314
828
2703
1031
486
1853
2210
1100
2722
1099
2316
2247
663
1260
2083
1722
670
1914
3175
2327
5125
1189
5515
1531
581
2052
1512
2216
4699
2334
1020
6235
2837
1353
4666
1658
598
599
2217
1037
2562
3205
1557
811
1679
639
765
6242
1496
2157
3668
1141
1493
3319
2002
2003
1550
1441
1244
2639
1382
3272
930
2904
782
2210
2588
1096
3743
1338
1431
1261
1873
2837
1992
2465
3257
270
2007
525
4571
4296
1488
1232
1375
869
958
2185
534
468
382
1679
2540
1845
991
1792
1005
621
1930
2393
518
1532
640
1263
369
1759
1860
1819
2446
2907
881
1725
3564
616
1537
607
2016
948
2020
453
1198
6714
1460
2273
4296
1607
1090
1305
3492
3668
5567
4981
831
1338
3073
1414
1339
2334
2436
1228
1108
493
1285
1106
3257
1548
1629
1051
1021
667
2558
3037
1880
882
2037
2372
499
979
3700
1316
500
1583
680
1034
739
2244
1698
1816
1256
823
1873
427
691
250
1239
956
902
885
1853
4434
987
2677
788
1589
1146
918
1965
2446
1258
2837
1545
1913
1871
1637
2060
735
1547
1492
1112
2770
1597
2441
2098
636
1388
739
2777
1030
5567
1577
1600
861
2157
3129
776
2584
1226
4278
1660
1287
614
842
975
2503
4209
1992
2568
1319
2302
7675
1134
384
1420
721
833
861
7675
1152
2185
3492
794
1121
1454
838
255
4250
545
440
912
1951
637
1171
963
2244
1829
756
1885
779
596
1569
2837
290
3907
1214
1340
2078
2002
2210
1607
1693
3168
3492
2616
1886
8546
929
1320
850
596
1292
2877
1310
780
2144
612
3006
2756
4345
550
1266
1093
1405
1064
1525
523
1702
1703
2378
3484
1691
1893
591
1336
2378
751
1162
862
848
3339
780
3174
1128
4428
2541
695
3783
2037
381
1173
762
1120
3499
2939
2327
4049
844
4570
775
1829
2891
528
2878
1297
1672
1417
3625
1835
2840
1666
2987
782
1936
1102
1135
1789
7013
3907
1628
451
3869
2666
2505
2234
1498
567
425
1087
1916
1688
853
1807
910
1187
2973
2503
2805
1434
3242
1518
228
3743
1784
361
737
750
897
1048
837
3163
2185
237
3235
2226
968
600
288
574
1183
496
847
306
1267
4428
543
1294
1131
412
1072
1039
863
4136
1219
1913
1135
561
1131
2030
1183
482
4172
3989
1595
1106
6714
358
455
2393
4659
3032
3211
1262
4735
2994
3073
645
1907
5294
2151
470
2697
890
2948
1370
4284
2813
517
845
5094
585
1235
1150
4345
460
1230
4659
1460
697
828
3499
1157
3628
2040
1783
1387
742
968
1141
1934
1099
2324
504
2052
2760
937
910
1795
1136
1173
1940
1210
1920
1087
1320
2214
1682
2894
3172
456
328
2837
381
535
1931
910
3743
1916
2258
831
3194
910
1671
1873
764
1557
1077
2372
1703
875
1005
331
1183
1620
1011
1585
735
581
492
2711
1191
782
395
750
2015
8546
907
1267
2837
497
468
512
5294
1930
1498
236
5124
390
723
2752
704
298
1603
2061
1325
1855
875
4296
991
727
1101
7013
702
2644
350
1339
1704
4133
579
963
1620
1164
526
1512
771
541
938
1266
2296
2469
2604
1983
945
917
1177
2226
948
1261
3257
3595
978
690
1682
1767
1679
910
436
891
2343
1051
2889
2549
359
3218
1434
1029
2200
3118
1585
4953
1242
1405
4570
1677
3376
1382
1164
1461
4136
1501
2027
5168
8546
880
1220
882
3044
1197
1631
3628
2024
1933
1881
1164
1965
568
1233
910
1031
2049
1458
2302
335
2677
2247
2210
4735
763
3486
655
1713
2469
3535
2666
1370
2248
1229
1821
2409
996
488
1338
866
3926
2650
868
2694
4278
1524
1456
860
4411
6127
3498
935
2703
772
2495
2949
792
523
452
451
2098
703
1785
1147
2616
2756
3787
4049
3363
1075
1183
1041
1781
2032
837
759
2577
2391
1062
871
1140
493
2271
719
3706
932
1244
1129
652
1504
1051
368
2409
502
1043
1194
720
2985
2210
2072
830
294
2389
2112
2020
2703
405
2541
1451
3535
459
1180
391
463
596
1466
842
1197
1832
4521
910
822
817
1919
2164
541
309
1919
2784
1495
408
1919
2173
910
1521
2963
1167
4610
1432
851
2542
910
1916
879
1353
910
3926
1141
1210
1886
4953
1208
910
3303
2417
3363
1951
461
1488
3163
326
2545
1629
5629
1101
1325
3095
648
234
5631
2071
598
955
888
390
2144
2416
1087
430
2014
3595
3037
814
386
1195
1940
1543
1759
1176
2378
1418
5567
765
2029
1680
1387
292
1388
3245
1368
4133
2307
516
584
412
1585
3787
461
357
778
4177
770
910
431
923
413
2441
2628
910
1109
871
1965
432
910
413
508
1229
3112
1129
410
1883
1917
1372
251
422
2015
2171
2949
334
3787
2650
1007
1040
1839
910
5631
1190
1119
964
2751
948
559
1331
1136
475
2512
435
910
910
526
493
2489
1420
1234
418
567
569
1014
910
936
2173
842
910
1150
474
955
774
3742
249
1431
1064
3125
1370
563
584
287
1034
1157
2489
3798
2588
930
230
1089
1913
489
5125
1041
1807
1880
1693
921
1111
902
5535
1462
4126
824
2760
986
4384
359
1648
819
1827
3319
280
3773
2119
1785
292
821
813
2147
2951
1007
1619
2155
1492
1454
1914
3492
1913
6757
1637
281
1119
1664
926
696
1131
402
858
2939
554
409
440
1908
817
364
663
7675
7675
329
543
1454
692
1995
1117
1793
717
921
835
608
1974
1893
411
558
1576
666
1194
335
1840
1244
515
1064
1601
1267
631
1413
3168
1913
334
3237
422
490
4570
1214
375
910
658
1051
910
1118
3473
543
342
814
1691
364
1914
544
488
910
1713
3787
469
2302
1678
890
9314
428
3668
343
1737
3989
910
2623
3303
910
910
2449
775
528
1141
886
789
1781
259
1909
1302
1512
910
282
2608
1687
891
1051
910
1152
2222
1299
2405
445
596
1040
357
270
1704
940
7675
312
1179
1553
7675
327
802
1441
2078
1629
510
456
910
851
1688
2171
4699
794
1230
462
454
382
1222
1695
2343
1052
2814
1039
623
813
2296
1341
340
1916
761
1043
1676
1582
910
715
926
726
830
982
1951
788
2202
910
6242
379
4278
910
896
3694
869
1358
546
910
1466
967
837
930
2028
852
1651
1687
1597
1333
488
910
1393
910
3773
1100
1045
884
278
2722
388
3130
3922
910
745
266
1048
2029
823
1097
910
676
247
2334
412
3237
910
537
1599
1027
2163
1624
696
3926
543
1172
571
1285
1672
910
591
444
491
3907
386
910
641
476
603
1275
910
5515
2109
1750
2985
1945
314
753
730
492
431
2777
1281
412
5629
757
1335
2628
2144
1700
511
1335
974
1205
3218
1306
1679
910
1693
828
1235
910
910
690
2411
480
524
742
2173
910
1933
4126
1640
3087
1805
2324
1076
1785
4465
2752
629
776
3727
1504
234
640
231
1691
1680
735
1550
9314
1011
457
1930
260
1636
1519
900
488
644
2597
1214
778
332
551
956
896
699
941
368
918
1700
2049
1741
934
834
812
5125
2440
1726
2987
3484
1920
1545
323
344
454
3783
1424
910
2389
1418
780
725
862
1129
1235
910
557
1497
3628
1376
545
282
910
354
721
987
1421
2155
1512
2436
723
230
822
2334
1634
2007
910
2007
910
352
910
243
1051
1838
285
488
814
1406
520
3773
1679
1324
915
3486
1249
228
2103
3004
1076
2628
844
910
6242
1540
1228
717
1631
1829
439
2021
3907
3130
870
1179
1835
2168
659
329
1785
3688
850
734
686
235
910
461
353
462
291
901
705
5060
910
2244
884
3023
331
3426
910
1968
514
4209
1144
910
421
910
2973
1885
910
535
561
1213
1627
310
1496
3130
3700
3499
4988
748
1258
688
1119
1153
240
486
910
2436
910
413
2155
1173
790
1196
910
910
1053
1316
910
4136
2021
1553
884
910
1021
1885
2505
585
1716
574
1909
2205
996
1512
6127
910
390
910
910
2307
1672
718
2217
2694
910
1214
3952
457
910
2712
910
910
1106
1950
903
367
2896
910
4022
910
467
910
3037
488
562
910
490
2307
629
1046
258
507
1871
4981
3237
910
1933
1073
1945
498
243
1190
539
450
418
782
910
1116
617
1443
707
1075
4699
346
945
535
534
910
869
2558
459
1842
1135
7013
1726
4177
910
4250
3989
367
1073
513
829
521
1077
1862
1187
2334
549
606
470
4284
759
440
6235
442
444
1737
910
1119
707
644
843
1382
2009
910
523
835
289
910
471
575
2125
910
910
1132
910
964
565
4465
329
402
3798
1601
475
415
910
3194
910
910
4141
432
2111
263
2721
1883
907
910
1280
459
2496
4988
2334
910
1177
469
1928
685
880
629
260
1840
816
910
752
910
2076
2391
9314
1995
288
1066
7675
467
2902
1974
647
1406
583
3688
2587
705
3003
910
1412
624
910
910
468
1607
910
910
683
910
1114
910
757
871
1007
830
1177
910
1760
1243
775
648
2440
910
910
492
2419
1020
2406
910
910
1205
2889
910
910
1353
669
275
910
910
628
770
910
1934
4141
499
1185
1704
392
910
2587
2157
4384
770
310
364
2505
1729
1088
910
3470
3743
947
880
3044
1557
1020
396
1284
573
297
1783
910
3257
910
1503
2896
676
3237
1930
3498
1524
742
1886
504
780
3303
753
910
910
910
1090
910
516
910
861
1582
1893
1622
1726
333
910
464
2753
2382
4571
2354
703
836
658
1965
910
910
296
910
3492
680
1287
910
1043
910
578
910
326
1907
910
910
1555
910
2029
6757
975
910
910
480
1054
456
1166
1179
2608
6757
1709
3237
892
1512
975
1185
910
1785
464
473
3205
244
6242
2987
725
260
1842
1171
952
910
4571
910
910
309
3625
910
505
910
282
3235
1879
4735
602
910
1880
750
327
2495
1358
910
963
813
2549
238
910
486
2109
4384
304
1093
479
1647
1909
910
910
1261
1497
609
1284
4411
991
2449
1907
910
910
597
1263
910
2752
1329
277
910
1035
966
636
910
1373
460
499
2338
1827
910
910
2491
228
2514
2889
561
592
884
910
3595
2444
316
910
310
910
743
2777
343
910
446
1388
910
910
1335
5631
3455
910
1310
1930
3023
3742
1384
1184
910
358
710
1037
910
2028
910
1631
821
2951
910
8546
2119
502
1228
523
498
3303
543
910
514
910
633
3798
330
910
5515
1061
910
230
1581
2826
347
910
533
2035
6757
910
688
910
454
1724
2496
591
921
910
910
1779
3952
910
1531
301
910
486
450
2234
910
1167
353
910
910
910
543
910
2016
1760
521
3004
910
3625
2409
3129
910
309
523
852
987
5125
1183
910
2101
910
1934
4345
910
910
2756
1417
2418
3257
910
910
1779
427
1304
2751
707
1011
442
536
500
1800
1055
986
228
910
516
910
479
3375
910
692
3470
968
1593
1873
1150
577
910
910
3742
910
1593
696
1458
3130
517
910
413
910
516
2112
1105
4345
682
2514
508
1631
5302
3727
3784
910
2545
910
228
3743
910
910
910
1168
910
1117
910
343
870
720
3006
910
910
1073
2021
932
678
3111
1135
1451
910
910
910
910
4278
285
251
1100
434
1919
1698
852
4610
1307
910
910
910
2358
619
1025
1621
714
781
2098
2391
393
589
910
529
910
723
910
830
1581
910
910
1741
910
910
910
2604
910
843
421
503
1862
910
910
1456
2540
420
756
910
228
2896
1827
2316
727
1033
2157
910
526
4126
1513
3068
910
2200
437
621
910
817
910
910
1230
845
591
798
284
8546
1118
910
910
2003
639
3668
910
910
910
1005
1749
2568
472
910
533
769
910
872
1965
910
896
910
1308
719
910
910
680
959
465
599
448
910
2285
1127
910
242
3700
545
2201
894
1001
910
1358
456
228
910
397
655
3211
742
1169
1525
5168
4296
1222
2224
1373
910
5535
3455
993
1154
910
1029
510
2491
1144
395
316
4345
1177
910
671
3668
1779
1493
666
314
797
910
278
2214
434
602
910
2196
2558
5515
910
910
1524
4521
910
6242
429
228
294
1409
910
1213
488
886
2784
910
1287
3032
291
3129
910
910
991
910
2028
782
910
555
288
485
498
910
982
5629
364
236
910
910
910
250
910
1325
2032
910
246
4428
910
910
269
599
910
2152
1454
4136
2784
2007
910
2597
833
2542
477
910
910
1388
910
609
929
543
2639
910
910
910
707
357
910
527
910
910
910
1647
2004
850
686
910
641
910
1982
910
1162
380
1262
273
781
487
255
1075
747
3700
1134
910
910
285
910
519
2244
910
910
235
1194
950
1365
910
2205
910
910
735
698
279
910
698
3281
1958
910
910
910
910
343
387
308
910
622
238
575
910
910
477
1434
3659
2217
431
910
910
960
545
910
910
910
457
560
282
920
356
335
910
910
555
910
910
910
910
910
452
378
910
910
910
910
1896
671
2697
2411
752
2703
338
910
910
910
910
303
910
1532
910
1050
910
910
910
910
3784
419
2178
910
1359
3784
1047
910
1658
266
1287
411
910
3095
2459
707
771
910
2495
1226
4659
910
910
3111
232
910
2024
910
910
910
2173
444
2358
1842
1593
3989
1108
5294
910
910
696
400
2542
1555
910
331
910
910
529
3429
910
1690
797
1881
910
520
456
910
736
228
910
910
910
910
2405
2046
1173
910
910
793
620
2002
910
848
645
910
910
2623
873
665
910
910
1687
1595
910
722
910
2210
848
910
910
910
1021
1174
2891
1965
883
561
865
4384
301
910
1731
1018
562
3773
1156
1132
560
1319
3111
240
1340
2951
910
426
304
910
3087
2584
1195
428
910
4284
2212
4610
910
1722
1679
910
910
2949
2155
8546
542
903
910
910
910
910
1992
910
910
910
910
910
910
910
910
1607
1185
1093
776
2587
2406
2185
669
910
910
894
910
671
613
511
910
910
910
865
1445
552
963
440
376
1232
1267
2446
910
1157
2021
471
354
2973
910
704
910
910
464
910
910
910
910
419
355
956
910
910
1581
814
910
2040
910
561
278
3412
368
910
1625
910
1387
306
1019
1119
910
910
2440
519
910
3087
4981
294
2049
910
2125
910
3426
917
910
2491
910
1691
910
1536
1907
1045
3499
231
3773
359
910
742
910
568
910
880
910
856
7675
246
1399
910
910
496
910
1698
910
910
651
394
277
2021
268
511
562
1928
910
910
422
3339
302
2028
910
559
910
910
254
1399
8546
1434
910
4465
2406
1910
910
262
910
379
3659
305
910
1040
256
910
910
3412
1471
910
553
776
6235
2650
2949
910
1234
910
910
1709
910
705
910
1095
2818
3003
368
910
3118
2098
910
671
466
2562
910
910
830
354
237
2387
1593
910
910
318
2090
1093
910
2024
248
2650
910
615
495
1552
741
910
910
2168
910
1341
1488
910
910
910
910
804
910
910
535
299
910
1805
776
910
910
929
555
3032
910
1138
910
910
709
6242
278
3003
910
667
1968
2756
910
1194
914
1871
432
910
645
910
979
799
910
910
456
1688
910
2212
2296
957
296
1995
4172
771
365
910
910
910
910
554
910
1034
910
1349
1583
917
910
910
713
1048
910
1162
910
910
548
1629
910
1101
910
617
454
910
910
817
1641
317
910
5060
819
910
910
910
289
910
910
910
2616
910
910
910
910
2963
910
910
942
910
910
910
910
1965
571
910
910
411
2549
1725
910
3265
910
5302
910
910
269
910
910
443
910
910
910
991
282
459
4049
897
436
1873
910
910
755
910
910
843
2224
910
1230
910
910
355
3869
1607
1104
574
274
440
3095
2030
1040
910
910
910
959
910
279
910
910
2459
3095
510
910
910
910
2009
805
1010
411
250
1913
389
910
319
910
910
656
910
1512
448
842
910
867
860
441
1141
910
440
910
910
910
910
2505
910
288
1880
1305
1908
286
986
249
910
658
910
910
753
910
910
910
2446
1916
910
910
910
1643
497
910
910
910
910
910
1222
910
910
1131
622
3595
313
910
509
910
2096
1731
1214
1061
910
4022
910
910
910
485
1488
910
910
4703
401
910
910
590
2489
704
910
2291
910
1664
910
412
430
910
235
910
910
2623
2071
1785
847
791
1583
723
910
399
910
910
910
910
910
1196
785
1095
910
910
4666
910
910
510
755
910
2378
910
1146
910
910
910
910
910
910
282
919
1395
259
910
910
244
910
910
910
910
823
1645
910
970
910
910
1470
910
910
910
520
1508
364
910
1218
1136
910
2343
910
2440
910
910
2541
606
335
910
910
1540
848
910
910
2542
373
973
910
910
910
267
910
468
2837
234
4377
910
1700
910
3783
4434
910
910
1622
1178
485
257
910
1030
910
910
910
910
485
910
910
3363
341
910
1973
3303
1253
910
910
1443
910
477
1180
2628
910
1787
6235
910
910
948
676
910
910
3003
2837
1029
394
910
910
910
910
910
751
910
1111
910
910
910
457
910
910
1709
910
307
631
910
1671
450
2446
910
910
910
910
2217
567
910
910
1513
306
1419
2378
3564
910
794
847
910
1001
450
910
910
910
1018
910
316
1518
910
910
1688
435
910
910
910
4345
910
910
910
3668
910
6757
910
259
431
910
910
910
491
1718
416
383
228
4278
910
404
910
2644
910
910
910
910
837
910
1209
456
1495
253
910
910
910
910
527
603
1475
1513
910
450
910
496
591
428
3628
910
910
1594
910
241
910
910
244
910
762
2449
910
910
910
925
1147
910
671
910
1688
1318
1716
910
1682
910
910
6235
910
1235
910
910
910
910
1063
910
5125
534
822
910
1212
1709
910
243
910
1511
910
910
1183
910
2826
821
910
910
5168
910
910
1601
910
910
3922
915
910
910
767
910
948
1027
910
3727
910
234
2751
1914
910
910
1589
333
434
920
910
553
910
3006
910
2378
910
470
2080
3303
694
910
910
395
453
910
1037
910
910
1165
1764
548
1056
1488
910
294
910
910
910
910
910
1513
4141
3499
910
776
288
910
436
454
910
500
910
347
910
910
910
910
1454
413
658
1302
3339
910
910
910
1266
3484
2514
910
910
910
763
910
910
910
910
910
395
910
1777
910
3044
910
319
675
910
2334
910
2101
910
910
234
917
6242
1968
785
472
759
910
2505
2514
674
910
910
3778
910
1333
910
910
910
710
595
910
910
910
2021
910
910
910
325
361
752
436
616
347
910
910
997
1205
1452
910
910
910
2545
2904
678
910
1307
910
910
910
737
910
1215
910
910
831
470
273
910
2963
1308
910
910
910
2072
933
8546
910
910
910
910
482
532
910
910
3783
2608
3376
910
957
254
529
910
4126
239
910
910
910
5124
361
1713
910
1131
910
910
910
2562
910
232
2416
828
431
977
910
300
1167
910
1973
452
2562
910
910
910
599
1135
514
910
910
910
910
1909
807
910
250
910
5515
910
910
910
910
528
910
1052
3798
910
2214
910
622
592
2343
300
910
910
2444
910
910
910
1698
397
778
910
910
910
407
556
910
910
2904
511
722
910
910
910
910
1976
575
910
1982
678
2046
910
228
910
390
910
784
250
284
910
2411
910
768
2028
910
1027
1184
910
726
1099
910
910
910
910
432
237
910
408
910
910
4027
1260
910
302
910
910
475
910
754
598
910
2164
910
910
2877
910
390
910
910
910
396
1860
910
910
865
2949
910
3023
910
355
6235
261
910
485
784
229
682
910
910
910
910
910
910
910
4296
910
1174
422
632
479
910
910
910
910
910
1398
392
4209
910
910
910
1552
2813
1409
910
759
910
229
910
3303
528
910
1792
910
910
1172
2907
1388
517
505
910
910
910
1496
910
926
669
910
910
910
3132
1197
910
1599
748
910
1569
910
1677
910
429
910
2666
460
910
619
910
910
910
910
305
910
462
910
576
910
910
910
910
910
5125
666
910
5060
879
910
2597
2098
910
910
910
458
1320
1262
269
393
2302
245
1043
910
910
910
514
910
284
910
910
910
910
4278
235
2244
910
1631
867
910
1966
516
910
483
910
910
910
411
910
910
910
317
910
992
1765
910
910
910
3688
910
2244
910
910
1061
1663
910
1010
910
4571
289
262
910
1194
910
910
910
910
505
355
910
293
6714
270
960
411
2446
2021
1796
1244
910
910
1473
910
445
910
1418
248
2021
304
2009
910
910
910
910
479
1950
440
910
9314
1249
910
910
621
538
910
910
910
1352
910
910
910
535
910
457
910
910
910
910
3470
910
910
910
786
611
1361
910
910
2201
240
910
910
776
910
910
910
910
1329
910
910
910
4177
4411
282
910
910
910
910
422
910
2224
910
392
910
996
5124
910
910
620
910
299
2949
910
910
910
910
910
910
884
2125
462
910
910
3242
836
910
910
910
910
588
910
271
910
910
811
910
910
910
910
910
333
2391
910
801
3044
1258
910
910
910
300
910
910
2583
4666
391
910
910
879
910
331
910
1729
267
910
910
910
2444
910
235
306
910
910
910
910
588
2372
1704
910
910
910
4133
910
910
910
389
910
1855
910
910
910
910
910
910
910
3766
910
910
910
907
910
917
2009
910
613
525
910
1940
1235
910
3539
350
910
910
354
1488
793
510
910
566
544
4428
1414
2949
910
3455
353
910
910
1025
2889
910
910
910
910
271
910
476
910
910
910
910
3205
910
891
910
989
910
1916
1073
910
910
817
1764
263
910
842
1660
2818
910
517
910
910
910
910
910
798
910
722
388
469
910
910
910
239
910
365
910
910
1281
910
2393
2948
910
910
910
266
426
910
1118
910
2459
910
910
2489
910
910
910
1445
910
353
309
910
910
910
910
2545
910
437
5302
764
1414
910
910
2258
910
297
910
910
2877
910
357
910
910
910
910
3174
910
379
910
244
4126
910
910
910
671
910
305
910
910
910
910
1537
2826
1460
910
910
324
229
1577
910
910
910
1691
910
910
2514
429
910
910
391
500
910
910
276
910
910
910
910
282
910
910
910
910
470
412
396
910
910
2616
910
910
910
987
910
910
9314
1243
910
463
910
910
910
910
910
857
910
309
910
757
910
910
910
457
910
919
910
910
910
4953
910
910
910
910
910
910
910
910
553
910
910
409
910
910
3095
910
910
455
490
336
910
910
910
910
910
910
910
910
910
910
910
6235
270
4735
910
910
910
910
910
3068
910
232
362
808
1153
607
910
2007
497
2076
2021
910
245
910
648
910
1214
910
547
910
1555
910
910
910
910
910
910
910
1519
3787
1453
910
910
3989
1232
910
1583
910
356
910
1680
910
910
910
1141
910
1928
978
3610
910
910
3455
910
910
1141
910
910
2207
835
2078
910
910
910
910
910
861
2805
910
1432
863
2889
910
843
454
910
910
910
1313
910
270
2440
292
910
910
1687
457
5631
910
910
437
1205
717
729
1293
910
910
816
910
910
267
2588
910
254
910
910
910
410
910
910
1651
743
910
910
2060
910
910
1689
711
1594
910
910
910
910
910
387
910
946
910
2411
910
910
333
910
910
910
1907
436
910
4377
910
2891
514
828
910
298
1827
910
2178
910
910
910
818
910
910
910
242
910
910
910
910
910
910
910
910
910
6757
910
910
910
910
910
910
2345
910
910
910
910
910
910
910
910
910
3087
320
910
3006
2378
910
910
910
910
910
1127
2111
910
910
910
910
910
3499
910
910
910
555
1471
910
301
2205
910
910
910
910
373
910
910
910
910
1303
228
285
3175
5125
1014
910
910
228
910
910
910
393
910
529
910
2152
910
910
910
3242
910
890
910
910
910
910
910
910
910
910
910
910
2098
2291
668
282
910
910
2212
3265
910
275
910
250
5567
1012
910
910
705
402
3610
910
910
910
868
910
910
1349
498
910
910
910
910
2541
910
910
235
7013
910
1101
1682
910
825
910
460
910
910
910
910
910
2201
910
635
910
1845
910
861
910
910
910
910
910
910
8546
910
236
454
910
910
456
910
380
910
910
910
2098
910
910
910
910
910
968
910
910
510
910
565
910
910
489
910
910
910
594
910
910
742
910
910
910
910
910
910
3486
910
910
547
267
910
2629
910
910
652
910
910
910
910
278
1545
910
3473
910
910
3044
910
910
910
1149
910
361
1581
3470
1664
910
686
910
910
1262
910
470
910
910
910
910
910
910
910
250
910
910
3907
910
910
910
910
233
261
910
910
729
910
910
910
910
540
394
910
910
910
910
910
910
910
910
910
910
910
910
910
910
450
1118
910
910
910
3766
910
910
910
523
910
1662
229
910
910
1880
910
3281
910
910
910
910
910
910
836
910
910
454
910
712
910
689
4458
910
1592
1288
619
2489
910
910
1821
1951
910
910
910
910
3130
910
910
5515
910
3766
910
534
3743
910
910
910
945
1407
910
910
910
910
1287
910
428
1306
3023
3044
551
2109
910
1034
910
3242
910
910
565
910
910
4022
910
910
2155
1183
910
910
1829
6714
910
302
910
910
910
2644
910
910
910
2963
460
1661
271
265
910
910
910
2258
1256
414
910
2629
910
910
910
910
910
910
910
242
910
910
1445
910
910
910
470
910
310
3742
1741
2109
910
233
910
910
910
404
910
435
1143
910
910
910
910
910
910
910
1162
749
9314
910
910
910
910
910
3172
910
910
910
910
2446
233
2273
910
910
910
561
436
910
910
910
910
910
910
2103
910
256
910
910
910
910
910
910
1767
910
910
1173
910
807
910
910
910
794
910
2577
910
910
3498
910
910
1370
910
910
910
910
493
910
4666
910
910
910
910
910
910
910
910
910
910
1039
910
1880
910
910
910
910
910
910
910
910
474
274
1114
910
910
910
910
910
910
1141
910
632
458
1689
228
910
910
2216
1014
910
910
910
910
910
910
9314
910
910
910
910
910
910
284
910
910
650
910
910
363
1571
910
910
910
910
910
910
910
910
4172
1281
910
910
910
273
282
910
910
910
910
910
1488
1213
910
910
910
902
585
3426
910
910
1662
1503
243
790
1132
346
910
910
910
910
642
4610
1247
910
2751
910
1174
3457
910
910
910
941
2028
910
910
910
910
910
910
2173
910
702
910
910
910
900
699
2101
375
910
910
910
910
1198
910
910
4666
910
1968
2587
910
910
910
910
1496
910
910
910
910
910
910
528
910
910
910
976
1940
910
910
910
910
509
910
910
910
910
334
910
1424
910
910
910
944
7013
910
910
4735
910
910
910
1141
910
910
987
910
910
910
465
910
910
910
910
545
3242
910
910
910
3778
910
910
3132
5124
910
250
253
910
338
322
1313
910
910
910
910
910
910
1759
910
910
910
832
910
910
910
1241
910
1479
910
910
910
910
428
910
910
765
788
910
910
910
910
910
3539
910
910
263
910
910
910
910
910
242
910
910
495
910
3112
564
910
2837
910
910
910
491
910
910
910
910
910
1291
910
910
2444
910
910
910
910
2583
910
662
910
910
910
910
910
910
622
910
910
910
3484
910
910
6127
910
923
3539
1974
910
857
910
910
910
910
2358
2273
910
910
2327
8546
910
910
910
910
910
910
910
910
763
1061
910
910
910
910
807
910
910
910
385
910
910
242
447
241
910
910
765
1120
910
586
420
910
910
2224
910
231
910
910
617
514
910
910
910
910
910
2889
910
910
1857
813
910
910
910
910
910
910
1388
759
910
1357
910
910
910
796
910
910
488
2406
910
910
910
910
399
307
910
910
910
497
2004
910
910
910
697
910
910
910
910
760
910
910
910
910
910
910
910
910
910
910
1919
910
910
910
1672
910
910
910
910
910
910
2411
910
910
1785
910
910
1702
910
2004
910
910
910
910
910
910
910
2201
910
910
2902
910
910
910
910
910
910
584
910
910
910
910
910
910
910
910
910
910
1137
1909
910
910
423
811
2418
910
910
910
572
2503
910
910
3742
910
910
910
910
341
910
432
910
1662
910
910
757
910
579
910
704
910
910
3784
910
910
910
2021
910
910
910
910
910
910
910
910
3132
910
910
601
910
228
715
910
248
910
3784
910
910
1242
910
1340
910
585
910
910
910
910
910
910
910
910
2703
910
695
910
910
910
2583
910
910
910
910
910
910
910
910
3412
910
910
910
910
910
910
910
548
233
910
405
910
910
1194
910
910
236
910
381
910
910
910
910
910
910
271
1443
348
910
275
1180
910
910
910
910
369
910
910
910
1601
910
910
910
910
406
910
266
2382
754
910
910
376
910
910
321
446
910
228
910
910
3773
910
2587
910
460
910
910
910
910
910
2711
910
544
910
910
910
910
705
910
253
910
910
910
910
910
910
788
910
910
910
910
910
2247
910
1229
910
910
910
910
910
6235
910
457
910
910
910
910
910
1421
910
623
910
910
296
910
910
910
910
910
916
910
488
910
910
910
910
910
2052
910
475
910
910
910
910
910
910
910
910
910
910
326
910
910
910
910
910
910
4458
2994
910
910
910
1033
910
910
910
263
910
910
716
910
910
910
910
910
910
910
910
910
910
597
910
910
2151
910
910
910
910
910
910
910
910
910
910
910
910
910
910
1010
846
910
910
270
910
910
910
910
910
910
910
910
910
1645
910
951
910
910
989
910
910
910
2248
910
910
910
910
910
910
910
910
910
910
788
2201
910
910
910
910
910
910
910
880
910
910
910
910
910
230
910
910
910
910
910
910
910
910
910
1376
910
910
910
238
832
910
910
2028
910
910
910
5294
910
910
910
910
910
910
910
910
910
611
910
380
2296
910
910
1205
910
886
4177
910
910
910
910
910
910
904
910
3265
910
910
509
910
910
910
910
910
1454
910
910
245
910
910
910
910
3470
1593
910
910
910
274
910
910
