1717
898
1717
1296
1466
898
2267
1188
2479
2459
1080
1933
916
1153
1629
846
1067
2267
1052
1453
997
977
1386
1010
1121
1466
1569
2667
821
1608
1451
2479
1499
1160
916
543
1000
1462
990
1472
1067
917
1608
1470
865
1457
1160
1003
950
794
1679
1338
975
1735
1160
1098
997
693
577
777
1569
2667
5058
846
1052
472
1779
756
1888
483
1000
975
374
821
577
1278
1629
1353
1456
1165
713
1243
400
1346
927
1456
1296
844
684
920
1121
600
514
1076
590
416
1216
914
2615
1135
1462
673
581
731
1420
224
1920
480
1162
623
799
1766
1261
719
1081
1348
1420
482
1933
956
362
855
709
5058
1346
626
660
1016
591
1121
435
418
1705
817
828
1499
572
492
1160
1037
1122
2459
770
793
1345
349
1270
2802
709
225
1182
2802
988
840
749
684
432
652
885
1251
1026
1062
1559
1451
382
468
210
1006
818
783
376
1472
1162
625
673
535
758
560
1516
637
641
1040
668
1188
401
1081
1102
1852
409
1643
417
378
1311
1635
389
1261
473
476
917
1067
1162
950
2615
840
456
1635
1353
1729
493
982
1388
1386
306
694
2083
496
541
289
808
726
626
1356
1276
1003
1305
1998
337
1160
730
505
738
725
3006
595
1130
684
1040
1045
689
557
653
1603
1592
379
984
327
348
561
1070
2083
840
893
244
3006
1153
357
1248
995
734
840
791
439
699
416
823
770
348
478
345
524
966
595
476
840
902
1289
1744
924
276
1797
720
503
1135
956
377
949
758
1744
1592
755
840
234
349
495
702
210
893
1027
509
836
788
907
304
1998
1244
433
561
1478
1456
598
993
2122
487
640
906
886
3006
628
641
647
5058
1030
459
712
982
975
402
501
797
1062
670
1091
422
1457
229
848
886
1311
1356
826
1182
541
893
414
726
556
640
575
387
870
328
1217
401
221
840
782
418
231
393
220
720
352
1053
562
660
407
402
1276
744
840
434
952
2479
565
840
836
1453
840
596
960
496
617
371
777
458
675
425
840
685
551
624
2019
840
435
1157
855
1105
1067
840
840
439
840
746
405
573
1019
705
347
2980
840
840
746
1325
581
828
493
327
789
1070
1643
308
1279
840
319
943
867
447
840
730
374
840
811
1016
1227
1080
840
1483
380
680
1766
609
840
838
840
1733
407
840
1157
603
819
453
891
281
225
524
369
1162
840
1236
875
476
300
428
1348
1852
210
1245
662
403
1347
430
492
277
2267
650
338
431
840
1405
527
840
294
734
815
223
433
1236
383
556
244
647
422
840
277
1603
490
304
322
840
699
550
840
840
1345
598
229
214
557
2096
840
584
840
746
644
412
1077
363
247
264
647
306
840
1325
682
617
220
554
840
436
1163
885
963
909
840
227
1038
924
840
360
488
627
840
1559
848
840
1796
500
1160
977
392
482
867
840
1627
753
941
840
4330
2096
929
426
210
840
1569
227
623
341
840
840
559
840
1559
940
311
840
335
575
840
499
401
840
931
609
244
1773
1295
647
840
840
840
542
840
214
840
363
324
793
840
1351
1289
296
508
306
433
507
1254
840
2179
840
840
840
583
840
416
660
1001
1920
840
1091
321
416
654
1767
840
725
840
565
881
2242
840
840
1629
513
226
277
1029
2980
600
840
491
530
299
440
840
741
482
569
500
1368
840
629
619
250
840
840
840
1953
697
730
1165
346
660
838
840
840
920
1388
415
3683
2179
670
840
248
893
840
840
314
1387
378
231
411
1135
425
318
437
921
840
840
671
840
893
270
840
687
840
374
2099
840
638
285
840
364
701
286
840
1347
443
1627
211
443
227
840
1888
296
587
799
633
840
1152
840
463
437
665
408
420
332
382
1019
840
1797
224
690
568
362
1077
391
840
840
430
418
572
611
960
290
840
840
1733
840
748
840
840
472
1245
840
305
1940
840
226
887
316
245
370
1135
1012
231
210
390
679
450
444
283
360
448
777
1243
988
840
327
840
840
909
840
430
840
840
406
840
422
369
1076
818
411
840
840
840
840
325
583
1026
210
593
409
670
840
644
298
476
995
639
3370
840
305
840
662
317
840
840
399
818
402
840
1608
1635
559
338
674
840
410
457
240
210
840
763
840
1661
1127
1027
482
840
230
645
840
840
840
689
840
840
216
840
357
606
840
290
1623
301
218
406
268
421
1053
840
840
506
840
744
840
840
840
1729
302
840
840
840
1348
644
1361
691
840
670
840
840
644
840
606
268
285
840
840
590
568
376
840
973
840
210
2980
840
840
356
840
840
1160
606
465
840
1453
299
1502
840
840
825
701
1405
484
1953
840
696
481
840
220
1622
777
1305
311
782
840
269
840
984
671
969
1451
1623
491
558
630
376
763
840
840
234
1387
840
1836
840
840
2242
840
575
824
332
510
840
327
441
840
398
408
1307
638
840
297
840
914
840
840
840
840
698
977
1338
840
840
840
840
840
552
1779
840
1029
1000
809
3370
840
840
840
916
840
840
1970
275
840
840
840
395
568
840
459
773
840
840
840
840
848
655
974
430
840
374
840
433
840
586
840
840
416
1195
840
693
597
840
840
210
840
579
309
840
488
1502
221
840
840
840
840
440
647
1466
358
276
395
292
840
840
840
491
840
840
310
840
840
2512
840
840
840
1091
840
260
606
1679
840
1261
279
572
1361
1071
502
840
840
840
648
1098
840
840
594
357
840
840
840
289
595
840
257
638
1311
388
784
1351
840
1278
290
269
2802
1622
506
467
594
255
1499
556
253
377
840
800
237
316
840
927
874
840
840
1622
840
2980
316
546
840
840
528
840
840
840
840
219
639
840
972
840
840
840
840
840
840
557
840
840
840
504
794
840
279
840
210
2362
1121
929
660
840
840
287
840
840
840
840
409
840
840
799
840
555
840
213
259
288
399
840
497
474
2512
840
271
505
840
840
840
840
883
576
538
210
469
840
891
840
250
840
840
261
840
840
842
302
1236
668
400
582
228
235
840
1361
543
840
630
840
1571
840
840
840
741
840
311
840
321
840
840
642
2243
788
840
423
1603
840
840
840
393
1643
840
789
840
840
840
829
410
840
840
397
840
840
2980
840
840
540
840
306
840
891
840
840
840
840
215
411
366
840
840
840
840
840
840
579
286
840
840
276
840
840
840
659
764
350
840
840
222
840
562
504
800
559
1000
227
1025
840
275
333
840
632
475
756
840
840
310
210
840
277
596
321
1236
715
2615
1006
840
840
840
420
840
840
248
562
210
840
436
840
840
840
240
3006
1139
256
840
840
840
840
528
840
1061
210
840
840
2208
1102
840
840
1294
576
1361
840
840
840
840
840
515
228
840
840
670
840
840
1356
290
840
840
210
334
840
459
449
411
840
840
840
840
840
840
840
254
840
840
554
840
840
547
840
840
840
393
840
840
698
1002
840
840
840
840
840
840
840
840
840
840
1797
711
840
840
248
840
363
248
1030
410
273
908
840
509
223
393
840
840
423
840
892
840
488
840
223
840
840
814
840
840
840
513
840
840
840
526
676
840
840
840
2242
840
840
840
397
840
1346
840
302
840
434
291
840
840
210
593
840
2243
239
333
1361
514
840
1121
840
840
840
840
758
352
840
840
840
840
840
840
317
833
366
840
1325
245
840
840
840
840
266
1478
439
840
840
840
840
840
840
840
840
840
697
840
508
840
840
248
840
840
840
369
840
840
840
840
840
840
840
840
228
459
246
840
675
840
330
840
946
840
840
840
840
401
840
840
840
840
840
1812
210
978
425
840
840
248
330
840
1420
289
973
699
217
840
840
430
819
1796
840
725
840
818
840
840
840
840
317
344
210
840
1135
364
840
840
840
840
840
3370
840
378
840
1160
840
840
840
1472
636
840
840
840
840
2479
840
990
407
840
840
522
823
244
361
1345
464
577
1559
319
396
784
840
840
840
840
297
746
840
840
840
840
840
840
840
382
840
282
840
244
840
840
840
840
840
840
840
568
322
840
840
840
840
499
1917
513
840
840
253
274
840
840
840
840
840
840
840
840
840
415
633
840
840
1804
757
840
595
840
438
840
840
840
332
840
840
840
840
840
225
1122
521
987
840
840
527
840
362
840
840
475
840
951
840
840
840
474
840
840
840
840
453
599
382
840
840
281
215
795
1178
1796
367
840
840
255
840
840
840
840
840
246
633
840
840
840
831
1248
353
840
902
840
323
488
840
840
840
840
840
836
840
2122
840
840
572
405
732
332
840
840
1970
840
840
840
840
840
840
840
324
840
1571
840
840
440
435
840
840
840
220
356
840
840
1888
797
463
567
2019
840
840
2615
257
840
840
840
603
840
840
840
840
840
289
290
840
374
1592
840
840
840
840
840
840
840
539
840
840
1940
840
508
653
840
840
840
840
840
840
840
840
840
840
539
606
840
384
840
840
383
840
840
443
526
840
840
840
840
812
212
840
840
840
840
840
840
444
840
313
518
591
840
1627
840
1773
840
300
840
840
840
215
840
840
673
840
267
840
263
840
229
840
840
840
234
840
840
840
840
253
973
826
840
840
840
840
840
840
840
369
840
840
840
840
840
243
840
424
276
464
840
294
840
840
394
840
213
250
840
840
840
402
840
840
719
840
228
2459
840
378
840
840
840
840
840
840
840
840
216
840
287
840
210
840
840
840
840
962
840
1001
840
840
840
573
840
840
840
840
300
840
840
210
1307
840
840
256
840
840
1024
840
840
682
370
840
646
840
840
840
643
240
1205
840
742
840
270
840
381
840
2242
840
840
378
840
840
840
1127
840
840
840
840
840
323
1049
840
840
234
2876
840
840
364
840
840
840
840
840
840
840
840
226
840
1270
840
456
346
840
840
350
840
840
840
840
212
840
840
840
840
840
840
840
840
840
507
720
840
840
476
1003
840
840
840
840
216
840
840
840
563
360
840
840
840
3006
540
623
840
413
245
840
553
840
840
329
428
840
840
263
840
840
840
840
840
840
840
1002
571
210
840
840
840
323
840
840
840
1362
840
840
840
216
403
840
840
840
840
840
840
840
840
303
840
662
210
840
840
1998
840
840
283
840
294
1088
752
840
1049
210
840
906
305
840
840
840
298
840
421
840
840
840
840
840
840
840
840
840
545
840
840
840
840
409
840
840
840
840
349
840
503
840
840
840
840
840
840
364
977
840
840
840
840
664
840
840
233
1661
840
840
840
840
577
840
840
248
840
840
840
840
210
3006
840
728
840
840
840
840
840
214
840
840
840
840
840
840
258
840
840
840
840
696
840
840
840
840
1217
840
267
358
469
614
840
840
389
840
840
559
542
840
840
840
840
840
712
840
585
2096
840
854
210
840
840
840
840
840
340
840
840
1584
840
545
3370
1516
656
840
279
2019
418
644
840
840
735
840
302
840
840
840
840
840
840
840
840
314
840
840
840
342
840
840
909
685
840
840
840
398
840
213
210
840
840
840
840
840
840
840
246
840
583
840
840
840
840
869
840
840
840
337
840
2099
840
840
840
840
840
840
840
840
840
246
840
840
840
840
840
1502
840
627
840
238
840
840
551
261
840
840
840
840
840
840
840
840
272
840
210
840
840
840
764
1079
840
840
840
840
840
840
848
840
840
638
840
840
840
840
840
840
319
840
840
436
840
840
840
840
840
840
840
840
840
840
840
840
840
840
840
840
840
366
931
840
326
840
840
840
840
840
252
229
840
840
407
1053
706
840
840
840
840
840
840
840
840
600
840
840
840
840
840
840
233
840
256
424
840
339
221
280
840
840
840
840
840
840
840
840
840
840
214
840
840
840
840
840
840
931
840
840
840
840
840
840
840
894
840
840
840
577
840
840
1292
1052
489
840
840
215
840
840
840
840
840
840
457
1387
840
840
1000
840
225
840
840
840
840
840
840
855
840
840
840
840
266
840
276
840
840
840
840
1653
840
840
840
840
840
840
840
1077
840
840
840
840
840
1155
2083
840
840
840
840
840
2876
262
1483
840
840
840
840
840
300
840
840
840
840
840
1836
840
840
210
840
840
840
840
840
840
840
840
840
840
712
840
840
840
840
840
2512
386
840
840
840
840
1571
407
747
212
523
840
840
840
840
931
840
369
840
840
840
559
840
840
409
326
840
1186
840
840
840
840
1236
840
442
840
840
630
840
840
840
840
840
840
840
840
840
353
840
1162
840
840
840
840
1160
840
385
840
677
840
840
840
2615
840
840
840
840
840
815
840
840
351
840
840
840
403
840
840
840
840
840
420
840
228
840
840
840
840
840
840
840
840
840
840
840
840
840
840
285
840
840
840
840
756
840
1661
312
840
840
840
840
840
856
840
840
840
840
840
840
840
741
452
840
840
840
840
840
840
231
840
840
840
840
840
473
840
840
840
791
840
840
420
840
840
840
840
840
840
840
510
430
840
840
840
840
840
840
840
210
840
840
840
840
840
840
840
840
840
840
840
840
840
1362
840
840
840
840
840
665
259
317
840
840
840
840
840
840
840
220
840
840
840
840
840
840
840
840
2128
840
840
840
840
840
840
840
840
840
504
307
840
840
243
840
840
840
840
840
840
840
840
840
250
840
840
840
840
840
840
278
840
840
840
840
840
840
840
840
840
840
361
840
840
840
840
840
840
546
840
840
840
840
840
260
840
840
840
840
840
840
840
840
840
840
840
840
840
840
840
840
840
840
636
840
840
231
840
840
840
566
840
347
503
840
292
486
840
840
840
865
514
840
840
840
403
840
840
840
840
840
840
840
837
840
840
840
840
840
840
736
840
840
840
840
840
472
840
840
840
840
840
840
840
503
377
316
306
277
840
840
840
840
840
840
840
840
606
405
840
840
840
840
249
840
451
761
270
840
840
840
840
840
840
840
336
840
840
840
411
840
840
840
840
840
840
349
840
840
840
840
840
840
840
840
840
828
419
840
840
840
840
840
210
840
840
768
840
840
840
840
840
840
840
840
620
840
840
840
840
840
840
840
526
840
840
840
840
840
840
840
840
840
840
840
840
840
840
1826
840
219
840
828
840
1766
221
840
840
840
840
840
840
840
840
840
840
840
734
840
840
840
840
840
840
286
840
1027
840
840
262
2876
840
840
840
377
840
840
840
840
840
840
840
840
840
840
840
840
728
1075
840
840
840
840
840
408
840
1024
840
840
254
840
840
840
840
840
421
372
840
840
840
840
840
840
840
840
840
840
840
840
840
840
840
527
453
840
840
840
354
840
840
840
840
840
840
840
840
840
840
840
840
840
840
840
485
1462
840
840
840
840
840
840
840
346
840
840
840
736
840
840
840
840
840
840
840
840
262
840
840
840
840
333
429
840
840
840
840
840
840
840
840
840
968
1308
1478
840
840
840
840
2876
840
840
840
840
840
840
840
432
840
2179
840
438
840
840
840
840
840
840
840
504
840
840
840
939
559
840
840
840
840
840
840
840
840
840
840
840
840
610
840
840
840
840
840
568
840
840
1618
840
345
840
840
840
840
840
840
840
840
840
840
840
840
840
840
840
840
840
840
840
840
840
840
552
238
840
311
840
840
237
840
840
840
840
840
840
537
840
840
840
840
840
326
266
840
486
1205
412
840
840
459
840
840
840
840
391
840
840
840
840
840
840
289
840
840
425
840
840
840
840
840
840
840
840
840
840
840
840
840
840
840
840
840
840
840
840
840
840
840
478
840
422
840
840
840
368
840
3006
840
840
840
840
840
840
840
840
840
840
840
840
840
840
840
840
840
840
840
840
840
840
840
666
797
210
840
840
480
840
840
1423
343
500
840
840
840
840
840
840
840
1127
690
597
840
840
840
840
840
840
840
840
840
840
840
840
271
840
983
625
840
840
840
840
840
840
840
840
840
565
840
1195
509
840
840
840
840
645
840
4330
840
473
840
840
840
840
840
477
840
457
840
840
840
490
840
1920
840
840
840
840
303
236
840
840
840
840
840
840
840
840
840
840
840
840
840
840
269
4330
840
840
421
840
840
840
840
840
840
840
840
840
840
840
840
840
840
954
341
307
840
840
840
840
840
840
840
840
840
840
840
840
840
840
840
840
840
840
840
840
840
846
840
840
840
690
840
803
840
840
840
840
258
840
840
840
840
840
840
283
840
840
840
840
1917
840
840
840
840
840
840
840
514
840
840
840
840
840
840
840
840
840
840
840
840
438
840
840
831
840
840
840
840
840
840
840
840
840
273
1933
840
840
840
840
840
840
840
840
840
840
840
840
840
840
1278
840
840
840
840
500
840
840
840
840
840
840
840
592
421
840
840
500
840
538
840
840
840
840
840
840
840
840
840
840
840
840
840
840
840
840
2236
2128
840
840
431
840
840
840
840
725
840
840
840
673
840
840
840
840
840
788
840
840
840
840
840
840
840
2362
840
840
840
840
840
335
380
840
840
840
840
840
840
840
840
840
840
270
840
840
388
482
840
840
946
270
840
840
840
840
840
840
840
840
840
840
840
840
840
840
840
840
840
840
840
840
840
840
840
840
840
840
840
840
840
840
840
840
840
264
840
840
840
840
840
840
730
840
506
840
840
840
840
840
840
840
840
840
840
840
840
840
333
542
840
840
840
840
840
840
840
840
840
840
1735
840
840
840
220
982
840
840
840
840
840
840
840
319
840
840
840
840
840
840
559
590
840
840
840
840
840
840
840
840
840
840
840
840
376
840
840
840
301
840
840
840
840
840
840
840
840
1279
840
840
1970
840
840
840
840
840
211
840
840
840
840
840
840
840
840
840
840
840
371
840
840
840
840
253
840
840
840
840
840
840
840
1735
840
840
401
840
840
500
840
968
840
381
840
431
840
840
840
840
247
840
1019
840
840
840
840
840
840
840
840
840
840
840
840
840
840
840
840
840
840
840
840
840
840
338
840
840
840
840
840
840
840
840
840
840
840
840
840
840
840
840
840
840
390
840
840
840
840
840
840
840
840
840
840
840
631
840
840
840
840
840
840
840
840
840
840
757
840
840
940
840
840
840
373
840
840
840
1940
840
840
840
840
392
840
840
4330
840
840
840
840
840
840
840
840
840
840
963
840
840
800
840
1423
840
840
840
840
840
840
840
840
840
840
840
840
840
840
840
840
840
840
840
233
840
840
840
840
840
840
840
840
515
840
1351
445
840
840
840
840
840
840
840
240
840
840
840
840
840
840
1016
840
840
840
840
840
840
840
840
840
840
840
840
840
840
840
840
454
840
840
840
840
840
840
840
840
565
840
840
840
2362
840
644
840
840
840
840
840
840
840
328
840
840
1216
840
840
840
840
840
840
840
840
840
210
840
840
840
840
840
840
840
840
1144
840
840
840
840
840
840
840
840
840
840
840
840
840
840
216
840
840
840
424
840
840
840
840
840
840
840
840
777
675
840
840
840
840
840
840
387
840
840
840
840
840
840
840
840
840
840
840
840
840
840
313
840
840
840
840
840
840
840
840
840
840
1733
840
840
840
840
840
2242
840
840
255
840
1917
840
221
840
840
840
840
840
840
840
840
840
840
840
978
840
840
840
840
840
840
840
840
840
840
341
840
840
840
840
840
840
840
840
840
840
840
840
840
840
840
840
840
840
840
840
829
840
840
840
840
840
363
840
908
240
840
840
840
840
840
840
840
840
840
795
840
840
840
840
840
840
840
840
840
617
840
840
840
840
840
840
840
840
840
840
840
840
840
840
840
840
840
840
840
840
840
840
840
840
840
840
840
840
840
840
840
840
840
840
840
840
840
840
840
840
840
424
840
840
840
840
840
840
560
840
840
840
840
840
840
840
840
840
531
840
840
840
2980
840
840
840
840
1155
840
840
840
840
840
840
840
840
840
840
840
840
840
840
840
840
840
840
840
840
840
840
840
840
840
840
840
840
840
840
840
840
840
431
231
840
401
840
840
840
840
840
840
840
840
840
840
840
840
840
840
475
840
840
840
840
840
840
840
840
840
840
984
840
840
840
840
840
840
840
840
840
840
840
840
840
840
840
1182
822
840
840
753
840
840
840
840
840
840
840
840
840
840
840
840
840
840
840
840
840
840
840
840
840
840
840
840
840
840
829
840
840
840
840
840
840
840
840
840
840
840
840
418
840
840
840
239
840
840
840
840
840
840
840
840
662
840
840
840
840
840
840
840
840
840
840
840
840
840
840
840
840
929
840
840
840
840
1053
312
840
840
840
840
840
840
840
840
840
840
840
840
840
840
840
840
840
840
840
840
840
840
840
840
840
840
535
220
840
840
840
650
840
840
840
840
840
840
840
840
213
840
1347
840
840
840
840
840
840
840
840
840
840
840
840
840
840
840
840
840
840
840
840
840
840
840
840
840
840
840
840
564
840
840
840
840
840
840
840
840
840
840
840
794
840
840
840
840
344
840
840
840
840
840
218
840
840
840
840
840
840
840
840
840
840
840
840
840
840
840
840
840
840
826
267
370
631
840
840
840
840
840
840
840
840
840
840
840
840
840
840
840
840
464
840
840
840
840
840
840
840
840
840
725
840
840
433
893
840
840
840
840
840
840
840
840
840
840
840
840
840
840
840
840
840
840
840
840
840
840
840
840
840
840
840
840
840
840
840
840
1067
840
840
840
840
840
840
840
840
840
840
840
840
840
840
840
840
840
840
840
840
840
840
840
840
840
213
840
414
840
840
840
840
840
840
840
840
840
840
500
1361
840
840
840
840
840
840
840
840
840
840
840
840
840
840
840
840
840
840
840
840
840
840
840
840
840
236
840
840
840
840
840
840
840
840
840
840
840
222
840
840
562
840
840
806
840
840
840
840
840
840
840
840
840
840
840
840
840
840
840
840
840
840
840
840
840
840
840
840
840
840
840
840
840
840
840
840
840
840
840
840
840
231
840
840
840
840
840
840
840
840
840
840
840
840
840
840
840
487
840
840
1219
840
840
840
840
297
840
840
840
840
840
840
840
840
840
840
840
840
840
840
840
840
840
840
840
840
840
840
840
840
840
840
840
840
303
840
840
277
840
592
823
840
840
840
840
840
840
840
840
840
840
840
840
840
840
840
840
840
840
1353
840
840
227
840
840
840
840
840
840
840
840
840
840
840
840
840
840
840
840
840
1618
840
840
643
840
840
840
840
840
840
840
840
840
840
840
840
840
840
840
840
840
840
840
840
840
840
840
840
840
840
840
840
840
840
840
840
256
840
840
840
840
840
840
840
840
840
531
840
840
840
840
840
840
840
840
840
840
840
840
840
1167
840
840
603
840
840
840
840
840
840
840
395
840
840
840
840
840
840
840
840
840
840
840
840
840
720
840
1705
840
840
840
237
840
346
840
840
840
840
840
840
279
840
840
222
840
840
840
840
840
840
840
840
840
840
840
284
840
840
840
840
252
840
840
840
840
840
840
840
840
247
840
840
840
840
840
840
840
840
840
840
840
840
840
840
840
840
840
840
840
840
840
840
366
840
840
840
477
840
840
840
840
626
840
840
840
784
840
840
840
840
840
840
840
840
840
840
840
840
840
840
840
840
840
444
840
840
840
840
840
840
840
840
840
840
840
840
1920
840
840
840
840
840
840
840
840
840
840
840
840
840
840
840
840
840
840
840
840
840
840
840
840
840
840
840
840
840
840
840
840
840
840
222
840
840
840
840
840
840
840
840
840
840
840
840
840
840
840
840
840
840
840
840
840
840
840
840
840
840
840
840
840
840
840
840
840
840
840
840
840
840
840
840
840
840
840
840
216
840
840
840
840
840
854
840
840
840
840
840
752
840
840
840
840
305
840
840
321
840
1195
840
840
840
840
292
840
840
840
840
840
840
840
840
840
840
840
840
840
840
604
840
840
840
216
840
840
840
840
840
840
840
840
327
840
840
840
840
840
840
840
416
840
840
840
840
840
840
840
840
840
840
840
840
840
842
840
840
840
761
840
840
840
840
840
250
840
840
840
1312
840
840
840
840
840
840
840
840
840
840
840
840
840
840
840
840
840
840
210
840
840
840
840
405
743
840
840
840
840
840
840
840
840
840
840
840
840
840
840
840
840
840
840
840
840
840
840
840
840
840
840
840
840
840
840
840
840
840
840
840
840
840
840
840
840
840
840
840
840
840
840
840
840
290
840
251
840
840
840
611
840
840
840
840
840
840
840
840
840
840
840
840
840
840
295
840
840
891
840
840
840
840
840
840
840
840
840
840
840
840
840
840
840
840
840
840
840
840
840
210
840
212
840
840
840
840
840
840
840
840
840
840
840
840
840
840
840
840
840
840
840
840
840
840
840
840
840
840
840
840
840
840
840
840
840
840
840
840
840
840
840
840
840
840
840
840
840
840
301
840
840
840
840
840
840
840
273
840
840
840
840
840
840
840
840
840
840
840
840
840
840
1026
840
840
840
644
840
840
840
840
840
840
840
840
840
840
840
840
840
840
840
840
840
840
840
840
840
840
265
840
584
840
840
826
840
840
840
840
840
840
840
840
840
840
840
840
840
840
840
840
840
840
840
840
840
840
840
840
840
840
840
521
840
840
840
840
387
840
840
840
840
840
840
840
840
840
840
840
840
840
840
840
840
840
840
840
840
840
840
355
840
840
840
840
840
840
840
840
210
840
840
840
840
840
840
840
840
840
840
840
840
840
840
840
360
840
840
840
840
840
840
840
840
466
840
840
840
840
408
840
840
840
840
840
840
840
840
840
840
840
840
840
233
840
368
840
840
840
840
840
840
840
840
840
840
840
840
840
840
840
840
840
840
231
840
840
840
840
840
840
840
840
840
840
840
840
405
1061
840
389
840
840
1167
840
428
840
840
840
840
840
840
840
840
840
840
840
840
840
840
840
840
840
840
840
840
4330
840
840
537
840
840
840
840
840
840
840
840
840
840
840
840
840
840
840
840
840
840
840
840
840
840
840
840
840
840
840
840
840
840
840
840
840
840
840
840
840
840
840
327
840
840
840
840
1729
840
840
840
840
1307
840
682
840
840
840
840
840
840
840
778
840
840
840
840
840
840
840
840
219
840
840
840
840
840
840
840
840
840
840
840
840
506
840
840
840
840
840
840
840
840
840
840
840
840
840
840
840
840
840
840
840
840
840
840
840
840
840
840
840
840
840
840
840
840
840
840
840
840
840
840
840
840
840
840
840
840
840
3370
840
539
840
840
840
840
840
840
840
840
500
840
840
340
840
840
840
840
840
840
840
840
840
840
840
840
840
840
840
840
840
840
840
840
840
840
840
840
840
840
840
840
840
840
840
927
840
840
840
840
840
840
840
840
840
840
840
840
840
840
1077
840
840
840
840
840
840
840
840
840
840
840
840
840
840
840
840
840
840
840
840
840
840
840
840
840
840
1836
840
840
840
840
840
840
840
840
840
840
840
840
840
840
840
840
840
840
840
840
840
840
840
425
840
840
840
840
840
840
840
840
840
840
840
1091
840
840
840
840
840
840
840
840
840
840
2512
840
840
840
840
840
472
840
840
840
840
840
840
840
840
