769
1030
767
1207
732
693
602
447
782
683
803
461
1113
1491
520
472
782
452
364
442
796
418
761
854
384
291
472
1103
316
1496
766
333
429
633
695
519
266
597
583
474
769
334
223
628
597
388
268
253
295
694
380
821
1112
447
871
267
687
583
324
904
349
262
333
1345
617
397
333
308
413
290
430
264
434
303
214
1219
537
619
454
481
1196
458
745
526
285
319
527
334
659
269
257
609
587
258
358
280
379
486
693
453
418
620
434
162
286
678
2706
269
481
364
344
341
321
482
440
240
620
393
567
545
469
799
601
210
305
620
773
171
1039
483
430
420
339
373
283
620
314
620
253
248
347
620
620
159
315
332
377
337
246
1039
1047
620
260
329
329
312
512
457
324
592
325
316
581
395
442
431
427
778
273
368
620
428
357
620
395
187
541
396
340
620
471
190
602
620
299
217
340
355
545
175
501
268
530
429
620
457
327
683
579
209
455
1041
173
432
201
322
203
280
266
620
345
620
225
458
441
841
796
401
620
294
212
490
425
930
620
620
904
620
695
367
247
294
562
495
412
620
178
333
620
620
508
289
324
1054
620
262
605
620
289
1556
620
620
357
915
159
620
620
262
620
505
412
272
308
620
729
155
200
799
961
1556
428
620
212
1047
620
620
620
439
620
174
272
229
274
527
669
620
479
468
644
620
267
620
276
386
444
162
485
715
526
409
620
260
285
214
620
620
773
469
240
349
256
391
620
445
620
620
620
896
284
605
303
155
589
261
224
383
457
414
620
620
620
261
620
322
275
324
389
405
620
172
940
512
360
620
620
615
620
526
251
465
252
620
458
363
338
449
620
308
597
665
620
620
620
287
620
620
266
172
155
1052
173
620
339
350
620
217
632
224
620
385
298
620
774
632
620
439
227
447
620
171
254
471
620
174
304
216
620
822
620
344
912
224
620
620
363
620
373
620
620
620
620
648
348
273
590
620
620
278
368
235
418
312
302
218
620
620
620
449
261
312
908
458
620
201
620
620
620
620
620
620
441
1321
461
620
803
501
620
620
620
167
169
159
472
194
620
620
442
620
663
206
471
620
620
198
453
253
315
176
329
236
316
620
620
620
620
706
620
620
899
248
203
620
620
821
160
238
405
270
620
404
620
185
215
620
620
156
262
620
620
286
620
620
620
695
620
620
620
174
186
620
620
510
620
234
243
171
620
620
620
620
403
364
288
620
620
620
620
161
438
336
620
620
620
620
597
363
433
620
620
620
376
425
318
293
256
267
305
764
475
301
620
176
620
156
287
159
512
355
294
620
620
272
620
620
282
620
620
620
259
620
447
216
1317
304
164
294
232
292
227
620
620
388
620
212
620
265
178
620
419
257
620
234
620
335
620
346
267
620
620
916
620
620
273
602
620
620
315
620
620
271
620
386
620
525
270
620
335
485
348
620
455
189
620
246
620
576
182
439
473
620
620
620
620
286
620
361
174
402
344
620
329
164
1142
620
182
620
242
565
330
189
620
620
295
275
592
620
620
305
620
366
620
620
620
289
620
620
620
620
333
620
360
285
499
620
620
324
620
179
620
620
245
732
620
620
620
620
227
159
620
198
184
620
620
620
620
1345
157
620
591
620
620
620
620
620
620
620
281
164
620
511
694
620
560
219
157
620
321
620
216
244
209
620
620
259
362
620
620
620
908
620
320
314
620
620
372
351
620
232
323
371
219
620
620
620
620
620
620
620
209
620
198
854
1269
407
753
620
171
620
620
207
620
236
620
276
410
620
239
620
620
240
620
240
620
211
620
340
256
620
620
620
628
249
248
620
208
221
1196
620
620
295
472
400
620
620
620
226
620
302
620
582
319
620
620
620
331
620
620
182
620
213
620
314
620
354
276
620
1269
356
602
296
620
1167
274
620
620
620
992
309
280
620
620
620
620
620
222
620
470
261
620
620
620
620
337
277
213
620
311
424
620
288
620
620
620
620
620
620
299
620
441
620
188
620
620
237
620
254
620
620
620
620
163
217
620
620
214
314
273
620
620
327
620
365
200
620
263
284
620
620
620
267
620
620
620
240
620
620
309
620
620
620
209
218
620
505
618
620
296
620
1052
492
629
620
215
255
296
620
230
620
316
620
364
620
620
620
1345
620
320
187
669
282
620
620
323
310
612
620
380
620
620
620
306
859
620
620
595
620
417
620
620
620
620
418
620
175
620
156
513
395
620
490
620
620
209
620
620
620
155
620
620
620
620
620
620
620
620
553
620
620
385
207
620
230
338
620
467
620
620
620
620
620
374
620
620
620
620
441
620
620
288
620
620
620
620
351
620
620
901
620
293
620
620
620
620
620
620
289
620
620
620
620
219
620
620
620
620
620
620
620
620
620
620
620
620
620
620
175
620
665
620
620
620
229
620
284
620
620
620
356
620
620
620
620
620
620
620
620
620
620
306
209
620
620
620
620
620
620
620
163
252
620
620
620
357
620
620
403
620
389
586
620
620
1491
403
374
552
620
344
620
671
620
373
288
620
620
620
620
620
620
620
158
620
620
620
2706
620
620
620
273
176
620
265
620
620
620
620
219
620
603
620
620
620
620
620
783
620
620
620
620
620
161
620
201
179
715
158
620
620
620
225
620
620
183
277
620
620
343
620
620
620
620
620
620
620
352
359
620
620
620
620
620
620
620
620
189
620
620
198
340
620
779
620
582
620
620
620
992
620
620
620
620
620
620
620
620
620
620
620
164
620
620
620
620
620
255
1167
620
620
215
280
620
620
530
392
620
620
620
620
213
620
347
814
620
620
620
620
620
406
223
620
620
261
620
684
620
620
188
620
620
620
620
254
432
620
620
620
620
620
620
620
247
620
198
620
620
620
620
620
337
620
443
620
294
620
620
620
620
620
620
620
620
620
620
620
501
341
620
537
620
479
181
620
620
620
183
155
620
413
620
644
302
620
1267
620
620
620
620
475
1030
169
620
620
620
620
620
388
620
620
620
620
620
620
620
416
620
620
620
620
620
620
620
620
620
620
304
620
620
620
620
620
620
275
620
620
620
233
620
620
162
620
620
188
620
620
620
463
620
620
620
214
175
620
620
385
1267
157
620
620
620
620
620
620
620
620
277
320
620
620
266
620
174
620
232
366
192
620
620
620
620
620
620
620
620
620
620
620
620
179
164
215
620
615
171
620
620
330
191
193
620
620
620
620
620
359
1496
620
620
620
620
620
620
185
620
620
620
620
218
387
620
620
210
634
620
620
620
518
620
620
620
620
324
620
244
620
620
620
620
620
620
389
620
620
620
620
620
620
620
620
620
281
310
620
620
620
620
457
620
620
620
620
620
620
899
620
620
620
620
620
526
620
412
620
282
620
224
620
620
620
620
379
620
199
620
620
620
620
620
620
620
342
551
620
346
620
620
620
620
620
620
620
748
620
620
274
620
620
620
620
620
620
338
620
620
620
620
321
229
620
337
620
620
428
620
278
620
620
620
620
620
620
620
238
363
620
620
620
620
335
620
215
620
620
620
304
597
620
620
620
629
620
155
620
620
620
620
620
620
312
620
620
620
620
620
620
620
620
620
620
620
620
175
620
620
158
620
221
620
192
620
620
620
620
620
620
528
620
620
620
620
620
620
620
375
620
620
620
620
620
620
620
198
620
620
620
620
733
620
620
160
219
620
620
620
620
620
620
620
620
620
620
620
322
620
312
620
620
620
620
620
620
620
174
620
620
536
620
620
620
620
620
620
620
175
620
192
444
620
620
620
173
620
620
620
620
620
272
620
620
620
620
620
620
618
620
620
620
620
620
237
764
228
620
620
302
620
620
620
620
304
620
620
620
285
199
204
194
620
620
620
620
620
620
620
620
620
239
620
620
620
620
620
620
620
620
620
620
620
304
620
620
620
246
298
620
620
620
470
620
620
620
620
525
280
620
620
620
620
620
620
620
620
673
620
620
620
620
620
620
620
385
620
620
620
620
774
620
450
620
620
295
620
620
620
620
188
393
620
620
232
279
1103
620
620
620
620
985
471
620
620
620
620
410
497
620
620
620
620
620
620
401
620
620
620
620
168
620
620
620
620
620
620
620
620
620
189
620
620
620
620
620
620
620
620
620
620
620
620
620
620
620
620
275
620
620
620
620
620
620
620
620
620
620
620
620
620
620
620
620
620
291
620
620
366
222
620
620
620
620
620
620
620
620
620
620
620
266
176
620
620
620
620
620
620
272
620
620
620
620
620
620
620
620
620
620
620
620
155
620
620
620
620
620
620
620
620
620
620
620
162
620
620
620
189
620
620
620
245
620
620
620
620
620
620
620
293
620
620
620
620
620
620
620
620
620
620
620
620
620
620
782
620
620
620
158
620
166
620
620
620
620
620
620
620
305
620
620
620
620
189
268
620
620
620
620
620
620
620
620
620
155
620
620
620
620
620
199
620
620
620
620
620
620
390
296
620
620
307
620
620
620
620
620
620
180
233
620
170
301
859
620
620
504
715
620
620
620
620
620
620
620
620
620
620
620
178
620
324
620
430
620
620
620
620
620
620
620
620
620
620
245
620
251
620
620
620
620
359
620
620
620
620
620
620
620
620
620
620
620
179
620
281
620
620
620
620
620
620
620
620
620
620
620
620
620
620
620
620
310
220
620
312
620
620
620
620
620
620
620
620
620
620
232
326
620
346
620
620
620
620
620
376
215
302
620
620
620
620
620
215
620
620
267
620
535
620
440
620
303
620
159
620
620
620
814
620
620
620
620
620
620
620
620
372
620
620
620
620
620
620
317
620
620
306
620
185
620
273
620
620
228
620
620
620
620
345
410
363
620
620
190
620
620
620
620
620
620
620
620
620
620
620
620
620
620
620
620
620
620
620
620
620
307
450
620
620
620
620
620
620
620
620
482
620
620
295
620
620
620
620
620
620
620
620
620
655
620
620
296
620
620
620
620
620
620
620
620
620
620
620
620
620
208
620
620
620
620
620
620
504
620
620
620
620
620
620
309
620
620
288
620
620
620
620
415
2706
620
620
620
620
620
620
281
620
620
620
620
620
225
620
620
168
620
620
223
620
620
234
620
620
620
620
620
620
620
620
620
620
620
620
447
875
620
620
620
620
1207
620
620
620
620
445
620
620
620
620
620
620
620
620
620
620
620
620
620
620
474
415
620
620
620
620
620
1293
620
620
620
620
620
620
620
620
620
620
620
620
620
620
620
620
620
620
671
620
620
620
620
223
620
620
620
620
620
620
620
620
620
620
620
620
620
620
620
620
215
620
209
620
620
620
620
620
620
620
455
620
620
620
620
620
620
620
620
620
260
620
620
620
620
620
620
292
620
620
620
620
620
155
620
261
239
620
620
620
224
620
620
620
620
295
199
222
196
620
620
620
620
620
620
620
620
620
620
359
620
620
620
211
620
279
620
620
620
247
620
620
620
620
620
620
620
620
620
620
620
620
620
620
620
620
620
291
620
620
318
468
620
620
620
620
301
620
620
620
620
620
620
620
620
620
257
620
620
620
620
282
620
620
620
620
620
620
247
620
620
620
620
620
620
620
620
259
620
620
620
620
620
620
620
620
620
620
620
620
582
620
175
620
620
620
158
311
620
620
620
391
620
620
620
620
620
620
620
620
620
620
620
620
620
620
620
620
620
620
620
620
620
620
620
620
620
620
620
620
620
620
620
620
620
620
620
620
620
620
620
620
620
620
620
620
213
620
620
620
620
620
620
620
620
620
620
620
253
748
620
620
620
620
620
620
620
620
620
620
620
620
620
620
620
620
620
620
620
620
620
620
264
620
620
620
620
620
620
620
620
620
620
620
620
620
620
620
620
620
620
620
620
620
251
620
620
263
165
620
620
1219
620
620
620
620
620
620
509
871
620
620
620
620
620
199
620
620
620
319
620
620
620
620
620
620
620
620
620
1269
620
620
620
620
620
620
620
620
620
620
620
620
620
620
620
620
1113
620
620
620
155
620
620
620
620
461
620
620
295
620
167
620
620
620
620
620
620
620
240
620
620
620
362
620
620
194
204
620
620
620
620
620
620
620
620
620
620
233
620
620
620
620
620
620
620
620
620
157
620
620
620
620
620
620
620
620
620
620
620
620
620
620
620
620
620
620
165
620
620
381
620
620
254
620
620
620
620
620
620
620
620
620
620
620
620
351
620
620
314
620
620
620
620
620
620
620
427
620
620
620
620
620
334
449
620
620
404
620
620
620
620
620
620
276
620
620
620
620
620
620
620
620
249
620
300
620
620
620
620
620
278
620
471
620
620
224
236
620
620
620
620
227
620
620
620
501
226
282
620
620
620
620
620
164
620
620
620
620
620
620
620
620
620
620
620
620
620
620
620
620
276
620
158
620
620
620
620
620
620
620
620
620
620
620
620
620
620
620
620
620
167
620
620
620
235
620
276
620
620
620
620
620
620
620
620
156
620
620
620
620
620
620
620
620
620
620
620
620
620
620
268
620
620
620
253
620
236
620
620
620
620
620
620
620
620
620
620
620
620
620
620
166
620
620
620
620
380
546
620
620
620
620
620
620
620
620
620
620
620
620
620
620
695
620
620
620
176
620
244
620
620
620
620
620
620
620
620
620
620
620
620
620
620
620
620
583
210
620
620
620
620
620
620
620
620
620
620
620
620
620
620
620
620
620
620
620
620
620
620
620
620
620
620
620
620
620
620
620
620
620
620
620
620
620
620
620
620
620
620
620
2706
620
169
620
620
620
620
620
620
620
620
620
620
620
620
620
620
620
620
620
620
620
620
620
620
620
620
620
620
620
620
620
620
620
620
620
620
620
594
620
620
620
620
620
620
620
620
620
620
620
620
620
620
620
620
620
620
620
620
620
525
620
620
620
620
620
620
620
620
620
620
620
191
155
620
1317
620
620
620
620
620
620
620
620
620
620
620
162
620
620
620
390
208
620
620
620
620
620
620
620
620
620
620
620
620
620
425
620
620
620
620
620
620
620
620
620
620
620
620
262
620
620
620
620
620
620
620
620
620
620
242
620
620
620
620
620
620
620
620
620
620
620
620
620
620
620
620
620
620
620
620
620
448
620
620
168
620
620
620
620
620
620
345
620
620
620
620
620
620
620
296
620
620
620
620
620
620
620
620
620
620
620
620
620
620
620
620
620
620
620
620
620
620
620
620
480
620
620
620
165
620
620
620
241
620
620
273
967
620
620
620
311
620
228
620
620
620
620
620
620
620
620
620
620
620
620
620
620
352
620
620
620
620
620
620
246
620
620
620
157
620
620
620
620
620
620
204
620
620
620
620
172
620
164
620
620
620
620
620
164
620
620
620
620
620
497
620
620
620
620
620
620
207
453
620
620
620
620
620
620
620
620
620
620
203
620
620
620
183
620
620
620
620
620
620
620
620
620
620
620
620
620
620
620
620
620
620
620
620
372
620
620
620
620
620
620
620
620
620
165
620
620
620
620
620
620
620
620
620
620
620
620
620
631
620
620
620
620
620
620
620
620
620
620
620
620
620
205
340
620
620
620
319
620
620
620
620
620
620
620
620
620
620
620
620
620
620
620
620
620
620
620
620
205
620
620
620
620
1033
620
205
620
620
620
620
620
295
620
620
620
620
620
620
620
620
620
620
620
620
620
620
620
620
620
620
620
620
620
620
620
620
620
620
620
620
620
620
620
620
620
620
620
620
620
620
620
620
620
620
620
620
620
268
620
620
620
620
620
620
620
620
620
620
620
620
620
229
620
620
620
620
620
620
620
620
620
620
254
620
620
620
620
620
620
620
620
620
620
620
767
620
620
620
620
620
620
620
620
620
620
620
620
620
620
620
620
620
620
620
620
620
620
620
620
620
620
620
620
620
620
620
620
620
620
620
620
620
620
620
620
620
620
620
620
620
620
620
620
620
620
620
432
186
620
620
620
620
620
620
620
620
620
620
620
620
620
620
620
620
686
620
620
620
620
620
620
620
620
620
620
620
620
620
620
620
620
620
620
620
620
620
620
620
667
620
620
620
620
620
620
155
620
620
620
620
620
620
620
620
620
620
620
620
620
620
620
620
620
620
620
620
620
620
620
620
620
620
620
620
620
620
620
620
620
620
620
620
620
620
620
620
620
620
620
620
620
620
620
155
620
620
620
620
620
620
620
237
620
620
620
620
620
620
620
620
620
620
620
620
620
620
620
620
620
620
620
620
620
1267
620
620
620
169
620
620
620
620
620
620
620
620
620
620
620
620
620
620
234
620
620
620
620
620
620
620
393
620
620
620
620
620
620
620
620
620
620
244
620
620
620
620
620
620
159
620
620
620
620
620
620
620
620
620
620
620
620
620
620
620
620
620
620
620
289
620
620
620
620
620
620
620
620
620
620
620
620
620
620
620
620
620
620
620
620
620
620
620
620
620
620
620
620
620
241
620
620
620
620
620
620
620
620
620
620
620
620
620
620
620
620
620
620
620
620
620
620
620
620
620
620
199
620
620
620
620
620
620
620
620
620
620
620
620
620
620
620
620
620
620
620
620
620
187
620
620
620
620
620
620
620
620
620
620
620
224
620
620
620
620
620
620
620
620
227
620
620
620
620
620
198
199
620
620
620
620
620
620
620
620
620
620
620
620
620
620
620
620
620
620
620
620
620
620
620
620
180
620
620
620
620
620
620
620
620
620
620
620
620
620
620
620
620
620
620
620
620
620
620
620
620
279
620
620
620
620
620
620
620
620
620
620
358
620
620
620
620
620
620
278
620
620
620
620
620
620
344
620
620
620
620
508
348
620
620
620
620
620
620
620
620
620
620
620
620
620
620
620
620
620
612
620
620
620
620
620
620
647
620
620
620
620
620
620
620
620
620
620
620
407
620
620
620
620
620
620
620
620
620
620
620
286
620
620
620
620
620
620
620
620
620
620
620
620
620
620
620
357
620
724
620
325
620
620
620
620
620
620
620
620
620
620
620
620
620
620
620
620
620
620
620
620
620
620
620
620
620
620
620
620
620
620
620
620
620
226
620
620
620
620
620
620
620
620
620
620
620
620
620
620
620
620
620
620
620
620
620
620
620
620
383
620
620
620
620
620
620
620
620
620
620
234
620
620
620
620
620
620
620
620
620
620
620
620
620
620
620
620
620
620
620
620
620
620
620
620
620
343
620
620
620
620
620
620
620
620
620
620
620
620
620
417
620
620
620
620
620
620
620
620
620
620
620
620
620
620
620
620
620
620
620
620
620
620
620
620
620
620
620
255
620
620
620
620
620
620
620
620
620
169
220
620
620
620
620
620
620
620
620
620
620
620
620
620
620
620
620
620
620
620
620
620
620
620
620
620
620
620
620
620
620
620
620
620
620
620
620
620
620
620
620
620
620
620
620
178
620
620
620
620
620
620
620
620
620
620
620
620
620
620
620
620
620
620
620
620
620
620
620
620
620
620
620
620
620
620
620
620
620
620
620
620
620
620
620
620
620
620
620
620
620
620
260
620
620
620
620
620
620
620
620
620
620
620
620
620
620
620
620
620
620
620
620
620
620
620
620
302
620
620
620
620
620
620
620
620
620
620
620
620
620
620
620
620
620
620
186
620
620
620
620
620
620
620
620
620
620
620
620
620
620
620
620
620
620
620
620
421
620
620
620
620
620
620
620
620
620
620
620
620
620
620
620
620
620
620
620
620
620
620
620
620
620
620
620
620
620
620
620
620
620
620
620
411
620
620
620
620
620
620
620
620
620
620
620
620
620
663
620
620
620
620
620
620
620
620
620
620
620
620
620
620
620
620
620
620
620
620
620
620
620
620
620
620
620
337
620
620
620
620
620
620
620
620
620
620
620
620
620
620
620
620
620
620
620
620
620
620
620
620
620
426
620
620
620
620
620
620
620
620
229
620
620
620
620
620
620
620
620
620
620
620
620
620
620
620
218
620
620
620
620
620
620
347
620
620
620
169
620
620
620
620
620
620
620
620
620
620
620
620
620
620
620
620
620
620
620
620
620
620
620
620
620
620
620
620
620
341
620
620
620
620
620
620
620
620
620
620
620
620
620
620
620
620
620
620
620
620
620
620
620
620
620
620
620
620
620
620
620
620
620
620
620
620
620
620
620
620
620
620
620
188
620
620
620
620
620
620
620
620
620
620
314
620
620
620
620
620
620
620
620
620
620
620
620
620
620
620
620
620
620
620
620
620
620
620
620
620
309
470
620
620
620
620
620
620
620
620
620
620
620
620
620
1269
620
620
620
620
620
620
620
620
620
620
620
620
620
620
620
620
620
620
620
620
620
620
620
620
620
468
334
620
620
620
620
620
620
620
620
620
620
620
620
620
620
620
620
620
620
620
620
620
620
620
620
940
620
620
620
620
620
620
620
620
620
620
620
620
620
620
620
620
620
620
620
620
620
620
620
620
620
620
620
620
620
620
620
620
620
620
620
620
206
620
620
620
620
620
620
620
620
620
620
620
620
620
620
620
620
620
620
620
620
620
620
620
620
620
620
620
620
620
620
620
620
620
620
620
620
390
620
192
620
620
620
620
620
620
620
620
620
620
620
620
620
271
620
620
620
620
620
620
620
620
187
620
620
620
620
620
620
620
620
457
156
620
620
620
444
620
620
620
620
620
620
620
620
620
620
620
620
620
620
620
620
620
620
620
620
620
620
620
620
620
620
620
620
620
620
620
620
620
620
289
620
620
620
620
620
620
620
620
620
620
620
620
620
620
620
620
620
620
620
177
620
620
265
620
620
620
620
620
620
620
620
620
620
352
620
620
620
620
620
620
620
620
620
620
620
620
620
620
620
620
620
620
620
620
620
620
620
620
620
620
620
620
620
193
620
620
620
620
620
620
620
620
291
620
620
620
620
620
620
620
238
620
620
620
171
620
215
620
620
620
620
620
620
620
319
620
620
620
620
620
620
620
620
620
620
620
620
620
620
620
620
620
620
620
620
620
620
620
620
263
620
620
620
620
620
620
620
620
620
620
620
620
620
620
620
620
620
620
620
620
620
620
620
290
620
620
620
620
620
620
620
620
620
620
620
620
620
620
620
620
620
618
620
620
620
620
620
620
620
620
1556
620
620
620
620
620
620
620
620
620
620
620
620
620
620
620
620
620
620
620
620
620
620
620
620
620
620
620
620
620
620
620
620
620
620
620
620
620
620
620
620
620
620
620
620
620
620
620
620
620
620
418
620
620
620
620
178
620
620
620
620
620
155
620
620
620
620
620
620
385
620
620
620
620
620
620
620
620
620
620
620
620
620
620
620
620
620
620
620
620
620
620
620
620
620
620
620
620
620
620
620
620
620
620
249
620
620
620
620
620
620
620
620
620
620
620
620
620
620
620
620
620
620
620
620
620
620
620
620
620
620
620
620
620
620
620
620
620
620
620
620
620
620
620
620
620
620
620
620
620
620
620
620
620
620
620
620
620
620
620
620
620
620
620
620
620
620
620
620
620
620
620
620
620
620
620
620
620
620
620
620
620
620
620
620
620
620
620
620
620
620
620
620
620
620
620
620
620
620
620
620
620
620
620
620
620
620
620
620
620
620
620
620
620
620
620
620
620
620
620
620
620
620
620
620
620
620
620
620
620
620
620
620
620
620
253
620
189
620
620
620
620
620
620
620
620
282
620
620
620
620
620
620
620
620
620
620
620
620
620
620
620
620
620
620
620
620
339
620
620
620
620
620
620
620
620
280
620
620
620
620
620
620
620
620
620
620
620
620
620
620
620
620
620
620
620
620
620
620
620
620
620
620
620
620
620
620
620
620
620
620
620
620
620
620
620
211
620
620
620
620
620
620
620
620
620
1041
620
620
620
620
620
620
620
620
620
620
620
620
620
620
620
187
620
235
620
620
620
620
620
620
620
620
620
620
620
620
620
620
620
620
620
620
620
620
620
620
340
620
620
620
620
620
620
620
620
620
620
620
620
620
620
684
620
432
379
620
620
620
620
620
620
518
620
620
620
620
620
620
620
620
620
620
620
620
620
175
620
620
620
620
620
620
620
620
620
620
620
620
620
620
620
620
620
620
620
620
620
620
620
620
620
620
620
620
620
620
620
620
620
620
620
620
620
280
620
620
620
620
620
620
620
620
620
620
620
620
620
620
620
620
620
620
620
620
620
620
620
620
620
620
620
620
620
620
620
620
620
620
620
620
620
620
620
620
620
620
620
620
620
592
620
620
620
620
620
620
620
620
620
620
620
620
620
620
620
620
620
620
620
620
620
620
620
620
620
620
620
620
620
620
620
620
620
620
620
620
620
620
620
620
620
620
620
620
620
620
620
620
620
620
620
620
620
620
620
620
620
620
620
620
620
620
311
620
620
620
620
620
620
620
620
620
620
620
620
620
620
620
620
620
620
620
620
620
620
620
620
620
620
620
620
620
278
620
620
620
620
620
620
620
620
266
620
620
620
620
620
620
620
620
620
620
620
620
620
620
620
620
620
620
620
620
620
620
620
620
620
620
620
262
620
620
620
620
620
620
620
620
620
620
620
620
620
620
620
620
620
620
620
230
620
620
620
620
620
620
620
620
620
620
620
620
620
512
620
620
620
620
620
620
620
620
620
620
620
620
620
620
620
602
620
620
620
620
620
620
620
620
620
620
1054
620
620
620
620
620
620
216
620
620
620
620
620
620
620
620
620
620
620
620
620
620
620
620
620
620
620
620
620
620
620
620
620
620
620
620
620
620
620
620
620
620
620
620
620
620
620
620
620
620
620
466
620
620
620
620
620
620
620
620
620
620
620
620
620
782
620
620
620
620
620
620
620
620
620
620
620
620
620
620
620
620
620
620
620
620
620
620
620
620
620
620
620
620
620
620
620
620
620
620
620
620
620
620
620
620
620
620
620
620
620
620
620
620
620
620
620
620
620
620
620
620
620
303
620
318
620
620
620
620
287
620
620
620
620
620
620
620
620
620
620
620
620
620
620
620
620
620
620
620
620
620
620
620
620
620
620
620
620
620
620
620
620
620
620
620
620
620
620
620
620
620
620
620
620
620
620
620
620
620
620
620
620
620
620
620
620
620
620
620
620
620
620
620
620
620
620
620
620
620
620
620
620
620
620
620
620
620
324
620
620
620
196
620
620
620
620
620
620
620
620
620
620
620
620
620
620
620
620
620
620
1031
583
620
620
620
620
620
620
620
620
620
620
620
620
620
620
620
271
620
620
620
205
620
620
511
620
620
620
620
620
620
620
620
620
620
620
620
620
620
620
620
620
620
620
620
620
620
620
620
620
620
620
620
620
620
620
620
620
620
620
620
620
620
620
620
620
620
620
620
620
620
620
620
620
620
620
620
620
620
620
620
620
620
620
620
620
620
620
620
620
620
620
620
620
620
620
620
620
620
620
620
620
620
620
620
620
620
620
620
620
620
620
620
620
620
620
620
620
620
620
620
620
620
620
301
620
620
620
620
620
620
2834
620
620
620
620
620
620
620
620
620
620
620
620
620
620
620
620
620
620
620
620
620
620
620
620
620
620
620
620
620
620
620
620
620
620
620
620
620
620
620
620
620
620
620
620
620
620
1021
225
620
620
620
620
620
620
620
620
620
620
620
620
620
620
620
620
620
620
620
620
620
302
620
620
620
620
620
620
620
620
620
620
620
321
620
620
620
620
620
620
620
620
620
620
620
620
620
620
620
620
620
620
620
620
620
224
620
620
620
620
620
620
620
620
620
620
620
620
620
620
304
620
620
620
620
620
620
620
620
620
180
620
620
620
620
620
620
620
159
620
620
620
620
620
620
620
620
620
620
620
620
620
620
620
620
620
620
620
620
620
620
620
620
620
620
620
620
620
315
620
407
620
620
620
620
620
620
620
620
205
620
620
620
620
620
620
620
620
620
620
620
620
620
620
620
620
620
620
620
620
620
620
620
620
620
620
620
620
620
620
620
620
620
620
620
620
620
620
620
620
620
620
620
620
620
620
620
620
620
620
620
620
178
620
620
620
620
620
620
620
620
620
620
620
620
620
180
620
620
620
620
620
620
620
178
620
620
620
620
620
620
620
620
620
620
620
620
620
620
620
620
620
620
620
620
620
620
620
620
620
620
620
620
620
620
620
620
620
620
620
620
620
620
620
620
620
620
620
620
620
620
620
620
620
620
620
620
620
773
620
620
620
620
620
620
620
620
620
620
620
620
620
620
620
620
620
620
620
620
620
620
620
620
620
251
620
620
620
620
620
620
255
620
620
620
620
620
620
620
620
620
620
620
620
620
620
620
620
620
620
620
620
620
620
620
620
224
620
620
620
620
620
620
620
841
620
620
620
620
620
620
620
620
620
620
620
620
620
620
185
620
620
620
620
620
620
620
620
620
620
620
620
620
620
620
620
620
620
620
620
620
620
620
620
620
620
620
620
620
620
620
620
620
620
620
620
620
620
620
620
620
620
620
620
620
620
620
620
620
620
620
620
620
454
620
620
620
620
620
620
620
620
620
620
620
620
620
620
620
620
620
620
620
620
620
620
620
620
620
620
620
620
620
620
620
620
620
620
620
620
620
620
620
620
620
620
620
620
620
620
620
620
620
620
620
620
620
620
620
275
620
620
620
620
620
620
620
620
620
620
620
620
620
1112
620
620
620
620
620
620
620
620
620
620
620
620
620
620
620
620
620
620
620
620
620
620
620
284
620
620
620
620
620
620
620
620
1021
620
620
620
620
620
620
620
620
620
620
620
620
620
620
620
620
620
620
620
620
283
620
620
620
620
620
620
620
620
620
620
620
620
620
620
620
620
378
620
620
620
620
620
620
620
620
620
620
620
620
620
620
620
620
620
620
484
620
620
620
620
620
620
620
620
620
620
620
313
620
620
620
620
620
353
620
620
620
620
620
620
620
620
620
620
620
620
620
620
620
620
620
620
620
620
620
620
620
620
620
620
620
620
620
620
620
620
620
620
620
620
620
620
620
620
620
620
620
620
620
620
620
620
620
620
620
620
620
620
620
620
620
620
620
620
620
620
620
620
620
620
620
620
620
620
620
620
165
620
620
620
620
620
620
620
620
194
620
620
620
620
620
620
620
620
620
620
620
620
620
620
620
620
620
620
620
620
620
620
620
620
620
620
620
620
620
620
620
620
620
620
620
620
620
620
620
620
620
620
620
620
620
620
620
620
620
620
620
620
620
620
620
620
620
620
620
620
620
620
620
620
620
620
620
620
620
620
620
620
620
620
620
620
620
620
264
620
620
620
620
620
620
620
620
620
620
620
620
240
620
620
620
620
620
620
620
620
620
620
620
620
620
620
620
620
620
620
620
620
620
620
620
620
620
620
620
620
620
620
620
620
620
620
620
620
620
620
620
620
620
620
620
620
620
620
620
620
620
620
620
620
620
620
620
620
620
620
620
620
620
620
620
620
620
620
620
620
620
620
620
620
620
620
620
620
620
620
620
620
620
620
620
620
620
620
620
620
620
620
620
620
620
620
620
620
620
620
620
620
620
620
620
620
620
620
620
620
620
620
620
620
620
620
620
620
620
620
175
620
620
620
620
620
620
620
620
620
620
620
620
620
620
620
620
620
620
620
620
620
620
620
620
620
620
620
620
620
620
620
620
620
620
620
620
620
620
620
620
236
620
761
620
620
620
620
620
620
620
620
620
620
620
620
620
620
620
620
620
620
620
620
620
620
620
620
620
620
620
620
620
620
620
620
620
620
620
620
620
620
620
620
620
620
620
620
620
620
620
620
620
620
620
620
620
620
620
620
620
620
620
620
620
620
620
620
620
620
620
620
620
620
620
620
620
620
620
620
620
620
620
620
620
620
620
620
620
620
620
620
620
620
620
620
620
620
620
620
620
620
620
620
620
620
620
620
620
620
620
620
620
620
620
620
620
620
620
620
620
620
620
620
620
620
620
620
620
620
620
620
620
620
620
620
620
620
620
766
620
620
620
620
620
620
620
620
620
620
620
620
620
620
620
620
620
620
620
620
620
620
620
620
620
620
620
620
620
620
620
620
620
620
620
620
620
620
620
