950
951
1052
950
1027
951
675
981
943
1139
623
832
566
877
769
1068
1458
450
1150
819
758
1040
502
866
795
1522
951
780
634
1285
580
780
542
877
487
1751
436
582
1044
1024
649
813
749
582
494
674
758
555
703
918
687
1105
737
1516
508
1107
632
1144
879
851
1725
587
915
677
395
853
582
1091
1335
971
520
485
603
610
235
512
2405
1037
401
1266
568
539
358
556
2405
911
298
799
470
656
523
943
345
524
523
549
623
1632
845
1052
575
718
730
619
284
887
968
289
559
371
585
1555
497
717
459
381
1407
741
1798
714
245
422
569
939
1798
1198
268
709
657
470
672
704
347
338
331
232
791
734
431
787
622
322
454
1006
1150
389
680
1045
1315
354
712
598
338
1005
475
1298
477
677
422
348
511
498
292
840
271
685
298
762
630
602
287
518
1285
1657
630
1317
537
476
1104
508
508
473
293
473
550
378
506
675
990
866
631
685
519
584
335
1056
838
904
1298
532
1007
632
297
1105
357
550
462
332
977
296
722
473
318
962
813
637
330
443
408
315
495
379
1271
516
651
535
1045
480
261
2623
476
1157
630
737
544
693
502
420
477
615
438
330
315
506
841
596
552
1165
543
511
667
460
353
358
300
954
507
457
390
261
331
3284
1458
1474
1144
347
321
255
719
427
527
774
562
174
648
217
987
498
418
241
915
630
813
384
362
1244
440
347
560
337
1804
331
904
538
434
738
300
246
493
721
257
794
296
708
422
550
646
630
315
426
449
495
523
505
667
352
518
293
244
968
568
1100
981
988
286
336
1315
605
210
363
440
417
294
588
372
630
847
240
478
832
316
552
712
403
318
406
1451
714
447
632
704
630
981
712
400
1085
1007
1131
449
295
932
814
408
310
509
777
476
677
1273
231
752
876
630
421
330
890
1597
513
492
932
912
167
1070
1211
727
372
312
508
967
313
493
904
408
1001
320
286
401
349
521
667
1045
501
366
1787
355
639
223
630
252
796
1751
325
620
301
876
445
314
453
295
264
321
767
630
503
201
926
409
694
725
549
943
370
374
787
342
787
225
329
629
630
317
970
658
900
378
641
262
343
430
651
549
491
884
780
161
693
472
239
855
1572
334
1430
630
596
1464
263
452
163
331
256
302
1317
630
490
298
386
630
498
1324
389
1632
316
306
463
259
498
518
480
197
898
183
289
459
630
339
1264
258
630
348
799
630
1353
348
227
361
630
261
653
996
460
409
1354
1430
264
218
407
630
630
2618
443
717
840
225
454
315
1018
231
356
648
467
294
349
354
1577
298
475
170
428
497
943
572
418
630
441
897
559
838
213
613
630
167
630
1752
212
1474
315
1120
179
630
747
247
393
537
630
1285
449
430
208
364
162
652
252
164
542
725
413
1036
630
598
630
380
1012
355
457
650
295
831
608
1155
1858
665
582
383
630
359
294
630
351
228
675
606
630
253
429
321
238
630
181
314
789
891
194
533
898
573
464
630
630
630
526
315
309
297
527
630
553
630
287
406
630
158
306
712
496
630
217
630
461
630
630
1027
293
325
630
211
305
161
264
263
188
340
398
630
977
276
497
606
326
630
286
630
210
608
488
663
630
249
366
478
237
679
232
713
544
307
216
630
630
543
656
252
780
630
492
255
674
725
630
2382
840
493
192
200
1467
333
284
167
302
290
414
356
331
230
267
190
629
841
866
275
468
348
540
630
796
514
370
457
2164
3284
337
245
536
192
243
630
418
369
543
329
419
300
469
630
267
630
294
216
679
295
630
508
508
630
792
312
280
286
269
630
769
630
521
630
388
448
286
824
265
571
630
367
717
443
630
1966
657
304
318
406
1467
390
363
630
1530
447
615
369
230
1395
630
1277
630
492
267
305
1266
277
630
630
450
424
374
204
630
744
263
531
317
238
281
533
630
630
2618
226
169
623
630
326
339
369
435
316
630
240
361
538
440
1490
357
262
1395
1157
439
446
192
319
163
289
630
630
287
630
233
630
392
186
230
1364
188
630
796
1005
630
394
334
561
299
520
663
250
377
582
194
323
415
200
488
1442
502
1584
1790
203
303
630
542
630
171
796
796
545
360
324
238
630
199
1091
1285
309
221
283
630
158
559
2015
618
266
630
280
429
238
630
1407
338
325
272
354
418
648
423
183
693
630
630
630
197
630
305
729
541
675
630
374
489
2130
630
249
745
630
1244
630
162
630
193
534
1006
198
297
568
630
1100
630
585
316
283
268
326
169
630
900
229
344
1029
313
318
879
524
630
630
890
632
532
248
630
240
630
1597
627
630
250
311
164
630
630
159
316
630
320
309
444
535
630
630
630
291
440
630
630
351
536
630
398
814
630
307
630
1369
630
475
630
630
602
815
1209
630
344
319
396
630
227
848
198
933
353
536
472
341
272
630
313
332
478
168
682
342
630
158
296
300
498
270
218
1104
481
225
299
630
576
373
630
630
280
254
167
158
288
581
389
204
249
386
630
479
630
389
296
165
1726
407
738
630
630
376
1339
344
329
1339
1242
630
630
253
1752
996
630
517
515
266
300
364
417
198
569
484
784
495
630
630
281
529
577
630
630
630
630
853
420
488
630
630
500
455
630
1412
159
630
630
266
620
630
630
630
630
186
630
444
211
310
794
243
630
630
241
779
672
630
413
593
630
678
1584
630
318
314
630
630
928
630
630
630
630
307
630
630
630
180
630
630
405
164
1496
630
158
171
1044
508
630
304
170
350
216
630
829
524
630
555
251
630
304
630
262
845
158
630
310
415
855
562
348
630
1029
580
488
630
630
630
256
158
1752
630
193
187
630
630
216
1070
416
479
252
583
578
630
390
630
665
785
630
265
258
316
1530
392
630
1572
419
254
299
251
630
900
482
630
238
171
955
483
630
630
248
630
693
479
303
290
630
698
410
564
630
630
170
596
268
451
161
630
205
304
807
1353
273
630
645
630
1516
2382
359
264
261
305
630
630
359
385
231
838
630
651
548
630
207
376
630
198
209
813
200
532
421
281
630
630
630
225
389
287
630
328
630
630
519
630
349
553
378
222
630
196
218
793
193
308
421
1070
630
1000
630
917
280
630
200
630
630
467
349
955
630
255
630
630
630
775
378
1496
630
630
630
409
218
173
375
168
453
184
627
523
630
520
660
167
274
214
630
630
630
299
630
630
280
413
313
646
158
403
302
630
624
630
630
630
630
276
630
630
630
440
222
630
630
1726
630
517
630
209
256
244
445
630
174
630
337
630
632
524
630
641
630
2164
630
177
231
630
630
630
630
630
630
330
357
260
630
686
264
378
630
273
630
513
256
630
253
630
630
180
755
630
630
1572
630
889
414
226
630
568
630
318
457
630
279
630
261
630
630
838
306
630
630
172
630
630
480
630
630
339
630
211
630
630
630
582
630
323
337
382
320
301
630
224
279
630
494
630
630
532
630
630
630
630
630
796
177
630
222
270
630
178
1858
158
167
630
630
630
248
886
630
630
630
218
630
630
630
630
630
630
630
630
319
630
630
233
630
246
206
1045
764
276
426
630
354
304
630
630
630
630
630
630
585
630
419
319
238
210
544
630
630
630
382
630
449
301
1530
630
630
195
2618
765
271
249
630
168
283
630
630
630
166
630
361
630
268
582
282
499
630
630
630
158
267
312
197
630
184
630
481
614
288
630
630
630
486
257
314
630
1741
630
328
630
630
396
630
534
630
350
630
1037
630
321
406
1056
393
630
630
630
205
1725
359
630
630
630
176
630
630
630
630
648
232
506
630
220
1167
189
920
630
197
238
158
630
630
630
202
275
630
630
395
430
552
335
380
630
630
713
271
630
630
187
630
630
523
192
763
630
306
341
1139
630
359
159
173
630
630
438
630
630
387
630
630
280
630
630
425
322
240
173
276
432
477
602
630
373
304
630
526
315
630
539
630
193
503
630
630
174
440
161
630
1382
1070
251
395
630
200
307
630
630
630
630
347
556
630
379
630
630
222
171
630
630
630
630
204
231
2130
1104
447
354
630
259
398
158
630
630
236
419
482
630
436
630
166
630
630
185
678
540
939
299
630
630
630
534
201
630
346
271
630
182
472
189
630
630
432
630
347
315
630
630
380
1435
521
630
630
630
194
1467
630
215
630
630
630
245
235
331
188
621
630
630
421
630
273
630
471
630
630
630
630
167
1150
630
630
630
969
2405
630
630
243
452
648
296
630
630
630
297
1167
630
1008
630
161
630
1317
290
630
1448
258
403
281
184
416
630
246
471
462
741
630
630
630
779
630
630
158
179
630
630
630
630
1317
287
630
502
870
279
708
630
630
630
340
390
581
222
273
408
252
630
630
387
344
201
307
630
418
630
161
630
346
251
217
608
630
263
320
630
172
255
216
630
630
460
432
630
652
260
244
630
630
630
630
455
579
300
441
220
398
333
630
630
1201
630
173
630
630
630
630
630
287
630
630
630
1752
630
462
372
630
1150
825
630
630
508
302
630
630
280
630
630
630
630
177
630
630
630
359
630
630
562
630
630
291
310
216
630
630
630
168
184
630
237
630
258
630
514
1522
300
305
630
630
630
291
434
608
630
630
274
630
630
687
630
448
160
467
304
630
630
1104
630
630
511
630
248
193
630
2623
630
630
263
582
225
630
246
787
355
630
630
273
977
630
648
630
630
630
238
458
223
630
359
224
630
550
630
270
333
630
630
1211
222
533
630
630
630
282
484
440
376
218
677
630
220
630
305
630
314
272
352
630
630
466
297
717
630
434
630
414
238
158
630
630
630
630
630
630
555
630
630
630
245
576
630
630
630
630
311
630
630
630
630
273
630
630
364
630
630
534
787
369
630
630
630
630
169
1474
630
304
416
630
262
704
368
630
630
1260
290
371
630
630
630
630
201
630
630
630
287
630
917
272
271
630
630
429
630
630
544
253
630
630
630
630
630
203
160
630
630
630
630
630
630
630
630
630
630
826
630
464
763
630
630
630
630
630
630
630
276
1339
630
630
934
318
630
228
630
233
977
167
630
630
630
630
630
165
630
630
2130
273
466
392
630
181
630
630
630
630
630
1339
178
159
241
630
630
630
256
630
630
630
929
872
203
630
630
502
343
630
630
433
630
182
630
630
630
246
630
630
630
630
630
320
526
630
336
630
630
630
325
620
335
630
550
391
630
630
630
443
630
630
630
630
630
630
405
630
954
630
630
243
630
234
191
334
630
630
630
630
1104
630
735
325
630
253
509
330
630
512
377
630
795
164
179
630
630
630
1391
241
202
630
630
630
247
630
498
186
459
286
630
305
630
630
630
630
630
300
703
630
630
357
630
630
630
630
630
630
630
367
1211
630
359
271
272
320
630
630
271
1442
159
437
630
630
274
376
630
630
540
201
630
630
630
630
630
630
630
630
159
630
630
365
168
630
630
359
247
630
363
251
630
630
926
176
263
630
170
426
630
630
1040
630
630
630
630
630
630
630
420
630
630
630
296
630
258
630
630
231
406
630
630
630
361
630
630
630
945
270
630
327
158
509
313
630
630
271
630
630
158
1752
630
630
630
630
630
274
630
414
364
256
630
2382
298
630
176
630
630
630
256
299
325
272
630
630
418
630
630
630
233
170
630
224
207
158
198
425
630
346
185
630
630
299
580
406
630
630
260
630
217
322
630
462
630
658
630
630
630
630
630
630
575
630
630
475
231
348
630
630
630
158
630
265
630
630
170
630
630
630
630
630
462
630
234
1555
630
630
630
263
630
630
630
630
159
630
630
630
361
630
630
210
630
158
630
630
158
630
630
159
241
440
630
630
630
630
630
270
227
287
518
630
630
630
318
630
487
630
708
630
630
284
1521
630
189
630
382
630
268
630
912
651
630
539
363
193
630
630
630
449
312
630
630
630
990
630
560
630
275
886
630
630
168
652
575
196
630
630
288
350
826
630
630
630
552
630
423
630
456
288
630
630
421
630
780
299
630
630
347
561
261
569
630
630
562
447
630
311
250
630
630
1530
630
630
630
630
158
437
630
413
630
630
630
630
630
630
630
630
630
1798
630
630
630
630
272
630
630
630
630
630
630
630
241
630
264
630
630
630
294
221
315
630
453
630
630
301
630
630
630
255
630
630
630
630
481
353
630
360
630
789
630
630
630
630
1049
630
630
251
167
630
794
527
474
630
630
630
630
630
630
413
981
630
630
269
630
182
630
374
533
630
630
630
630
630
630
630
630
630
185
630
630
630
630
630
239
1448
630
630
630
285
279
630
630
581
630
630
649
424
630
630
334
630
630
630
630
630
630
630
618
1033
210
648
630
971
630
630
630
612
630
630
395
630
630
630
630
630
361
503
200
158
214
630
630
630
630
630
630
630
630
476
630
506
630
250
179
243
1442
630
928
630
630
630
162
630
630
630
836
190
667
630
630
630
630
630
630
1324
630
677
349
430
181
630
630
2169
630
630
630
630
620
630
1036
1790
630
630
630
630
1339
630
630
630
630
408
630
630
424
630
630
249
251
630
384
296
630
487
630
630
630
630
630
747
356
621
244
630
630
630
630
630
630
630
630
630
1071
569
630
330
630
199
630
630
630
630
630
401
239
630
630
213
326
630
630
731
630
630
630
630
630
521
198
307
630
630
630
630
665
630
630
630
462
630
630
673
630
630
630
274
630
717
630
354
630
630
502
1298
203
193
699
630
630
630
630
183
349
276
630
630
630
780
630
630
310
630
630
630
630
630
630
630
253
630
630
630
630
630
630
342
630
338
630
630
230
269
1528
630
630
630
630
630
630
630
1209
630
295
630
630
630
238
630
626
167
630
630
630
630
630
630
630
630
630
630
630
630
196
630
630
630
630
161
630
630
158
630
630
630
630
630
630
630
630
474
630
512
1858
630
630
630
665
630
630
921
218
602
630
630
630
630
630
630
630
630
630
274
630
273
630
630
630
630
630
630
271
630
562
1198
630
630
630
630
630
630
630
630
630
630
630
630
383
334
1277
252
175
476
231
630
313
630
630
630
342
630
630
630
630
480
630
630
212
219
630
630
630
630
630
347
630
537
315
1286
326
237
630
224
194
630
630
511
193
630
630
630
228
330
388
630
704
630
220
630
762
630
630
630
630
630
630
630
630
630
808
296
269
630
437
630
630
528
934
630
630
219
630
1213
630
519
363
630
630
630
630
630
347
630
630
630
630
630
460
630
630
458
630
630
630
630
630
437
630
205
630
179
848
226
2015
630
822
630
231
630
630
630
630
630
630
630
630
630
347
630
630
630
630
630
1273
630
630
630
630
630
630
630
242
176
183
630
630
630
977
630
630
786
630
630
630
757
630
272
381
630
630
630
630
630
1150
630
630
630
630
630
852
734
663
1477
630
630
630
630
630
223
630
367
630
276
219
215
630
630
630
630
731
630
376
630
630
289
630
1741
630
329
215
630
630
238
630
1382
471
630
630
630
217
630
630
391
630
630
630
360
630
630
630
630
630
630
630
630
344
630
630
630
630
630
630
164
630
630
630
1121
502
407
392
630
699
630
757
630
322
630
158
630
630
630
630
630
630
542
321
630
630
630
630
630
630
235
630
630
630
630
228
306
630
630
630
608
782
223
209
630
648
508
571
630
371
630
630
630
630
549
630
630
231
202
322
630
630
208
630
630
630
630
630
630
514
630
630
630
630
422
262
630
630
399
235
630
214
630
208
708
630
630
630
630
169
630
630
180
630
630
630
630
260
630
630
630
630
630
302
630
630
481
445
508
630
630
630
630
911
630
630
630
630
630
219
1804
630
391
630
630
466
630
630
630
630
372
630
630
193
260
630
630
630
630
172
679
433
673
630
630
630
630
357
630
630
630
630
630
630
630
630
242
630
630
630
630
3284
630
829
316
630
175
630
630
630
423
548
630
630
264
630
630
258
630
630
630
297
469
466
630
630
630
630
630
630
475
630
630
630
191
630
375
322
183
630
630
630
630
630
630
630
630
990
630
630
630
315
685
630
630
630
630
630
934
175
630
630
630
166
168
630
630
630
630
630
159
246
266
494
630
630
630
372
630
296
300
630
630
630
630
193
630
630
630
630
630
630
630
630
448
513
694
630
459
630
630
630
786
630
630
630
630
630
630
544
630
630
630
630
630
630
630
630
630
630
630
630
921
630
630
630
630
785
630
630
630
630
630
630
630
372
630
774
630
630
173
630
630
630
630
630
633
630
630
630
630
345
630
336
649
409
630
630
813
630
630
630
630
630
630
630
630
364
630
630
176
630
630
346
1430
630
250
630
630
364
630
630
630
630
630
630
630
630
630
630
630
630
727
239
630
423
199
630
630
630
1061
630
630
239
1725
549
252
630
630
630
630
630
630
630
630
596
630
163
630
630
630
181
630
630
630
280
630
540
175
1966
630
442
630
630
630
630
391
178
630
630
630
329
630
630
630
167
630
175
274
630
630
234
630
630
630
630
630
630
630
550
630
231
213
630
630
630
630
630
630
630
630
288
630
231
490
630
630
630
307
630
630
630
630
630
315
630
630
630
407
630
630
630
630
630
630
630
630
248
191
630
630
225
630
630
630
630
252
630
630
630
630
630
630
630
630
630
630
630
630
630
630
216
630
630
630
183
189
630
256
630
630
630
319
630
168
340
630
630
174
630
158
630
186
630
630
630
167
630
267
630
630
630
630
630
630
229
630
630
630
630
672
228
630
630
630
714
630
245
630
255
630
630
630
713
630
630
630
630
415
630
627
630
630
630
274
630
630
630
630
630
630
630
630
616
630
518
988
630
630
630
630
630
532
630
630
630
661
630
630
327
165
696
630
630
630
630
630
608
630
630
2164
630
630
167
630
630
630
630
630
317
630
630
630
630
630
630
630
630
630
2015
630
630
630
630
630
630
630
630
630
630
630
630
630
630
630
630
630
630
1391
630
630
630
630
265
1003
630
630
630
196
167
630
358
630
630
630
630
630
630
630
630
630
630
338
630
630
630
281
630
630
630
630
630
507
630
491
284
630
630
630
630
630
630
630
199
388
220
630
630
630
630
630
630
630
694
372
405
630
630
630
630
630
630
216
630
630
630
1886
630
630
630
630
630
538
630
630
630
630
630
630
630
1490
514
630
309
249
630
206
630
630
630
630
441
630
630
1572
630
630
374
630
630
630
630
630
630
630
264
630
630
630
202
314
630
630
630
374
630
630
630
630
630
630
630
256
175
630
630
630
630
633
572
718
630
630
630
630
873
214
630
630
630
314
630
630
630
630
487
161
630
404
223
822
630
630
630
866
545
630
414
630
243
630
194
630
630
522
1068
630
630
630
630
630
630
630
630
630
170
630
242
630
630
370
630
212
178
259
630
630
449
630
335
271
313
630
180
630
630
630
397
630
630
630
630
630
630
341
630
630
449
630
630
630
630
630
630
630
630
630
630
1021
630
342
630
630
440
630
630
497
386
630
630
593
630
630
286
261
236
158
630
630
220
630
630
399
657
253
630
630
410
186
462
630
630
630
630
200
1496
630
310
630
630
630
630
270
630
630
630
630
630
630
630
630
630
218
630
630
630
630
527
630
630
630
630
239
630
630
630
630
630
630
630
630
665
630
630
630
630
872
630
630
630
630
630
630
630
255
630
630
630
332
630
630
1084
244
630
630
630
630
630
630
427
630
630
314
630
630
630
630
630
630
630
630
630
630
630
630
630
630
1464
222
630
630
630
163
624
311
630
2169
2405
630
630
630
630
630
630
630
630
630
630
630
172
630
630
630
164
630
630
250
630
630
630
543
630
630
630
630
630
630
1464
630
630
630
630
630
368
1473
630
630
630
229
630
630
1012
355
630
630
630
199
630
630
630
630
630
287
630
172
630
630
630
630
630
298
630
347
630
630
262
630
630
630
1071
630
630
630
630
630
602
630
630
296
630
318
630
630
630
630
630
175
248
630
630
630
598
630
630
630
630
247
630
630
630
630
630
320
630
630
630
630
214
630
630
630
630
268
630
630
630
630
630
630
630
630
630
630
630
361
630
630
630
630
243
630
630
785
630
630
630
630
630
630
630
630
630
214
1213
630
368
630
297
237
630
1577
630
630
630
223
630
206
630
630
289
630
243
161
630
630
630
630
630
630
630
630
158
239
193
630
630
630
630
197
630
630
630
322
407
718
171
630
630
630
630
630
630
630
630
630
630
630
630
630
630
630
630
630
630
630
630
630
630
852
630
630
630
301
630
630
614
448
630
630
272
630
630
630
630
630
630
630
630
164
206
630
630
630
630
305
630
630
630
630
346
312
630
630
630
630
630
630
407
630
315
630
242
630
630
630
630
630
160
630
630
1018
235
630
630
630
162
630
290
630
630
196
630
266
158
282
1741
630
630
630
630
1528
630
159
162
630
630
630
1085
630
630
630
630
630
630
630
630
251
630
630
630
630
630
630
630
1021
630
630
630
630
891
630
630
288
630
1477
630
630
314
630
237
630
265
158
630
630
630
619
630
630
630
630
630
630
630
630
201
220
630
630
630
630
630
630
630
630
630
658
630
2015
630
630
630
630
630
630
269
630
630
630
630
459
847
630
511
630
630
630
630
630
630
630
1091
630
162
159
158
630
630
169
168
630
630
630
630
630
630
630
630
630
630
630
316
630
943
822
630
630
630
630
630
630
630
630
630
630
630
630
258
202
630
630
630
241
630
630
630
630
630
630
630
630
630
630
642
493
630
630
630
630
630
630
192
159
225
273
630
630
630
278
630
630
630
630
281
630
630
630
630
630
164
630
630
630
630
630
161
630
630
630
630
630
630
630
630
269
630
630
630
630
630
630
163
630
630
630
630
195
180
392
630
630
630
630
419
630
630
630
630
630
630
630
458
630
630
630
515
212
303
630
630
630
346
630
630
630
630
170
630
630
630
630
630
630
630
630
630
630
1726
630
630
630
630
630
630
630
221
630
630
461
630
630
580
630
630
630
630
159
630
630
630
752
717
630
630
630
630
630
1726
309
401
1566
630
630
630
210
630
630
630
630
1285
630
243
630
630
630
630
630
630
587
630
630
331
630
630
630
355
630
630
290
630
214
164
630
630
630
630
630
630
630
714
630
630
630
630
630
630
630
630
630
630
630
630
389
253
630
630
630
630
1473
630
630
630
630
630
630
601
630
241
630
182
630
468
630
630
630
3284
230
630
630
630
175
630
630
630
630
630
630
536
630
630
630
630
169
630
495
630
630
630
245
630
158
630
630
348
630
218
630
630
186
630
630
630
190
253
1335
630
308
630
630
630
630
1787
630
630
164
630
630
630
174
630
341
256
630
630
630
630
630
630
261
630
630
630
322
238
630
306
630
556
630
630
630
630
630
630
217
630
630
630
465
172
630
555
630
630
630
320
286
630
630
630
630
630
630
630
630
630
630
630
630
630
630
630
630
630
630
509
630
630
630
630
630
630
630
630
630
158
630
630
630
630
630
630
630
630
630
630
630
489
630
630
630
630
630
630
630
389
630
630
630
630
630
224
559
176
630
502
178
194
285
262
630
630
630
630
630
630
630
630
211
630
630
630
204
630
237
630
630
630
630
630
630
630
630
630
630
630
630
630
630
275
159
630
244
630
630
630
630
2623
630
630
630
630
630
630
630
381
306
1021
630
512
630
630
840
630
187
630
630
630
363
179
630
1448
630
630
328
630
630
630
630
630
630
630
630
630
387
1121
158
630
630
475
630
313
630
630
630
179
630
630
630
630
487
630
630
630
673
630
630
630
630
630
163
630
571
630
164
630
290
630
630
630
630
630
630
630
630
630
517
561
630
630
176
630
630
159
630
630
279
630
630
630
630
630
630
630
630
630
630
630
630
630
630
630
630
630
630
367
351
630
246
630
630
630
630
630
630
169
630
630
630
651
996
630
630
630
630
630
1597
630
630
630
1522
500
630
630
630
630
506
630
630
630
630
630
435
630
630
630
630
630
341
240
630
630
630
275
630
630
544
630
513
630
324
630
630
630
630
630
630
311
630
2169
630
291
630
630
630
630
328
630
630
630
630
630
630
630
630
630
630
630
630
630
630
630
630
1286
630
630
630
630
630
630
630
630
630
630
630
630
630
630
630
630
630
438
630
630
630
630
630
630
630
328
1505
630
470
630
796
265
630
630
630
630
630
630
630
630
630
630
630
630
630
630
630
630
630
630
630
630
630
630
630
212
630
321
630
630
630
630
630
630
717
630
630
630
630
630
630
513
630
630
630
289
630
630
630
504
630
630
630
630
630
630
630
217
630
562
630
648
169
630
630
630
630
630
630
630
630
630
630
235
630
630
630
630
630
332
630
630
287
630
630
394
630
630
377
630
630
630
630
630
630
630
630
630
691
630
630
630
630
630
630
630
159
630
630
630
160
254
630
630
392
630
630
630
537
630
630
630
256
630
630
630
630
1521
617
630
630
630
630
630
630
426
630
630
630
630
630
630
630
2382
630
630
630
311
630
630
630
630
630
184
630
630
630
226
757
630
630
630
630
630
630
630
630
630
630
630
630
630
630
630
614
630
177
630
630
630
630
283
630
630
610
630
630
630
630
169
630
630
630
630
630
630
630
630
630
934
630
302
317
630
630
630
630
630
630
630
166
630
630
630
630
234
630
630
630
1726
456
630
630
630
630
630
630
630
630
630
630
630
630
630
158
630
630
630
630
630
630
630
630
630
381
630
167
440
630
630
240
630
630
612
630
630
630
630
630
630
240
630
630
630
630
630
630
630
503
630
630
630
630
630
630
630
630
630
630
630
273
630
630
630
630
630
630
630
630
415
630
630
630
630
1790
630
630
630
630
630
630
630
630
246
630
630
630
165
454
630
630
630
483
630
158
630
630
630
630
796
630
630
630
630
630
630
630
630
655
630
630
630
630
630
353
630
630
1107
161
385
630
630
630
630
630
630
630
630
630
630
630
630
630
630
630
630
630
630
630
630
206
630
1490
630
630
630
630
630
630
630
630
630
630
630
630
630
630
630
630
630
521
883
630
630
630
630
630
630
630
630
630
630
630
630
630
630
630
630
630
630
630
630
630
630
630
630
630
630
630
630
630
630
630
630
630
630
630
554
630
630
630
630
164
1521
630
316
255
614
630
630
630
630
630
630
630
317
630
630
630
630
630
630
630
630
630
169
630
418
630
630
630
630
630
630
630
630
469
630
630
630
630
630
630
630
630
630
630
630
630
630
630
630
630
630
630
630
630
630
630
630
630
630
630
630
630
630
630
630
630
630
630
1577
630
630
630
630
630
630
631
630
630
630
630
630
630
630
181
630
630
630
277
630
630
630
630
630
630
630
630
630
630
630
630
630
630
630
630
630
630
630
630
630
630
630
341
630
630
630
630
630
630
420
630
630
630
630
630
630
630
630
630
630
630
630
386
188
630
630
630
918
630
630
630
630
630
630
630
1045
630
630
630
630
630
630
630
630
630
630
630
630
630
630
331
630
630
630
308
630
630
630
630
272
630
1155
630
630
270
630
387
630
630
630
630
195
630
630
630
630
630
630
630
630
1105
630
630
630
630
630
630
630
630
293
630
630
630
630
630
630
630
357
630
630
630
630
630
630
630
630
291
630
630
630
204
1554
630
630
630
630
630
630
630
630
190
630
630
630
630
630
630
630
630
630
630
2623
630
630
630
630
630
630
630
630
630
630
223
630
630
630
630
630
630
630
630
630
987
630
630
630
630
630
630
630
630
630
630
630
630
630
298
630
630
630
630
630
1886
630
630
630
630
630
630
630
630
330
630
227
630
630
630
630
630
630
630
630
283
630
630
630
630
929
630
630
630
630
630
630
454
630
630
630
630
630
630
415
630
630
630
630
630
630
630
630
630
630
630
630
171
630
630
630
222
630
630
630
630
630
630
630
630
630
630
630
630
190
630
630
630
389
630
630
630
271
1054
630
630
630
630
630
200
630
630
630
630
630
426
630
630
266
630
630
630
630
630
630
630
630
186
630
630
630
630
630
630
630
161
630
630
193
630
630
630
630
630
630
630
348
630
630
630
630
527
630
630
630
1858
630
630
630
630
630
2623
630
384
630
403
630
630
311
630
630
630
630
630
630
630
630
630
630
269
630
353
630
383
630
630
630
630
630
165
630
630
630
630
1505
630
630
630
630
630
630
630
630
630
630
630
630
234
630
630
402
630
630
241
630
518
630
630
630
630
630
630
311
630
630
630
1395
174
396
630
630
630
630
224
630
630
630
630
630
630
630
1391
1260
165
630
630
1131
630
630
630
630
630
630
630
204
1522
630
193
630
630
630
630
630
630
326
630
630
630
163
630
630
630
630
630
630
630
630
630
630
630
630
630
630
630
515
630
630
630
630
232
630
630
630
462
630
630
630
630
630
630
630
630
630
630
630
557
630
630
630
630
630
630
630
172
159
630
630
630
630
630
630
630
630
630
630
630
630
271
630
630
630
630
630
630
630
630
630
630
630
630
630
630
630
630
630
630
630
630
630
630
630
630
630
630
630
630
630
220
630
630
1448
630
630
630
630
630
630
427
630
630
630
630
630
630
630
630
630
630
630
630
630
630
630
369
630
630
178
630
630
1091
630
630
630
630
630
630
204
630
276
190
158
630
630
630
630
630
630
630
630
1966
630
630
630
630
630
630
630
630
630
630
630
630
630
630
630
630
630
630
1215
630
630
630
630
630
1341
630
630
630
630
630
630
630
630
263
630
630
630
630
630
630
630
630
1056
630
630
494
630
630
630
630
630
630
630
630
630
630
630
630
630
630
532
630
289
630
198
630
630
630
630
630
630
308
532
286
630
630
630
630
630
630
630
630
630
630
630
630
630
630
630
630
630
630
159
460
630
630
523
630
630
630
250
630
630
630
630
630
630
630
630
322
630
630
630
536
174
203
630
630
630
630
298
536
630
324
630
630
630
630
630
630
630
630
630
630
693
630
630
281
630
630
630
630
630
630
630
630
630
630
630
630
630
630
630
630
630
630
630
352
630
630
490
630
630
630
630
630
630
630
630
518
943
630
630
630
630
630
630
630
630
630
630
630
630
630
696
630
630
630
630
630
496
630
630
630
630
630
624
630
630
630
630
630
630
630
630
630
630
630
291
630
630
630
630
630
630
515
630
630
630
630
630
158
630
630
630
630
630
630
630
630
630
630
630
630
630
731
630
630
163
630
630
630
630
630
630
630
630
1804
630
630
630
630
630
630
630
324
160
630
1244
630
630
630
630
630
630
630
630
630
630
630
630
630
413
630
630
630
630
630
630
630
630
630
630
630
630
630
630
630
630
630
630
630
630
693
428
630
630
437
630
630
630
630
630
630
630
841
630
630
630
630
273
630
626
630
630
613
1271
630
630
630
630
630
630
630
630
630
630
630
630
630
630
630
630
266
1125
630
630
630
630
630
630
630
630
630
229
228
630
222
630
630
1167
630
630
630
630
630
630
630
630
630
630
630
630
630
158
630
630
630
482
630
630
630
630
630
630
630
630
295
630
630
630
630
630
630
630
630
873
630
630
630
841
630
1554
1353
630
630
630
630
630
247
630
630
630
630
630
630
630
630
229
630
183
630
630
630
630
630
630
281
1007
308
630
630
630
630
630
630
630
630
630
630
630
630
630
630
630
630
630
630
630
630
630
630
757
630
630
630
322
630
2169
630
630
630
630
630
630
630
630
630
630
630
630
630
630
630
493
990
630
630
630
630
630
630
313
630
630
630
630
630
193
630
630
630
630
630
630
630
630
630
630
630
630
630
630
630
630
630
630
630
630
630
1001
630
630
630
630
630
630
630
630
630
630
630
630
630
630
630
630
630
280
630
630
630
630
630
630
630
630
630
630
630
630
630
630
630
630
245
630
630
630
630
630
1120
630
630
630
630
630
630
630
630
630
630
630
630
630
630
258
158
630
197
630
630
630
630
630
630
630
630
630
630
630
630
630
630
630
630
630
630
630
630
630
630
175
987
630
630
1000
630
630
183
630
630
630
630
367
630
630
630
630
316
630
630
630
630
434
630
630
630
183
870
630
630
630
630
630
630
630
630
630
630
630
630
630
630
987
630
253
630
630
630
630
630
630
630
630
630
630
630
182
630
630
366
630
630
2130
630
630
630
630
630
630
630
630
630
630
630
630
630
741
630
630
630
630
630
179
630
630
630
630
630
630
289
630
630
630
630
630
630
630
630
630
630
278
596
472
524
630
630
630
630
630
630
630
435
630
630
630
630
630
630
630
630
630
630
630
630
1105
630
630
630
192
630
630
209
255
630
630
630
630
328
630
630
630
921
563
630
630
630
630
317
630
630
630
630
630
630
630
630
630
630
630
630
630
630
630
630
630
308
630
630
630
630
630
630
630
630
630
630
630
630
630
158
630
630
630
630
630
630
630
630
630
630
630
630
630
630
630
630
630
2169
630
630
630
630
630
630
630
630
630
630
630
630
630
630
630
630
630
630
630
630
630
630
630
630
630
630
193
630
630
630
630
630
630
630
630
630
630
630
630
630
630
630
630
630
630
630
630
630
256
630
630
630
630
630
630
630
630
630
630
630
630
630
630
630
889
630
630
630
838
630
630
630
332
630
630
630
630
390
630
630
630
630
630
630
630
630
244
630
392
630
630
630
630
630
630
630
544
354
630
630
630
731
630
630
630
630
630
630
630
225
576
630
630
630
630
630
630
630
630
630
630
630
630
630
630
630
630
630
630
630
630
630
630
630
630
630
630
355
630
630
630
630
630
630
982
190
630
630
630
630
630
270
630
630
630
185
1555
630
313
630
623
630
630
630
630
630
630
630
630
630
630
630
630
630
630
630
630
260
630
630
630
630
630
630
240
630
630
630
203
630
630
630
630
630
1339
630
630
630
630
630
630
164
630
630
163
630
630
630
630
308
630
195
630
630
630
630
553
630
630
630
630
630
630
630
630
630
630
630
630
630
630
630
654
630
630
630
630
529
630
630
630
630
630
630
630
630
630
630
630
630
215
630
630
630
630
158
630
630
630
630
630
630
630
630
630
534
775
630
630
630
630
1369
630
898
630
630
630
1451
1324
630
630
630
630
630
630
630
630
630
630
630
630
630
630
630
630
630
630
630
630
630
630
630
630
630
630
1790
630
630
630
630
630
630
630
630
630
630
630
630
630
630
630
630
630
630
630
630
630
630
630
630
630
630
630
630
208
630
630
1441
630
630
630
630
630
630
630
630
630
630
630
198
630
630
630
630
630
630
630
630
630
630
630
630
630
630
630
630
630
630
630
630
630
377
630
630
630
630
630
220
630
630
630
621
630
630
630
630
630
630
630
630
630
630
344
630
654
630
630
630
630
630
630
630
630
630
630
630
224
425
630
630
630
630
630
630
630
630
630
630
630
630
217
630
630
630
625
630
630
630
630
630
630
310
630
630
630
630
630
630
630
630
630
630
630
630
630
630
630
630
630
630
630
714
630
630
630
630
630
630
630
630
878
630
242
630
630
630
630
246
630
630
630
630
630
630
630
630
630
630
630
630
630
630
630
630
630
630
630
630
630
236
217
630
630
362
630
630
630
630
630
630
630
630
630
630
630
630
630
630
630
630
630
630
630
630
630
630
630
630
630
630
630
324
630
630
630
630
630
630
630
630
630
630
630
630
630
630
630
364
630
630
630
630
630
630
630
630
630
630
630
630
160
630
630
276
630
630
537
630
630
630
630
630
630
630
300
234
630
630
630
484
630
630
630
630
630
630
630
630
630
630
630
630
630
630
630
630
630
630
630
630
180
630
630
630
630
630
630
630
630
630
630
630
630
630
630
180
287
630
630
198
630
630
630
630
630
630
165
630
630
630
630
630
630
166
630
630
630
168
630
630
347
630
630
630
240
630
668
630
630
345
630
630
630
630
630
630
630
630
630
630
630
630
630
630
630
630
630
630
630
630
630
630
630
630
630
630
630
630
630
630
630
630
630
630
630
630
630
630
630
630
630
399
630
630
630
467
630
630
630
630
630
630
630
630
951
630
630
630
630
630
630
630
630
630
630
630
630
630
630
630
630
630
630
229
630
630
630
169
259
630
630
630
630
630
630
630
630
630
630
630
630
630
630
459
630
630
630
272
630
630
1886
239
630
630
630
630
630
282
630
630
630
630
630
630
630
630
630
226
630
630
261
630
630
630
630
630
630
630
618
630
630
630
630
630
630
630
630
376
174
630
630
630
630
630
630
630
630
630
630
630
630
630
630
630
630
630
630
630
630
630
630
630
630
630
630
630
630
630
630
630
630
630
630
630
630
630
630
630
630
526
630
630
630
630
630
630
630
630
630
630
630
630
167
630
285
630
630
630
630
630
459
630
630
630
630
630
630
630
193
630
630
630
630
630
763
630
630
630
630
630
630
630
630
630
270
630
630
630
630
630
630
630
630
630
221
630
371
630
630
630
630
630
630
630
