442
492
415
490
724
553
477
424
789
1081
436
441
429
1000
470
444
484
878
755
446
914
825
417
532
688
508
432
479
512
464
443
495
467
430
864
480
436
421
491
446
425
656
420
451
491
447
492
524
397
365
590
392
447
354
426
826
485
413
447
418
683
494
716
365
398
928
781
573
532
774
449
442
541
417
499
531
441
417
391
1670
379
409
434
438
440
450
416
458
387
803
410
836
439
748
441
381
407
651
899
618
471
606
396
412
441
418
406
400
434
398
446
390
435
462
462
1081
410
412
404
410
575
656
431
389
393
423
572
560
410
397
433
377
385
382
431
570
386
392
507
417
387
390
488
430
430
387
670
384
426
409
407
382
1242
763
414
381
381
421
353
402
428
367
391
394
844
463
365
367
707
903
446
403
426
399
1071
393
452
1071
405
841
384
504
379
379
313
396
343
341
362
382
387
372
750
388
708
465
425
358
362
430
387
409
344
421
417
359
399
767
669
370
361
421
376
383
382
358
384
629
363
422
361
342
372
390
407
544
413
483
427
639
439
362
393
955
372
328
407
843
357
358
387
394
326
413
973
454
363
345
321
404
344
427
374
387
376
350
364
391
384
392
375
376
656
374
366
356
385
372
418
330
996
379
546
387
312
366
561
399
844
378
379
362
358
374
331
395
354
389
400
359
370
1224
402
1053
311
1292
327
803
327
461
581
328
566
388
362
356
472
407
383
671
511
563
428
361
408
336
365
439
636
319
387
596
423
589
353
528
412
377
324
376
468
325
340
415
323
427
345
382
367
336
373
389
391
361
320
399
341
417
357
351
384
496
355
779
365
356
368
338
372
559
410
368
314
394
412
363
354
321
332
789
597
355
367
592
321
544
418
404
368
288
416
332
350
331
336
372
373
441
368
349
342
443
359
368
334
477
336
358
417
559
351
366
375
417
348
342
484
301
380
1360
354
355
664
1050
831
379
350
360
326
448
363
416
347
343
415
334
337
328
377
391
405
349
306
412
325
395
353
1546
359
355
376
1154
332
420
583
420
413
405
346
480
329
412
342
330
331
335
348
344
341
370
312
1292
540
374
339
376
327
292
336
371
575
312
354
341
363
340
332
445
383
658
365
373
316
367
343
332
377
331
317
382
488
296
365
432
322
326
671
311
348
362
380
364
291
355
393
338
321
358
379
428
332
369
372
437
332
319
1242
327
351
371
338
346
375
335
391
523
357
280
374
339
322
342
395
311
354
333
825
311
332
354
367
355
273
303
439
354
320
563
820
277
332
320
281
360
402
454
345
317
359
380
334
530
357
370
367
353
284
302
309
290
358
317
300
378
357
407
367
370
332
344
315
573
278
326
339
292
460
281
333
329
184
295
303
657
315
730
271
367
319
720
320
366
221
366
271
310
345
347
398
379
282
352
337
324
364
346
284
368
309
308
353
296
315
338
393
340
332
326
315
259
1670
317
381
1249
286
336
388
348
329
381
491
355
339
337
205
330
334
338
405
304
350
329
352
320
481
473
303
384
330
349
455
290
329
406
482
293
321
395
300
358
300
316
364
624
1234
928
351
310
314
370
290
234
317
304
263
314
271
388
326
543
272
262
354
312
310
304
332
361
298
344
207
329
346
325
335
301
320
295
362
724
311
475
288
519
363
413
438
377
349
335
349
345
419
284
351
298
292
276
338
345
339
505
304
329
322
573
359
297
294
337
261
276
244
372
341
348
308
544
317
343
322
307
347
440
453
342
425
241
376
322
412
289
305
345
338
350
899
341
362
334
280
412
573
327
339
337
370
439
293
299
609
326
303
348
301
310
314
321
340
281
348
344
356
365
297
262
317
388
270
364
279
308
310
337
340
388
314
230
781
383
305
400
256
355
262
274
270
301
220
293
330
377
302
281
340
283
388
387
263
414
688
305
332
382
330
178
307
239
392
380
261
324
203
309
356
280
246
276
314
377
355
345
336
291
343
312
823
337
393
269
296
338
310
367
369
394
317
549
310
261
381
294
323
473
417
312
310
392
448
374
1762
300
321
345
372
367
362
336
271
288
284
292
267
583
253
334
396
281
319
576
365
381
295
343
294
697
344
334
308
341
334
316
443
353
271
246
284
292
490
334
253
365
287
293
320
363
322
292
313
254
334
489
334
292
515
346
293
335
301
368
278
303
345
309
319
382
367
185
298
298
848
848
301
319
333
329
248
757
720
360
361
284
336
340
477
323
214
314
348
281
235
272
287
319
258
318
313
357
485
326
509
292
331
291
348
305
300
321
256
310
322
307
342
326
271
289
312
253
290
267
288
315
296
328
285
301
391
288
276
348
334
311
313
684
339
1360
268
393
443
314
456
287
467
310
501
294
263
314
384
323
316
259
300
284
370
299
305
318
288
287
256
301
276
257
322
396
259
377
292
825
327
283
439
259
360
279
265
270
280
391
326
324
289
333
331
261
211
366
310
275
297
283
274
334
408
344
319
337
356
331
299
325
317
328
271
334
306
303
300
294
276
330
307
305
278
364
242
331
306
328
332
649
235
296
225
288
310
255
201
383
300
212
316
328
288
340
378
312
151
294
576
250
385
276
339
287
282
243
292
261
358
315
283
305
330
273
301
274
311
251
288
451
281
242
313
576
275
258
293
240
308
324
237
218
996
345
341
352
576
313
318
253
266
271
291
280
334
298
272
250
191
421
330
256
767
324
290
345
349
264
322
223
1410
358
284
304
296
325
335
697
321
315
311
308
282
275
301
306
290
301
336
222
267
306
257
305
291
227
441
250
334
280
383
283
294
264
535
257
336
277
331
289
184
297
196
286
272
217
277
298
267
306
234
259
214
337
292
248
374
348
259
413
243
375
251
268
325
386
250
328
543
284
275
292
265
512
308
306
295
307
197
325
291
282
272
288
279
394
291
280
298
307
312
392
283
257
344
299
294
466
216
282
527
273
253
301
294
365
324
280
278
397
323
219
185
264
262
382
267
299
319
361
336
149
230
378
282
305
310
260
314
228
356
277
256
366
267
301
269
346
289
328
379
294
259
303
341
320
295
229
254
320
265
241
277
270
300
277
280
376
241
576
223
348
292
349
320
310
763
348
347
268
409
301
296
290
259
296
262
245
244
387
316
444
267
230
270
314
202
245
335
368
307
576
226
255
349
478
293
339
289
291
263
301
576
318
409
290
573
207
327
820
330
274
353
268
291
288
244
352
220
311
507
357
260
831
350
353
321
296
227
229
182
239
194
232
281
308
255
300
576
340
327
336
280
188
294
307
303
316
276
249
184
277
335
300
279
361
245
273
313
232
344
273
187
399
293
223
360
293
282
262
301
288
274
303
157
270
372
283
305
306
237
335
325
265
304
290
282
287
346
368
576
809
145
330
255
263
261
270
309
157
236
289
323
259
329
259
325
292
334
188
362
576
274
275
300
283
278
232
401
304
260
269
263
221
225
260
297
335
293
351
288
317
341
305
255
288
282
239
293
277
305
351
353
1053
194
445
281
280
314
253
273
285
294
256
239
175
273
350
319
903
255
406
191
301
283
212
426
292
315
242
284
250
374
309
259
164
196
228
295
279
306
314
273
512
261
348
683
245
365
218
291
234
258
193
253
283
383
259
272
311
239
273
293
363
289
239
266
351
245
418
411
289
249
262
270
576
277
238
302
243
245
461
251
198
204
252
226
213
265
535
235
245
318
576
576
276
318
286
249
276
221
266
234
276
436
312
350
239
289
343
241
275
175
297
341
185
172
282
251
576
230
219
320
290
306
314
157
294
305
326
269
307
269
342
250
321
304
258
269
261
262
306
321
183
274
275
283
310
259
264
164
281
272
303
264
196
297
233
277
576
249
294
280
316
333
270
257
382
259
234
269
240
311
300
244
334
938
214
289
292
305
274
365
267
311
297
362
550
269
274
394
296
209
352
185
297
255
323
147
257
211
294
300
286
405
272
264
173
271
209
318
280
180
306
178
283
315
318
285
176
221
288
312
173
291
267
360
289
283
217
323
252
226
257
226
258
290
669
325
318
251
268
245
240
290
576
197
210
313
313
312
414
332
243
321
492
384
276
226
205
179
284
274
340
264
214
265
306
244
576
211
181
218
235
265
279
273
257
244
230
293
289
278
214
576
350
305
289
289
521
304
250
354
255
274
214
288
280
598
234
261
182
252
222
268
241
266
298
225
308
294
257
460
240
317
576
337
324
330
576
398
383
282
203
292
318
220
511
221
196
399
260
297
362
327
288
266
248
285
576
374
270
191
288
239
287
316
389
169
255
248
300
576
270
340
260
233
280
279
272
236
245
329
267
260
341
194
235
275
186
269
576
285
337
431
161
257
319
152
263
206
338
265
248
282
296
576
305
352
295
241
357
388
576
181
323
253
276
284
262
316
230
223
276
388
243
266
576
302
168
275
253
235
215
234
298
288
262
321
175
187
391
294
302
263
241
242
250
315
145
225
243
248
215
264
237
259
282
207
280
446
576
264
251
295
268
274
576
214
576
269
319
314
153
355
215
288
240
256
232
259
517
235
248
240
239
396
187
235
231
271
283
305
327
271
255
259
245
276
258
294
328
309
221
186
234
271
243
244
243
281
299
286
243
266
576
237
269
349
261
181
267
241
265
324
220
155
576
288
256
181
281
238
287
294
246
220
224
283
229
231
576
259
284
247
260
396
413
207
239
294
344
313
319
417
289
576
303
319
298
277
285
200
153
241
170
444
276
324
281
268
257
329
226
576
592
1410
279
576
576
262
260
256
287
212
159
271
251
267
480
317
576
358
322
259
284
290
235
172
240
214
474
238
431
227
171
284
275
296
189
254
225
219
316
252
290
246
260
323
210
326
230
234
203
297
218
164
275
290
208
151
286
277
336
303
190
182
233
283
273
249
250
576
345
236
241
229
300
327
269
222
234
208
230
354
228
213
266
253
220
144
239
241
238
576
323
280
308
195
313
186
227
254
576
200
283
576
450
286
282
277
335
239
242
576
232
172
576
262
313
290
252
380
332
303
291
448
226
334
162
335
202
399
261
467
276
277
324
273
250
266
286
237
576
576
576
299
293
298
220
157
327
279
196
207
271
303
187
322
272
293
276
233
576
292
576
303
219
576
254
337
295
668
361
243
231
288
207
267
171
213
290
205
246
250
288
206
264
195
308
382
272
316
300
576
265
297
204
222
209
217
146
253
267
228
266
295
322
576
182
234
233
237
576
314
252
394
317
144
576
402
576
229
201
342
203
210
219
307
378
371
289
229
319
284
320
166
301
274
158
311
219
288
256
310
272
161
216
235
249
203
152
306
197
257
576
191
191
171
269
349
276
576
194
479
295
219
290
317
204
296
272
323
192
212
287
186
226
162
576
156
300
267
159
236
576
251
238
215
255
273
347
216
182
253
300
246
348
386
306
242
275
246
267
281
275
488
366
235
148
351
190
204
286
254
278
285
191
576
242
576
171
305
357
238
233
194
165
238
297
235
241
242
368
208
228
149
263
287
366
246
576
245
235
144
576
242
324
271
251
210
576
338
308
257
186
248
154
180
1242
284
262
151
293
156
308
351
209
576
285
472
576
251
339
199
304
576
285
264
576
576
183
192
576
239
256
199
250
223
576
576
265
222
576
250
275
306
265
222
279
282
288
246
247
301
293
289
261
249
242
222
368
157
576
576
281
237
210
171
315
189
246
204
311
277
232
313
277
148
161
590
576
195
362
187
222
219
256
293
232
576
259
258
152
264
263
576
185
290
298
188
576
592
180
260
250
261
844
576
193
235
268
221
576
256
511
576
317
576
288
166
195
269
349
576
219
238
246
258
251
222
193
282
244
252
260
576
316
310
214
475
576
279
261
145
236
156
576
315
255
271
219
576
576
224
272
265
177
221
238
576
386
268
281
261
297
299
576
226
151
156
576
576
213
223
576
304
228
279
282
241
301
242
243
357
189
254
203
184
148
214
302
287
328
576
258
576
353
210
246
190
576
174
307
221
576
144
576
242
310
274
178
576
327
259
233
273
211
259
297
576
238
145
276
221
222
576
159
576
286
576
269
313
198
716
237
172
168
576
576
266
277
256
576
180
576
166
201
235
576
214
576
219
275
161
239
576
264
148
273
237
221
293
144
576
260
220
291
187
482
237
240
204
225
576
202
236
185
271
755
270
220
230
178
372
153
168
164
154
218
185
254
145
304
157
302
220
348
188
371
333
348
352
159
576
307
241
211
247
293
232
274
147
171
576
165
234
156
259
189
277
279
576
301
576
375
210
235
267
282
576
246
233
231
246
576
273
341
144
160
750
158
475
169
198
268
200
150
210
263
576
250
227
576
204
290
364
576
144
173
216
147
258
351
190
161
234
281
194
288
144
326
275
250
222
280
159
288
379
576
576
576
217
349
576
319
189
576
275
283
150
211
311
166
399
290
576
576
576
150
210
174
277
212
442
236
327
292
213
576
155
196
224
242
199
228
256
576
576
199
206
195
244
156
265
270
576
200
576
224
576
270
337
341
220
287
204
227
576
576
305
224
576
322
340
576
275
191
244
312
316
298
248
576
265
576
196
484
285
576
243
203
242
256
576
190
291
206
297
213
223
543
532
158
576
169
156
217
270
197
145
286
576
576
160
157
576
249
216
282
180
257
207
236
291
237
576
286
189
152
275
253
301
286
576
576
204
576
576
576
188
201
165
261
223
213
261
576
267
264
292
199
576
287
318
202
357
268
576
252
576
196
229
229
244
273
198
325
248
576
273
257
240
177
275
185
291
576
576
576
576
227
256
298
409
247
275
256
519
576
152
266
216
245
315
269
269
245
360
176
576
182
576
185
289
576
576
220
260
453
227
576
417
195
263
576
261
194
576
173
168
216
576
165
240
205
576
576
227
149
576
194
268
576
229
576
194
187
621
192
146
576
576
576
1802
225
168
576
152
576
576
155
155
250
248
220
220
256
276
146
241
266
275
284
286
303
209
152
298
232
186
194
238
224
576
184
482
226
283
576
576
576
196
144
301
154
286
276
183
188
238
576
268
272
159
246
266
242
193
218
207
576
178
149
229
235
281
199
324
287
171
151
160
576
171
312
245
576
227
202
154
304
576
266
277
199
576
333
204
192
166
422
216
576
576
576
219
248
576
305
576
576
576
274
576
276
239
576
252
576
211
209
316
576
576
171
576
576
576
226
230
576
576
220
576
267
576
275
157
576
198
244
211
145
576
179
219
152
1439
160
169
198
315
1616
252
576
262
433
175
576
252
285
262
287
273
576
170
576
262
272
576
219
259
244
262
576
191
179
295
268
224
215
184
147
162
543
255
576
576
576
246
274
576
194
145
576
260
576
177
576
237
189
292
199
605
576
576
305
576
241
419
576
246
174
306
158
144
328
576
576
705
251
186
576
576
576
576
250
576
257
247
576
576
576
576
201
231
576
576
246
261
576
186
318
267
318
169
247
237
576
190
302
576
576
576
255
296
285
267
287
576
220
254
576
576
1410
576
311
576
576
255
576
258
246
238
576
576
576
191
576
241
299
322
247
576
576
576
576
240
297
576
576
576
172
576
199
172
251
308
257
186
826
181
352
576
189
154
576
274
576
300
302
269
237
174
144
481
576
236
231
264
238
212
576
184
190
215
205
294
576
576
255
576
576
163
364
184
576
576
576
225
199
576
576
576
264
144
576
178
576
576
576
252
199
576
211
270
576
576
576
576
167
187
252
576
230
576
251
235
203
290
576
576
263
508
145
576
302
576
175
576
163
576
576
239
576
576
156
231
240
220
271
222
576
576
576
242
576
202
576
576
576
576
576
576
148
181
229
267
265
201
576
283
576
576
173
255
205
212
576
243
183
576
281
200
576
265
576
285
206
576
207
576
208
175
180
389
219
576
364
276
576
415
272
281
264
199
220
287
184
576
576
243
269
549
576
576
576
240
222
290
264
576
340
228
576
166
576
356
576
216
164
576
193
576
252
576
191
576
277
576
336
308
576
203
236
194
269
191
576
250
288
576
576
195
576
170
576
373
145
166
462
149
576
576
576
262
266
287
213
205
246
305
576
274
241
576
452
576
576
270
576
220
164
231
576
251
576
576
287
239
315
576
193
576
503
280
151
576
230
198
576
576
240
305
242
576
328
576
576
343
201
238
576
145
576
576
576
194
576
367
576
164
228
237
167
382
576
424
197
576
576
244
296
245
218
392
206
576
223
295
146
576
576
576
576
276
174
576
576
262
181
300
1377
206
576
576
286
576
576
576
576
576
576
275
151
576
576
227
282
576
576
198
576
246
231
197
253
417
289
236
576
196
219
331
254
576
163
266
576
576
576
254
576
576
576
576
576
576
183
576
576
576
166
202
283
207
178
156
144
267
576
154
242
180
576
274
147
576
196
187
159
174
207
273
289
176
238
576
184
576
576
576
576
265
576
260
233
576
253
576
286
271
576
576
210
149
576
576
285
576
576
576
268
254
192
576
268
272
251
576
168
171
576
576
220
576
576
246
576
316
576
289
264
214
272
192
273
229
144
215
1249
576
249
576
576
188
576
452
226
256
296
240
250
195
273
207
227
576
282
196
576
576
576
305
576
576
233
576
200
262
178
190
288
576
166
576
144
576
277
173
190
181
215
188
211
576
160
168
225
402
355
576
188
236
226
289
576
146
576
144
308
576
576
576
576
576
187
247
576
190
144
147
576
244
234
282
229
576
576
210
576
210
823
375
230
204
576
576
576
170
187
301
282
576
576
218
161
244
576
576
226
348
576
576
167
224
576
196
215
247
576
220
261
576
146
576
190
297
576
184
576
265
576
172
170
242
144
576
576
324
148
576
267
156
576
563
576
264
144
258
309
193
576
262
576
576
576
576
186
281
210
224
276
576
576
576
155
576
576
576
338
243
225
683
576
161
303
187
302
576
576
227
184
223
154
170
179
222
310
576
576
262
576
365
576
194
266
170
144
576
576
576
576
228
180
144
576
576
576
283
576
576
147
194
576
192
576
199
576
154
576
163
258
192
249
244
194
147
241
576
225
543
296
576
576
576
576
576
576
175
576
217
576
576
576
576
576
299
576
576
576
148
268
294
576
576
576
188
208
576
576
636
192
576
194
576
576
182
265
576
199
283
259
576
187
241
278
152
576
176
576
576
576
576
223
301
177
576
576
209
576
576
250
219
144
576
311
576
576
576
576
146
576
239
292
245
576
576
576
576
309
576
208
154
170
576
576
576
576
576
169
576
576
576
576
576
576
392
299
225
576
576
576
372
256
211
146
576
576
301
198
441
576
147
576
576
158
576
576
156
576
278
576
576
186
576
576
188
149
576
576
225
576
175
262
300
576
576
576
199
576
375
151
162
570
576
576
576
215
576
199
211
576
576
180
145
200
340
306
576
576
191
576
576
220
576
229
576
576
308
284
576
576
170
576
576
576
576
204
576
160
576
144
576
264
149
576
576
260
576
203
576
576
576
576
218
576
576
576
576
576
251
191
576
576
576
217
576
447
239
576
204
576
576
256
576
188
576
191
182
242
576
276
195
576
158
184
576
225
179
576
153
276
576
163
229
280
274
164
144
310
576
188
176
576
576
576
576
178
576
232
254
576
576
576
576
576
198
576
576
576
242
471
214
576
224
594
234
324
576
176
576
576
576
239
154
576
228
207
576
236
576
576
576
576
576
576
347
225
148
236
576
268
163
212
274
576
576
576
181
576
321
227
576
576
576
576
576
576
576
576
576
164
576
200
576
576
576
576
576
576
576
576
257
576
576
308
321
237
154
304
576
576
219
576
175
576
576
576
157
576
236
576
280
168
576
576
576
221
205
253
576
209
173
576
269
223
186
297
173
590
576
191
576
194
204
379
576
152
235
220
914
576
576
576
154
576
164
576
576
576
261
576
145
576
576
576
191
181
576
576
576
576
190
576
576
220
576
271
576
176
236
576
236
158
576
576
209
576
576
576
229
346
576
163
156
153
283
257
576
178
576
154
364
576
576
157
193
576
224
361
168
196
242
576
576
197
576
576
181
576
237
576
576
220
198
314
188
576
576
259
238
576
159
576
576
240
559
277
576
205
576
576
197
576
576
233
576
151
576
181
576
233
155
717
576
576
241
144
175
576
287
576
576
189
576
576
233
283
576
274
576
576
576
222
190
576
147
256
576
576
576
208
347
204
576
312
235
576
151
576
160
576
576
576
204
576
576
173
576
576
282
576
576
576
212
576
576
154
184
576
576
238
576
198
209
224
297
576
576
576
576
576
145
306
209
338
576
304
576
241
576
576
182
177
257
576
576
184
576
576
196
576
261
576
576
145
222
576
576
576
186
290
576
189
576
345
198
214
260
171
576
576
576
576
576
268
576
576
576
576
182
212
576
177
576
235
216
576
268
576
341
576
576
427
576
576
576
1762
219
576
576
576
174
273
576
576
187
576
147
235
153
497
215
576
203
576
576
576
251
576
271
576
576
196
576
223
576
576
576
242
230
576
576
202
222
162
248
576
214
198
175
576
576
576
576
186
576
576
576
576
278
576
167
576
576
175
228
187
576
576
223
576
576
576
235
576
576
576
164
576
216
576
576
576
576
576
198
201
576
576
146
576
176
576
576
576
576
227
189
176
576
576
576
269
576
190
576
576
159
576
220
576
576
576
576
576
325
144
576
486
576
576
298
208
576
576
236
576
182
244
576
288
218
576
576
146
237
576
576
576
576
472
226
576
576
189
576
576
236
576
576
576
206
180
576
576
192
576
235
576
296
576
229
576
164
576
202
576
576
257
576
196
278
246
190
166
227
576
576
234
303
576
195
167
621
576
576
270
576
173
576
187
324
272
576
227
392
237
299
576
221
149
197
576
153
576
576
576
576
576
576
281
154
576
576
160
576
251
576
576
576
216
576
576
576
197
212
146
576
246
576
576
576
222
280
220
155
190
260
276
576
330
283
206
255
167
576
263
219
192
243
194
576
169
576
576
576
576
145
150
576
576
282
576
197
576
186
576
576
241
779
576
576
576
192
576
153
576
174
312
167
255
226
547
576
167
576
576
209
189
576
221
172
576
181
199
576
576
576
576
576
224
576
576
576
576
576
154
258
212
240
576
576
576
534
291
576
576
208
576
576
576
295
576
576
576
576
156
576
576
576
576
352
576
576
576
241
576
220
576
181
576
576
576
576
220
576
279
576
576
576
232
576
576
576
576
272
272
145
161
576
148
237
576
576
576
576
265
576
201
576
576
576
576
177
257
576
576
157
257
576
386
576
576
576
576
576
576
576
243
247
247
576
576
576
576
576
389
576
576
576
576
262
576
153
576
260
576
204
576
224
576
576
294
576
576
576
576
576
276
285
576
576
576
183
576
195
234
247
207
576
166
576
266
576
161
222
249
576
237
423
196
179
576
576
576
576
576
223
174
219
576
226
204
559
212
576
576
576
164
576
226
576
297
576
576
576
576
576
576
576
576
576
331
576
576
576
576
576
576
576
576
576
483
191
576
576
242
576
576
186
266
239
169
154
576
576
576
348
576
576
576
576
307
576
576
198
576
576
576
576
576
576
214
576
576
576
576
234
576
255
576
576
576
305
576
576
224
576
576
592
249
192
299
215
236
576
239
576
235
288
576
576
576
164
576
259
289
148
180
576
240
230
576
225
144
576
576
576
170
334
576
576
576
223
240
576
144
1439
576
576
576
254
576
189
203
576
576
576
576
576
245
576
576
576
271
576
246
576
576
199
576
576
576
223
226
258
576
576
267
576
576
217
576
576
576
576
246
576
152
576
221
576
172
200
238
167
576
576
576
576
576
220
576
576
576
576
576
186
576
576
1234
576
576
576
576
576
576
170
576
576
576
150
576
576
576
156
219
170
206
576
576
576
576
576
576
172
576
576
576
576
185
576
576
576
576
232
252
425
156
576
280
576
576
576
576
576
144
576
576
208
201
576
145
576
576
576
144
576
175
576
576
576
576
576
576
187
194
576
197
250
576
576
576
209
576
198
576
576
576
576
576
576
171
576
351
576
576
158
576
576
159
576
576
576
170
220
238
576
576
213
162
576
576
160
147
576
150
276
168
234
576
576
576
576
576
576
576
253
576
576
576
188
168
576
211
576
576
576
219
207
223
576
576
576
576
576
144
576
576
576
576
576
576
187
154
146
286
881
576
576
576
225
576
173
228
576
576
164
576
576
576
576
576
576
576
249
576
150
576
576
576
228
576
152
576
576
308
194
267
576
272
576
576
576
334
576
576
576
576
221
576
576
576
230
576
576
154
245
576
190
576
576
152
576
501
224
576
202
576
576
244
576
433
576
150
576
576
576
576
275
248
179
271
576
576
576
576
576
144
199
262
576
576
576
223
272
576
576
576
576
576
576
206
576
148
576
576
576
576
576
576
576
212
576
576
576
189
576
576
205
576
576
252
576
576
155
576
576
576
203
576
210
576
576
152
576
167
176
144
576
227
576
576
576
576
200
190
576
576
576
468
576
576
576
576
576
576
287
247
576
576
576
576
576
576
576
576
576
576
241
229
201
576
169
576
576
576
576
270
576
576
576
174
576
576
266
220
576
576
576
199
576
248
172
576
576
207
576
195
576
576
224
576
280
576
233
576
576
576
576
576
576
576
576
576
576
576
576
196
576
576
576
576
576
576
576
576
198
576
576
576
263
576
184
153
225
220
576
576
576
576
576
576
576
576
576
243
576
154
206
576
576
576
576
211
576
178
151
576
272
576
576
576
245
576
576
576
185
576
576
576
576
147
415
576
576
576
576
179
205
233
576
194
576
576
576
576
576
576
576
182
576
576
576
576
172
576
285
164
576
576
308
576
576
576
576
576
576
576
195
576
576
186
218
147
576
229
253
255
576
576
576
576
576
576
255
144
576
576
174
576
576
576
576
576
576
576
576
203
576
576
576
576
576
229
241
576
576
576
576
576
576
576
576
576
576
576
576
576
576
576
576
215
144
576
576
177
576
576
551
160
576
230
576
576
576
224
576
462
576
212
576
199
145
576
576
576
576
576
576
576
576
576
576
161
156
576
576
576
576
576
576
576
576
576
576
248
576
189
576
576
576
672
576
576
576
576
172
576
198
576
576
576
576
576
576
576
576
260
178
576
198
274
308
576
576
576
672
197
576
576
227
273
576
576
203
576
177
157
576
576
194
576
576
576
280
153
576
233
576
576
484
214
160
576
179
576
576
576
302
197
576
576
576
576
576
181
576
576
576
576
576
576
576
168
576
244
576
576
576
576
288
576
576
576
576
576
576
576
576
576
238
194
576
576
144
576
576
576
204
576
576
197
576
576
576
576
576
284
576
576
576
576
154
156
576
576
576
146
296
576
298
157
764
144
290
576
576
151
576
576
576
576
576
576
576
188
266
576
576
576
576
279
576
576
576
147
195
576
576
576
576
576
309
204
576
764
576
576
576
576
576
273
576
576
576
294
576
576
576
222
211
576
576
576
576
237
576
576
189
350
268
268
576
215
576
576
576
576
576
576
576
255
576
172
576
250
576
576
576
576
576
277
576
146
576
222
247
576
145
576
576
216
576
576
576
576
576
173
576
576
576
576
576
576
576
259
576
576
576
576
576
576
170
576
320
576
576
576
576
576
177
576
204
576
576
576
576
587
576
576
576
576
576
576
576
576
576
576
576
576
576
250
214
576
171
576
576
576
576
576
576
576
576
576
163
216
576
576
264
576
576
576
576
576
576
214
576
576
576
206
576
576
576
179
249
265
576
576
576
266
200
576
576
233
576
576
234
576
576
576
576
180
576
576
576
576
576
240
576
576
576
172
175
576
576
576
576
576
576
576
576
199
336
161
576
576
576
199
172
262
576
147
576
165
165
232
576
576
304
252
220
576
375
209
576
576
576
576
576
576
576
576
576
576
576
576
192
643
163
150
576
576
576
576
301
576
311
576
576
576
576
576
576
576
576
576
576
145
576
245
576
576
576
576
576
576
576
248
281
576
576
576
220
576
576
576
576
576
234
576
576
243
576
576
576
148
576
576
297
576
576
576
181
576
576
576
576
150
576
576
576
576
576
576
576
576
576
576
576
576
145
576
576
144
576
576
576
576
144
576
576
576
576
576
576
576
576
576
157
576
576
144
576
576
576
576
576
576
576
576
243
576
576
144
576
576
576
576
576
576
203
576
153
576
576
211
576
576
190
576
576
576
576
576
576
576
576
576
257
576
576
576
576
576
576
576
576
576
576
576
576
256
174
576
576
576
576
576
576
576
228
576
264
576
576
576
576
241
576
576
243
576
576
576
576
576
576
576
254
576
576
576
576
222
195
225
576
576
576
576
576
576
576
576
576
576
576
576
576
576
576
294
576
576
576
576
576
576
576
576
576
576
576
576
576
576
307
164
576
576
576
275
576
576
576
576
185
576
193
165
576
233
576
576
326
576
152
219
576
576
576
576
576
576
576
210
576
576
576
325
576
576
576
153
576
576
198
576
144
147
576
576
213
576
576
576
576
576
576
576
225
576
576
576
576
576
576
576
576
576
226
576
289
576
576
576
576
576
576
576
576
576
576
576
576
576
576
576
576
576
576
576
576
576
576
576
576
576
576
282
576
576
576
576
576
576
288
339
576
576
219
144
144
247
576
576
273
576
576
576
576
576
576
576
576
146
576
576
576
576
153
576
149
576
223
197
576
576
576
576
576
576
576
576
576
576
576
576
213
576
234
576
576
576
576
576
283
576
576
157
576
576
576
576
576
576
576
188
576
576
576
576
576
576
158
576
576
576
320
576
576
195
576
173
180
576
576
576
576
218
576
576
576
576
145
576
576
576
203
144
307
576
576
576
576
576
576
576
276
576
144
198
576
576
576
164
576
576
576
576
576
576
576
302
576
220
576
576
576
576
177
278
144
576
352
576
576
576
576
576
576
576
576
576
576
576
576
576
189
144
576
576
576
181
576
576
576
576
576
576
576
576
576
576
576
576
576
576
576
576
610
576
576
576
576
279
262
576
576
576
576
576
576
576
177
576
576
576
576
576
576
576
576
150
576
302
576
576
576
576
235
302
151
576
576
576
260
576
576
576
521
576
576
576
576
576
576
148
576
576
576
192
576
576
576
181
167
576
576
576
283
576
191
576
576
576
230
576
576
144
576
576
576
184
576
289
576
576
576
576
576
576
576
576
325
576
576
576
576
576
230
576
576
512
576
576
280
576
576
255
576
576
194
576
576
576
198
576
576
576
576
576
576
576
576
576
178
576
576
576
576
576
576
576
576
576
576
576
576
576
576
576
576
576
169
576
576
576
576
824
576
221
576
576
233
576
576
576
576
576
576
576
576
576
168
576
576
371
576
576
576
576
576
576
576
576
576
576
576
576
576
576
576
576
576
576
576
576
576
576
576
576
576
169
576
156
576
158
576
576
576
254
576
576
149
576
166
576
576
576
194
576
576
576
576
576
576
151
576
576
576
576
576
576
195
576
208
576
576
156
576
576
576
576
576
576
576
576
576
576
576
576
158
576
285
576
576
576
291
576
273
576
576
576
576
576
576
576
576
474
152
200
576
576
576
576
576
576
576
576
576
204
576
576
492
576
576
576
157
576
576
576
576
144
576
576
576
576
576
576
576
576
576
576
576
576
576
576
576
576
576
576
576
576
576
198
576
576
176
576
576
576
576
576
576
576
576
576
576
204
232
576
576
576
159
187
267
576
576
576
576
576
205
576
576
576
576
576
664
576
576
576
576
576
576
576
576
576
256
576
576
576
576
576
576
576
576
190
576
576
576
244
576
576
576
576
576
392
576
576
576
576
576
576
576
257
367
164
576
576
174
576
576
576
576
576
264
576
225
576
576
576
146
576
576
576
576
298
576
576
157
576
576
576
576
576
576
576
209
576
576
576
576
215
576
576
576
576
576
344
576
576
576
576
180
576
224
576
576
576
576
576
576
576
167
576
144
576
576
576
576
576
576
576
576
576
576
576
576
576
576
576
576
576
576
576
576
576
576
576
156
576
576
576
576
576
147
576
576
576
576
576
576
576
576
576
576
576
576
576
576
576
576
240
576
576
576
576
576
576
576
259
216
576
212
576
576
168
576
576
576
576
576
576
576
576
576
144
576
192
576
576
576
576
576
576
198
576
576
576
576
576
576
576
576
576
576
576
174
576
576
576
181
576
211
576
576
148
576
576
576
576
576
576
576
576
576
206
576
576
576
576
576
145
576
202
576
576
576
576
576
576
576
576
576
576
576
576
576
576
576
576
576
576
576
178
576
576
576
576
823
576
576
267
576
576
576
576
576
576
576
169
576
576
187
576
576
576
153
576
576
576
576
576
576
230
576
576
576
576
576
576
576
576
576
576
576
169
159
576
576
576
576
576
273
166
576
576
151
576
576
576
576
149
576
576
576
576
576
170
576
576
576
576
576
576
243
576
576
576
576
576
292
190
576
576
576
576
576
576
576
576
576
576
576
576
153
576
576
576
576
576
576
576
576
576
576
576
576
576
576
576
576
576
576
576
576
576
576
576
576
576
467
576
576
576
576
201
576
576
576
576
576
236
576
576
576
576
576
161
576
576
576
576
576
576
576
576
576
576
576
576
576
576
576
576
576
202
576
576
204
576
576
576
576
576
576
576
576
576
576
271
277
576
576
576
576
576
234
237
576
288
576
146
576
576
576
576
576
576
576
576
576
576
576
576
576
576
576
576
576
576
576
576
576
576
576
576
576
576
576
576
576
219
576
576
576
576
576
576
265
576
576
576
576
576
576
576
576
576
576
576
576
576
576
576
576
576
576
576
320
576
576
576
170
576
145
576
576
576
576
576
576
576
576
576
576
576
576
576
576
576
576
576
576
576
576
576
576
576
576
576
576
576
576
576
576
264
576
576
576
576
576
576
576
576
193
576
576
576
162
576
576
576
576
576
155
576
576
576
576
576
422
576
576
419
576
576
576
576
576
576
576
576
182
576
576
576
209
576
253
576
576
576
576
576
576
576
576
576
576
576
576
576
576
844
576
576
576
576
576
164
576
576
576
576
576
228
576
576
576
144
576
576
576
576
241
576
576
250
576
162
576
576
576
576
576
576
576
576
576
576
576
576
576
576
576
576
576
576
187
576
576
576
576
576
576
576
576
576
224
576
576
281
576
576
576
576
576
576
576
576
576
576
185
576
576
576
576
576
576
576
298
576
576
576
576
576
576
576
576
576
576
576
576
576
157
576
576
576
576
576
576
576
576
576
576
576
576
576
576
164
576
576
576
576
576
175
576
576
576
576
252
576
576
186
576
576
576
160
576
576
576
152
576
576
576
576
576
576
176
576
576
576
576
576
576
576
576
576
576
576
576
229
576
576
576
576
576
576
576
576
576
161
576
713
576
576
148
576
576
576
576
576
576
576
576
576
576
576
576
501
576
576
576
576
144
576
576
576
576
576
576
576
576
576
576
576
576
576
193
576
576
576
576
576
576
576
684
576
576
576
576
576
576
576
576
576
576
576
576
576
576
576
576
576
576
160
576
576
576
576
576
576
576
576
576
576
576
576
150
576
576
576
576
576
576
576
399
576
576
190
576
576
576
576
576
169
576
576
576
576
576
146
576
576
576
435
576
576
576
576
202
312
576
251
576
151
576
576
576
576
576
178
576
176
576
576
576
576
576
576
576
576
576
240
576
576
576
576
576
576
576
249
576
576
576
576
576
576
576
576
576
576
576
576
576
156
576
576
576
191
576
576
576
576
576
576
576
576
576
576
576
576
576
576
576
576
576
576
576
576
152
576
576
576
576
1616
576
576
200
576
576
223
576
576
576
576
576
576
186
576
576
576
177
269
576
576
576
576
219
576
576
576
576
576
576
576
576
576
576
576
576
576
576
576
576
576
576
242
283
576
269
576
576
881
576
576
576
576
576
576
181
576
576
576
171
210
576
576
576
576
181
576
576
576
576
576
144
576
576
576
576
576
576
576
576
576
576
576
204
576
576
183
576
218
162
576
576
576
576
576
576
576
576
576
576
576
576
576
576
576
576
156
576
576
576
576
576
576
576
576
576
576
576
576
351
205
228
576
576
576
576
576
576
576
213
576
576
576
576
576
576
576
576
576
144
576
181
576
576
576
576
576
576
576
576
576
576
576
576
576
576
576
576
576
576
576
576
576
576
576
576
231
576
576
576
576
576
576
576
576
576
576
576
576
576
576
576
576
576
576
576
576
576
576
576
576
576
576
576
576
576
576
222
250
576
576
576
576
576
576
576
576
576
576
532
576
576
576
576
576
576
576
576
216
576
576
576
576
576
196
576
576
576
576
576
576
576
576
213
576
576
576
146
576
576
576
576
576
576
576
576
174
576
576
576
576
576
369
576
576
576
576
576
576
576
576
576
576
576
576
576
576
576
226
576
576
576
576
576
478
576
576
576
576
576
576
576
576
576
449
576
576
576
576
576
576
576
178
576
576
576
576
576
576
576
576
576
576
576
576
576
576
576
576
576
576
576
576
576
576
576
576
576
576
576
576
576
576
576
576
576
576
576
576
179
576
576
576
576
576
576
576
576
576
576
576
576
576
576
576
202
260
576
576
576
576
576
576
236
576
576
576
576
576
576
576
576
576
576
576
576
576
576
576
576
576
576
576
576
576
576
576
576
576
576
576
576
576
576
576
576
576
576
576
202
576
576
576
576
194
576
576
576
576
576
576
576
576
576
576
576
576
576
576
576
576
206
576
576
576
576
576
576
576
576
576
576
576
576
576
179
576
576
576
576
576
576
576
576
576
576
576
213
576
576
576
576
576
576
576
576
576
576
576
576
298
154
576
576
152
576
576
576
576
576
576
147
576
576
576
576
576
576
181
576
576
576
148
576
576
519
576
239
576
576
576
576
576
576
576
576
576
576
358
576
576
576
576
576
576
576
576
576
576
576
145
576
576
576
576
576
576
576
576
576
576
576
215
576
246
253
576
576
576
174
576
576
576
576
576
576
576
180
576
576
576
167
576
576
576
324
576
576
576
360
576
576
172
576
576
576
169
576
576
405
576
576
576
576
229
576
576
576
576
203
576
576
576
576
576
576
576
576
576
576
576
576
576
576
576
576
576
576
576
576
576
576
576
576
576
576
576
576
576
576
576
147
576
242
576
576
301
576
576
576
576
576
576
576
576
576
576
576
576
576
576
576
576
576
576
576
576
576
208
576
576
576
400
576
576
159
576
576
576
207
576
576
576
576
576
576
576
576
576
317
576
211
576
576
576
576
576
576
198
145
576
576
258
576
576
576
576
576
576
576
234
576
227
170
576
576
576
576
576
576
576
576
576
576
576
576
576
576
576
576
576
360
576
576
576
576
576
576
576
576
576
576
576
576
744
576
576
576
576
576
576
576
211
576
576
576
576
576
277
576
576
576
576
242
576
576
576
576
576
576
576
576
576
576
576
576
183
576
284
221
576
576
576
576
576
576
576
576
576
576
187
576
576
576
576
576
576
576
193
222
576
576
576
213
200
576
576
576
576
576
576
576
576
144
576
576
576
576
576
576
576
576
576
576
185
576
576
576
185
169
576
576
576
576
307
576
576
576
576
576
576
576
576
576
576
576
576
576
576
242
576
147
576
576
576
576
576
576
576
576
576
576
576
576
576
576
576
576
576
576
576
576
576
576
576
576
576
576
576
576
576
576
576
213
576
576
576
576
576
576
576
576
202
576
576
576
576
576
576
576
576
576
576
576
576
576
201
576
576
576
576
576
576
576
576
576
576
576
275
173
576
576
576
576
162
576
576
576
576
576
576
576
576
576
170
576
576
576
576
235
576
196
576
576
576
576
576
576
576
576
576
576
576
576
576
576
576
576
576
576
576
576
267
259
576
576
576
576
576
576
576
195
576
576
576
576
576
576
576
576
576
576
576
576
576
576
576
576
576
576
576
156
576
576
576
576
576
244
576
576
576
576
576
576
576
576
576
576
576
576
576
576
576
576
576
576
576
576
576
576
202
576
576
576
576
576
576
576
576
576
576
576
576
576
576
576
576
576
576
576
576
166
576
576
302
478
576
576
576
576
325
576
576
576
228
576
576
576
547
576
576
576
576
576
576
576
576
192
576
576
576
576
576
576
147
576
576
576
576
576
144
576
576
576
576
576
576
576
1360
576
576
576
576
576
576
576
576
576
576
576
576
576
576
576
576
576
214
576
576
202
576
576
576
576
576
576
576
576
576
576
576
576
576
576
576
576
576
576
576
576
576
576
576
576
576
576
576
164
576
576
576
576
576
576
576
576
576
576
576
576
576
576
576
576
576
576
576
576
576
576
576
576
576
576
247
576
281
576
576
218
576
576
166
576
576
576
576
576
576
576
576
576
576
576
576
576
576
576
576
150
576
576
576
576
576
576
481
283
384
576
576
186
576
576
576
576
576
576
576
149
576
576
576
576
576
576
149
576
576
322
576
576
576
576
576
576
576
576
576
576
576
576
576
576
576
576
576
576
576
166
576
576
576
576
178
576
576
576
576
576
576
576
175
576
576
576
576
576
576
576
576
576
160
576
576
215
576
576
151
323
576
576
576
576
576
174
576
576
576
576
576
576
576
576
323
191
576
576
484
166
576
576
576
576
576
576
576
576
576
576
576
576
576
202
576
220
576
576
576
576
576
576
576
576
576
576
576
576
576
576
576
576
576
576
576
576
576
576
576
576
576
217
576
576
576
576
576
576
174
576
576
576
576
576
576
576
576
576
576
576
576
576
576
576
576
576
576
576
576
576
576
576
576
196
576
576
576
576
576
576
576
576
576
576
576
576
576
576
576
576
576
576
576
576
576
576
576
576
576
576
576
576
576
576
576
576
576
576
576
576
576
576
576
576
576
576
576
279
181
576
576
624
576
576
576
576
576
576
576
576
576
576
576
245
576
576
576
576
576
576
576
576
576
576
170
576
186
203
576
576
576
576
576
576
196
576
576
576
576
576
576
576
576
153
456
576
576
576
576
576
576
576
576
576
576
576
576
576
576
576
576
576
576
576
145
576
576
576
576
576
576
576
576
576
576
576
576
576
576
266
576
576
576
576
576
576
576
426
576
576
576
576
576
576
576
576
230
576
576
239
576
576
576
271
194
576
576
576
576
576
576
170
576
576
576
576
576
576
226
576
222
576
576
576
576
576
576
576
576
576
235
576
576
576
576
576
576
576
576
576
185
576
576
165
576
576
576
576
576
576
576
576
576
190
576
576
576
576
576
576
257
576
576
576
576
576
576
576
576
576
163
576
229
576
576
576
576
576
576
576
576
227
576
576
1154
576
576
576
576
576
576
576
576
576
576
576
576
576
576
576
576
576
576
576
576
576
576
576
343
576
576
576
576
576
576
576
576
576
576
576
242
576
576
576
576
576
576
576
576
576
576
576
576
576
576
576
576
576
576
576
576
217
576
576
576
576
576
576
576
576
576
576
576
576
576
576
576
576
576
576
576
576
576
576
190
576
576
576
297
255
576
217
576
576
576
576
576
576
576
576
576
576
168
181
576
576
576
576
576
576
407
576
188
576
576
576
576
576
576
576
576
576
576
576
576
576
576
576
576
576
576
576
576
576
576
576
352
576
576
576
576
576
576
576
576
576
576
169
576
576
576
576
576
576
576
576
576
180
576
576
576
576
576
576
171
576
576
576
576
317
576
576
576
576
576
576
576
576
576
576
576
576
576
576
576
576
576
576
576
576
576
576
576
576
576
576
576
576
576
576
576
166
576
576
576
576
576
576
576
148
576
576
576
576
576
576
576
576
576
576
576
576
576
576
576
576
576
576
576
576
576
576
576
576
576
576
151
576
576
576
576
576
576
576
576
576
576
576
576
576
576
576
576
576
576
576
148
576
576
576
576
576
576
576
576
576
576
576
176
576
576
576
576
576
576
576
576
576
576
576
576
576
576
576
576
576
576
576
576
576
576
576
576
576
576
576
576
576
576
251
576
576
576
576
576
576
576
576
576
576
576
576
576
576
576
576
576
576
280
576
576
576
576
576
576
576
576
1053
1546
576
576
576
576
576
576
576
576
576
576
576
576
576
576
576
576
576
252
576
576
576
576
576
576
339
576
576
576
576
576
576
576
576
576
304
576
576
576
576
576
576
576
576
576
774
576
576
576
576
576
576
576
576
576
576
576
576
576
576
576
576
576
576
576
576
576
576
576
576
576
576
576
576
576
576
576
576
576
576
576
576
576
181
576
576
576
576
576
576
576
576
576
576
576
576
576
576
576
576
576
576
576
576
576
576
576
576
576
576
216
576
576
576
576
576
576
576
576
576
576
576
576
576
576
576
576
576
576
576
576
576
144
576
576
576
576
576
576
576
576
576
576
576
576
576
576
576
576
576
576
576
192
576
576
576
576
576
576
576
576
576
576
576
576
576
576
576
149
576
576
576
576
576
576
576
576
576
576
576
576
576
576
576
576
576
576
576
576
576
576
576
576
576
576
576
576
576
201
576
576
269
576
576
576
576
576
576
576
576
576
576
576
576
576
576
576
576
171
576
576
146
576
576
576
576
576
576
576
576
576
222
576
576
576
576
576
576
576
576
576
576
576
576
576
576
576
576
576
576
576
576
576
178
576
576
576
576
576
576
154
576
576
576
576
576
576
576
576
576
576
576
249
173
576
576
576
576
576
576
576
576
576
576
576
576
576
576
576
576
576
271
576
576
1055
576
576
576
576
576
198
576
576
576
576
576
576
576
576
576
207
576
576
576
576
576
576
576
576
576
576
576
576
576
576
576
576
576
576
576
576
576
235
576
576
576
576
576
576
576
576
576
226
576
576
576
576
576
576
576
576
576
576
576
576
144
576
576
576
576
576
576
576
576
576
576
576
238
576
576
285
576
576
576
576
576
205
576
576
576
576
576
576
576
576
576
576
576
576
576
280
576
576
576
576
232
154
576
576
576
576
576
576
576
576
576
576
576
576
576
576
576
576
150
576
576
576
576
576
576
576
576
576
271
576
576
576
576
576
576
576
271
576
576
576
576
576
576
576
576
576
576
576
576
576
576
576
576
576
576
576
576
576
576
576
576
576
576
576
576
576
144
576
576
576
576
576
576
576
576
576
576
576
576
354
576
576
576
576
576
576
576
576
576
576
227
576
576
576
576
576
576
576
576
576
576
576
576
576
576
576
576
576
576
576
576
399
576
576
576
576
576
576
186
576
576
576
576
576
576
576
576
576
576
576
576
576
576
576
576
576
576
576
576
576
576
576
576
286
576
576
576
576
576
576
576
576
576
576
576
576
576
576
576
576
576
576
576
576
576
576
576
576
576
576
576
576
576
576
576
576
576
576
576
576
371
576
576
576
576
576
576
576
576
576
576
576
576
576
145
576
576
576
576
576
576
576
576
576
576
576
576
576
576
576
576
576
576
576
576
576
576
576
576
576
576
152
576
213
576
576
576
576
576
576
576
576
576
576
576
576
576
576
576
576
576
576
576
576
576
576
576
576
576
576
576
576
576
576
576
576
576
576
576
576
576
576
576
576
453
576
576
576
576
173
576
576
576
576
576
576
576
576
576
576
576
576
576
576
576
576
576
576
576
576
576
576
576
576
162
576
576
576
576
576
576
576
576
576
576
576
576
576
576
576
576
576
576
576
576
576
576
576
576
576
576
576
576
576
576
576
576
576
576
576
576
576
576
576
576
576
576
576
576
576
240
576
195
576
576
576
576
576
576
576
576
576
576
576
576
576
576
576
576
576
576
576
576
576
576
576
576
576
576
194
576
576
576
576
148
576
576
576
576
306
576
576
576
576
576
576
576
576
576
576
576
576
576
576
576
576
576
576
576
576
576
576
576
576
576
576
576
576
193
576
576
576
576
576
576
576
576
576
576
171
576
576
576
576
576
576
576
576
1000
576
576
576
576
576
576
576
576
576
576
576
576
576
576
576
576
576
576
576
576
576
576
576
576
576
576
576
576
576
576
576
576
576
576
312
576
576
576
576
576
576
576
576
576
576
576
576
576
576
218
576
576
576
576
576
576
576
576
576
576
304
576
576
576
576
576
576
576
576
576
576
576
576
576
576
576
576
576
576
238
576
576
576
576
576
576
576
171
576
576
576
576
576
147
576
576
576
576
576
576
576
576
576
192
576
576
576
576
173
576
938
576
576
576
576
576
1616
576
576
468
576
576
576
576
576
576
576
576
576
576
576
576
576
576
576
576
576
576
576
576
576
576
576
576
576
576
576
576
576
576
576
576
576
576
576
576
576
576
576
576
576
576
576
576
576
576
576
576
576
576
576
576
576
576
576
576
576
576
576
576
576
576
576
576
576
576
576
576
576
576
576
576
576
576
216
576
576
576
576
576
576
576
576
576
145
576
576
576
576
576
576
576
161
576
576
576
177
576
576
576
576
576
576
576
576
221
576
576
576
576
576
576
576
576
576
576
576
576
576
576
576
576
576
576
576
576
576
576
576
576
576
576
576
576
576
576
576
576
576
576
576
576
168
576
576
576
576
576
576
576
576
576
576
576
576
576
576
576
576
576
576
576
576
576
576
576
576
576
576
576
576
576
576
576
576
576
576
576
576
576
576
576
576
576
482
576
576
576
576
576
576
576
576
576
144
576
576
185
576
576
576
576
576
576
576
576
576
576
576
576
576
576
576
576
576
576
576
576
576
576
576
576
576
576
576
576
576
576
576
576
576
576
576
576
576
576
576
576
576
576
576
576
576
576
576
576
576
576
576
576
576
576
576
576
576
576
576
576
576
576
576
576
576
576
576
576
576
576
576
576
576
576
576
576
576
576
576
576
576
576
576
576
576
576
576
576
576
576
576
576
576
576
576
576
576
576
576
576
576
576
576
576
576
576
576
576
576
468
576
576
576
576
576
156
576
576
576
576
576
576
576
576
576
576
576
576
576
576
576
576
576
576
576
576
576
576
576
576
576
576
576
576
576
576
576
576
576
576
576
576
192
576
576
576
576
576
388
576
576
576
576
576
576
576
576
576
576
576
576
576
576
576
576
576
576
576
576
576
576
576
576
576
576
576
576
576
576
576
576
576
576
576
576
576
576
576
576
576
576
576
576
576
576
576
576
576
576
576
576
576
576
576
576
576
576
576
576
576
576
576
219
576
576
576
159
576
576
576
576
576
576
576
576
576
576
576
207
576
576
576
576
576
576
576
512
576
576
576
576
296
576
576
576
576
576
576
576
576
576
576
576
576
576
576
163
576
576
576
576
576
576
576
576
576
576
576
576
576
576
576
576
576
576
576
576
576
576
576
576
576
576
576
576
576
576
576
576
576
576
576
576
374
576
576
576
576
202
576
390
576
576
576
576
576
576
576
576
576
576
576
576
576
576
576
576
576
576
576
576
576
210
576
576
576
576
576
215
576
576
576
576
576
576
576
576
576
576
576
576
576
576
576
576
576
576
576
576
576
576
576
576
576
576
576
576
576
576
576
576
576
223
576
576
576
576
576
576
576
576
576
576
164
576
576
576
576
576
576
576
576
576
232
576
576
576
576
576
576
576
576
576
576
576
576
576
576
576
576
576
576
576
576
576
576
576
576
576
576
576
576
576
576
576
576
576
576
576
576
576
192
576
576
576
576
576
576
576
576
576
576
576
576
576
576
576
576
576
197
576
576
576
165
576
576
576
144
576
576
576
576
576
576
576
576
576
576
576
576
576
576
576
576
576
576
576
576
576
576
576
576
576
576
576
576
576
576
576
576
576
576
576
576
576
576
576
576
576
576
576
576
576
576
576
576
576
576
171
576
576
576
576
576
576
576
576
576
576
576
576
538
320
576
576
576
576
576
576
576
576
576
576
576
576
576
576
257
576
576
576
576
576
576
576
576
576
576
576
576
576
576
576
576
576
576
576
576
576
576
576
576
576
576
576
576
576
576
576
576
576
576
576
576
576
576
576
576
153
576
576
576
576
576
576
576
576
576
576
576
576
576
576
576
576
576
576
576
576
576
576
576
576
178
576
173
576
576
576
576
576
576
576
338
576
576
576
576
576
576
576
210
576
576
576
192
576
576
576
576
576
576
576
576
576
576
576
576
576
576
576
576
576
576
576
576
576
576
576
576
576
576
576
576
576
576
193
576
576
576
576
576
576
576
576
576
576
576
576
576
576
576
576
576
576
576
576
576
576
576
576
576
576
145
576
576
379
576
576
576
576
576
576
576
576
576
576
576
576
576
576
576
576
576
576
576
576
576
180
576
576
576
576
576
576
576
576
576
576
576
576
576
576
576
576
576
576
576
576
576
576
576
159
190
576
209
576
576
576
576
576
576
576
200
576
576
576
576
576
576
576
576
576
576
576
576
576
576
576
181
576
576
576
576
576
576
576
576
576
576
576
576
576
576
576
576
576
576
576
576
576
576
576
222
576
576
576
576
576
576
576
576
576
576
576
576
576
576
576
576
576
576
576
576
576
576
576
268
576
576
576
576
576
576
576
576
576
576
576
576
576
576
576
576
148
576
576
576
576
576
576
576
576
576
576
576
576
730
162
170
576
576
576
576
576
576
576
576
576
576
576
576
576
576
576
576
576
576
576
576
576
576
576
576
576
576
576
576
151
576
576
576
576
576
576
576
576
576
576
576
576
576
576
576
576
576
576
576
576
576
576
576
576
576
576
576
576
576
576
576
576
576
576
576
576
576
576
576
576
576
576
224
576
576
576
576
576
576
576
576
576
576
576
576
576
576
576
576
576
576
576
153
576
576
576
576
576
576
576
576
576
576
576
157
576
576
576
576
576
576
576
576
576
576
576
576
576
576
576
576
576
576
576
576
576
576
576
576
576
576
576
576
576
576
576
576
576
576
267
576
576
576
576
576
576
576
576
576
576
576
576
576
576
576
576
576
576
576
576
576
576
576
576
576
576
576
576
576
576
576
300
576
576
576
576
576
576
576
576
576
576
576
576
576
576
576
576
576
576
576
576
576
576
576
576
576
576
576
576
576
190
576
576
576
576
576
843
576
576
576
576
576
576
576
576
211
576
576
576
576
576
576
576
576
576
576
576
576
576
576
576
576
576
576
576
576
576
576
576
576
576
576
576
264
576
576
576
576
576
576
576
576
576
576
215
576
576
576
576
576
576
178
576
576
576
576
576
576
576
576
576
576
576
576
576
576
576
576
576
576
576
576
576
576
576
576
576
576
576
576
576
576
576
576
576
576
576
576
576
576
576
576
576
576
576
576
576
576
576
576
310
576
576
576
576
576
576
576
576
576
576
576
576
576
576
576
576
576
576
576
152
576
576
576
576
576
576
144
576
576
576
576
576
576
576
576
576
576
576
576
576
576
576
576
576
576
576
576
576
576
576
576
576
576
576
576
576
576
576
576
576
576
576
576
576
576
576
576
576
576
576
576
576
576
576
576
271
576
576
576
576
576
576
576
576
576
576
576
163
576
576
576
576
151
576
576
576
576
576
576
157
576
576
576
576
576
576
576
576
576
576
172
576
576
576
576
576
203
576
576
576
576
576
576
576
576
576
576
576
576
576
235
576
576
165
576
576
576
238
576
576
576
576
576
576
576
576
576
576
247
576
576
576
576
576
576
576
576
576
576
576
576
576
576
576
364
576
250
576
576
576
576
576
576
576
576
576
576
576
576
583
576
576
576
576
576
576
576
576
576
576
576
576
576
576
576
576
576
576
576
576
576
576
576
576
576
576
576
576
576
576
576
181
576
576
297
576
576
576
576
576
576
576
576
576
576
576
576
576
576
576
576
576
576
576
576
576
576
576
576
576
576
576
576
576
576
576
576
576
576
576
576
576
576
576
576
576
576
576
576
576
576
576
576
576
576
576
576
576
576
576
576
576
576
576
576
576
576
576
576
576
576
576
576
576
576
576
576
576
576
576
576
576
576
576
576
576
576
576
576
576
145
576
576
576
576
576
576
576
576
576
576
576
576
576
576
576
576
576
576
150
576
576
576
576
576
576
576
576
576
576
576
576
576
576
576
576
576
576
576
576
576
576
576
576
576
576
576
576
576
576
576
576
576
576
576
576
576
576
576
576
576
576
576
576
576
576
576
576
576
576
576
576
291
576
576
576
576
576
576
576
576
576
576
576
576
576
576
576
576
576
576
576
576
576
576
576
576
576
256
576
576
576
576
576
576
576
576
576
576
576
576
576
576
576
576
576
576
576
576
576
576
576
576
576
576
576
576
576
576
547
576
576
576
576
576
576
576
576
576
576
576
576
576
576
576
576
576
576
576
576
576
576
576
576
576
576
576
576
576
576
576
576
576
576
576
576
576
576
576
576
576
576
576
576
576
576
576
576
576
576
576
576
576
576
576
576
576
576
576
576
576
576
576
576
576
576
576
576
576
576
576
576
576
576
576
576
576
576
576
576
576
576
576
576
576
576
576
576
576
576
576
576
576
576
576
576
576
576
576
576
576
576
576
576
576
576
576
576
576
576
576
576
576
576
576
576
576
576
576
576
576
576
576
576
576
576
576
576
576
576
576
576
576
576
576
576
576
576
576
576
576
576
576
576
576
576
576
576
576
576
576
576
576
576
576
576
576
576
576
576
576
576
576
576
576
576
576
576
576
576
576
576
576
576
576
576
576
576
576
576
576
576
576
576
576
576
576
576
576
576
576
576
576
576
576
576
576
576
576
576
576
576
576
182
576
576
576
238
576
576
576
576
576
576
576
576
576
576
576
576
148
576
576
576
576
576
576
576
576
576
576
576
576
576
576
576
576
576
576
576
576
576
576
576
576
576
576
576
576
576
576
576
576
576
576
576
576
576
576
576
576
576
576
576
576
576
576
1439
576
576
576
576
576
576
576
576
576
576
576
576
576
576
576
576
576
576
576
576
576
576
576
576
576
576
576
576
576
576
576
576
576
576
576
576
576
576
576
576
576
576
576
576
576
576
576
576
576
576
576
576
576
576
576
576
576
576
576
576
576
576
576
576
576
576
576
576
576
576
576
576
576
576
576
576
576
576
576
576
576
576
576
576
576
576
576
576
576
576
576
576
576
576
576
576
576
576
576
576
576
576
576
576
576
576
576
576
576
576
576
576
576
576
576
576
576
576
576
576
576
576
576
576
576
576
576
576
576
576
576
576
576
576
576
576
576
576
576
576
222
576
576
576
576
576
576
576
576
576
576
576
576
159
576
576
576
576
576
576
576
576
576
576
576
576
576
576
576
576
576
576
576
576
576
576
576
576
576
576
576
576
576
576
576
576
576
576
576
576
576
170
576
183
576
576
576
576
576
576
576
576
576
576
576
576
576
576
576
576
576
221
576
576
576
576
576
576
576
160
576
576
576
576
576
576
249
576
576
576
576
576
576
576
576
576
576
844
576
576
1670
576
576
576
576
576
576
576
576
576
576
576
576
576
576
576
576
576
576
576
576
576
158
576
576
576
576
576
576
576
576
576
576
576
576
576
576
576
576
576
576
576
576
576
576
146
576
167
576
576
167
576
576
576
576
576
576
576
576
576
576
576
576
576
238
576
576
576
576
576
576
576
576
576
576
576
576
576
576
576
576
576
576
576
576
576
576
576
576
576
151
576
576
576
576
576
576
576
576
576
576
167
576
576
576
576
576
576
576
576
576
576
576
576
576
576
576
576
576
576
576
576
576
576
576
576
576
576
576
576
576
576
576
576
576
576
576
576
576
576
576
576
576
576
576
576
576
247
576
576
576
576
576
576
576
576
576
576
576
576
576
576
576
576
576
576
576
576
576
576
576
576
151
576
576
167
576
576
576
576
576
576
576
576
576
576
576
576
576
576
576
576
576
576
576
576
576
576
576
576
576
576
576
576
576
576
576
576
576
576
576
576
576
576
576
576
576
576
576
576
576
576
576
576
576
576
576
576
576
576
576
576
576
576
576
576
576
576
576
576
576
576
576
576
576
576
576
576
576
576
576
576
576
576
576
576
576
576
576
576
576
576
576
576
576
576
576
576
576
576
576
576
576
576
576
576
576
576
576
576
576
576
576
576
576
576
576
576
576
576
576
576
576
576
576
576
576
576
576
576
576
576
576
576
576
576
164
576
576
576
576
576
576
576
576
576
576
576
576
576
576
576
576
576
576
576
576
576
576
576
576
576
576
576
576
167
576
576
576
576
528
576
576
576
576
576
576
576
576
576
576
576
576
576
576
576
576
576
576
576
576
576
576
576
576
576
576
576
576
576
576
576
576
576
576
576
576
576
576
576
576
217
576
576
576
576
576
576
576
576
576
201
576
576
576
576
576
576
576
576
576
576
576
576
576
576
576
576
576
576
576
576
576
576
576
576
576
576
576
576
576
576
576
576
576
576
576
576
576
576
576
202
576
576
576
576
576
576
576
576
576
576
576
576
576
576
576
576
576
576
576
576
576
576
576
576
576
576
576
576
576
576
576
576
576
576
576
576
576
576
576
576
576
576
576
576
576
576
576
576
576
576
576
576
576
576
576
576
576
576
576
576
576
576
576
576
576
576
576
576
576
576
576
576
576
576
576
576
576
576
576
576
576
576
576
576
576
576
576
576
576
576
576
724
576
576
576
576
576
396
576
576
576
576
576
576
576
576
576
576
576
576
576
576
576
576
576
576
576
576
576
576
576
576
576
576
576
576
576
576
576
576
576
576
576
576
576
576
576
576
576
576
576
576
576
576
576
576
576
189
576
576
576
576
576
576
576
576
576
576
576
576
576
576
576
576
576
576
576
576
576
576
576
576
576
576
576
576
576
576
576
576
576
576
576
576
576
576
576
576
576
576
576
1802
576
576
576
270
576
576
576
576
576
576
576
576
576
576
576
576
576
452
576
576
576
576
576
576
576
576
576
576
576
576
576
576
576
576
576
576
576
576
576
576
576
576
576
576
576
576
576
576
576
576
576
576
576
576
576
576
576
576
576
576
576
576
576
576
576
576
576
576
190
576
576
576
576
576
576
576
576
576
576
576
576
576
576
576
576
576
576
576
576
576
576
576
576
576
576
576
576
576
576
576
576
576
576
576
576
576
299
576
576
576
576
576
576
576
576
576
576
576
576
576
576
576
576
576
576
576
148
576
576
576
576
576
576
576
576
576
576
576
576
576
576
576
576
576
576
576
576
576
576
576
576
576
576
576
576
576
576
576
576
576
576
576
576
576
576
576
576
576
576
576
576
576
576
576
200
576
576
576
576
576
576
576
576
576
576
576
576
576
576
576
165
576
576
576
576
576
576
576
576
576
576
576
576
576
576
576
576
576
576
576
576
576
576
576
576
576
576
576
576
576
576
576
576
386
576
576
576
576
576
576
576
576
576
576
576
576
576
576
576
576
576
576
576
576
576
576
576
576
576
576
576
576
576
576
576
576
576
576
576
576
576
576
576
576
576
576
576
576
576
576
576
576
576
576
186
576
576
576
576
576
576
576
576
576
576
576
576
576
576
576
576
182
576
576
576
576
576
576
576
576
576
576
576
576
576
576
576
576
576
576
576
576
576
576
576
576
576
576
576
576
576
576
576
576
576
576
576
576
576
576
576
576
576
576
576
576
576
576
576
576
576
576
576
576
576
576
576
576
576
576
576
576
576
576
576
576
245
576
576
576
576
576
576
576
576
576
576
576
576
576
576
576
576
576
576
576
576
576
576
576
576
576
576
576
576
576
576
576
576
576
576
576
576
576
576
576
576
576
576
576
144
576
576
576
576
576
1234
576
576
576
576
576
576
576
576
576
576
576
576
576
576
576
576
576
576
576
576
576
576
576
576
576
576
576
576
576
576
576
576
576
576
576
576
576
576
576
576
576
576
576
576
576
576
576
576
576
576
576
576
576
576
576
576
576
576
576
576
576
576
576
576
576
576
576
576
576
576
576
576
576
576
576
576
576
576
576
576
576
576
576
576
576
576
576
576
576
576
576
576
576
576
576
576
576
576
576
576
576
576
576
576
576
576
576
576
576
576
576
576
576
576
576
576
576
576
576
576
576
576
576
576
576
576
576
576
576
576
576
576
576
576
576
576
576
576
576
576
576
576
576
576
576
576
576
576
576
576
576
576
576
576
576
576
576
576
576
576
576
576
576
576
576
576
576
576
576
576
576
576
576
576
576
576
576
576
576
262
576
576
576
288
576
576
576
576
576
576
576
576
576
576
576
576
576
576
576
576
305
576
576
576
576
421
576
576
576
576
576
576
576
576
576
271
576
576
240
576
576
576
576
576
576
576
576
576
576
576
576
576
247
576
576
576
576
576
576
576
576
576
576
576
576
576
576
576
576
576
576
576
576
576
576
576
576
576
576
576
576
576
576
576
576
576
576
576
576
576
576
576
576
576
576
576
576
576
576
576
576
576
576
576
576
576
576
576
576
576
576
576
576
576
576
576
576
576
576
576
576
576
576
576
576
576
576
576
576
576
576
576
576
576
576
576
576
576
576
576
576
576
576
576
576
576
576
576
576
576
576
576
576
576
576
576
576
576
576
576
576
576
576
576
576
576
576
576
576
576
576
576
576
576
576
576
576
576
576
576
576
576
576
576
576
576
576
576
149
233
576
576
576
576
576
576
576
576
576
576
576
576
576
576
576
576
576
576
576
576
576
576
576
576
576
576
576
576
576
576
576
576
576
576
576
576
576
576
576
576
576
576
576
576
576
576
576
576
576
576
576
576
576
576
576
576
576
576
576
576
576
576
150
576
576
576
576
576
576
576
576
576
576
576
576
313
576
576
576
576
576
576
576
576
576
576
576
576
576
576
576
576
576
576
576
576
576
576
576
576
576
576
576
576
576
576
576
576
576
576
576
576
576
576
576
576
576
576
576
576
576
576
576
576
576
576
576
576
576
576
576
576
576
576
576
576
576
576
576
576
576
576
576
576
576
576
576
576
576
576
576
576
576
576
576
576
576
576
576
576
576
576
576
576
576
576
576
576
576
576
576
576
576
576
576
576
576
576
576
576
576
576
576
576
576
576
576
576
576
576
576
576
576
576
576
576
576
161
576
576
576
576
576
576
576
576
576
576
576
576
576
576
576
576
576
576
576
576
576
576
576
576
576
576
576
576
576
576
576
576
475
576
311
576
576
576
576
576
576
576
576
576
576
576
576
576
576
576
576
576
576
576
576
576
576
576
576
576
576
576
576
576
576
576
576
576
576
576
576
576
576
576
576
576
576
576
576
576
576
576
576
576
171
576
576
576
576
576
576
576
576
576
576
576
576
576
576
576
576
576
576
576
576
576
576
576
576
576
576
576
576
576
576
576
576
576
576
576
576
576
576
576
576
576
576
576
576
576
576
576
576
576
576
576
576
576
576
576
576
576
576
576
576
248
576
576
576
576
576
576
576
576
576
576
576
576
576
576
576
576
576
576
576
576
576
576
576
576
576
576
576
576
576
145
576
576
576
576
576
576
576
576
576
576
576
576
576
576
576
576
576
576
576
576
576
576
576
576
576
576
576
576
576
576
576
576
576
576
576
576
576
576
576
576
576
576
169
576
576
576
576
576
576
576
576
576
576
576
576
576
576
576
576
576
576
576
576
576
576
576
576
576
576
576
576
576
576
576
576
576
576
576
576
576
576
576
576
576
576
576
576
576
576
576
576
576
576
576
576
204
1050
576
576
576
576
576
576
576
576
576
576
576
576
576
576
576
576
576
576
576
576
576
576
576
576
576
576
576
576
576
576
576
576
576
576
576
576
576
576
576
576
576
576
576
576
576
576
576
576
576
1242
576
576
381
576
576
576
576
576
576
576
576
576
576
576
576
576
576
576
576
576
576
576
576
576
576
576
576
576
576
576
576
576
576
576
576
576
576
576
576
576
576
576
576
576
576
576
576
576
576
576
576
576
576
576
576
576
576
576
576
576
576
576
576
576
576
576
576
147
576
576
576
576
576
576
576
254
576
576
576
576
576
397
576
576
576
576
576
576
576
576
576
576
576
576
576
576
576
576
576
576
576
576
576
576
576
576
576
576
576
1224
576
576
872
576
576
576
576
576
576
576
576
576
576
576
576
576
576
576
576
576
576
576
576
158
576
576
576
576
576
576
576
576
576
576
576
576
576
576
576
576
576
576
576
576
576
576
576
576
576
576
576
576
576
576
576
576
576
576
576
576
576
576
576
482
576
576
576
576
576
576
576
576
576
576
576
576
576
576
576
576
576
576
576
576
576
576
576
576
576
576
576
576
576
576
576
576
576
576
576
576
576
576
576
576
576
576
576
576
576
576
576
576
576
576
576
576
576
576
576
576
576
576
576
576
576
576
576
576
576
576
576
576
576
576
576
576
576
576
576
576
576
576
576
576
576
576
576
576
576
576
576
576
576
576
576
576
576
576
576
576
576
576
576
576
576
576
576
576
576
576
576
576
576
576
576
576
576
576
576
576
576
576
576
576
172
576
576
576
576
576
576
576
576
576
576
576
576
576
576
576
576
576
576
576
576
576
576
576
576
576
576
576
576
576
576
576
576
576
576
576
576
576
576
576
576
576
576
576
576
576
576
576
576
576
576
576
576
576
576
576
576
576
576
576
576
576
576
576
576
576
576
576
576
576
576
576
576
576
576
576
576
576
576
576
576
576
576
576
576
576
576
576
576
576
576
576
576
576
576
576
576
576
576
576
576
576
576
576
576
576
576
576
576
576
576
576
315
576
576
576
576
576
576
576
576
576
576
576
576
576
576
576
576
576
576
576
576
576
576
576
576
576
576
576
576
576
576
576
576
576
576
576
576
576
576
576
576
576
576
576
576
576
576
576
576
576
576
576
576
576
576
576
576
576
576
576
576
576
576
576
576
576
576
576
576
576
576
576
576
576
576
576
576
576
576
576
576
576
576
576
576
576
576
576
576
576
576
576
576
576
576
576
576
576
576
576
576
576
576
576
576
576
576
576
576
576
576
576
576
576
576
576
576
576
576
576
576
576
576
576
576
576
576
576
576
576
576
576
576
576
576
576
576
576
576
576
576
576
576
576
576
576
576
576
576
576
576
576
576
576
576
576
576
576
576
576
576
200
576
576
576
576
576
576
576
576
576
576
576
576
576
576
576
576
576
576
576
576
576
576
576
576
576
576
576
576
576
576
379
576
576
576
576
576
576
576
576
576
576
576
576
576
576
576
576
576
576
576
576
576
576
576
576
576
576
576
576
576
576
576
576
576
576
576
576
576
576
576
576
576
576
576
576
576
576
576
576
576
576
576
576
576
576
576
576
576
576
576
576
576
576
576
576
576
576
576
576
576
576
576
576
576
576
576
576
576
