1739
923
1739
1280
2863
1292
450
1551
527
1316
516
1600
2631
1184
1901
1791
1359
1190
4339
1280
2241
1995
1063
1901
4339
597
1615
1722
1632
1482
1316
1355
2124
1301
937
1988
704
941
1056
1063
4253
1330
1644
1339
1547
1178
2258
1935
1692
908
993
1911
857
878
752
1988
1108
621
1361
1013
1566
3005
1760
1386
1913
3005
755
1550
738
1652
453
480
1465
4339
1849
758
1389
2647
1199
1510
1938
1381
1182
748
1148
1307
3011
476
1913
1091
1355
1558
726
1670
2082
2132
889
1566
1323
1524
1327
1911
2266
1737
4253
3011
1566
1340
1031
1403
832
2258
3370
2717
989
1359
938
2315
2112
1090
2674
993
1849
1446
801
1417
2255
1490
515
1760
1390
1415
1529
1277
1289
1042
1530
1652
2315
637
2089
1559
1081
1771
1124
620
1995
2247
984
1600
760
996
1292
870
2686
1359
6210
1327
1155
3933
1624
1213
941
1079
1273
1201
3101
607
1943
1530
1028
1469
1964
923
1369
951
1588
1157
1285
645
2241
991
2264
1845
2132
790
1116
2858
376
937
875
2666
774
1250
1431
1327
2538
1076
1157
3578
925
1987
1152
1126
4245
2350
926
1356
714
1004
1852
2310
843
1559
2588
1161
1418
655
916
1740
1754
754
644
558
537
902
1086
980
588
1049
1740
829
2266
412
1236
1869
493
946
418
2310
1193
1679
609
830
1632
1536
3984
1117
3984
608
3362
1111
1639
1035
887
1257
1019
1190
592
2202
762
869
1182
887
5829
973
2241
1076
1398
1399
1414
1158
639
1078
1313
1209
1417
1028
558
993
1328
1769
1030
2345
1913
1284
749
667
1004
1256
857
1421
1526
936
1080
1668
5131
1309
3797
1164
2202
815
3362
3951
1421
1831
941
1767
1823
734
820
1696
969
644
993
621
2104
1182
1806
1208
930
696
3370
726
547
1546
467
1670
1449
1206
1388
1034
1050
1099
1165
641
604
1369
1802
1396
1541
1514
378
806
2104
2283
1687
1122
1462
2247
2115
1178
937
912
1060
445
736
1111
642
688
2447
753
2426
1001
1840
1849
671
1199
1849
1057
937
591
3101
6210
2339
1396
2243
758
1530
1351
493
1178
1294
1075
1446
452
1201
2265
2536
695
3271
2858
763
1834
1558
2124
1536
1922
1050
611
766
647
901
1049
1692
2322
1651
1760
1178
1193
738
2447
1214
1142
1096
1330
2526
1161
954
1092
923
1083
1741
1272
837
1843
1455
861
536
1631
1120
1391
1024
2108
731
2116
2347
2116
981
1142
1413
2758
746
506
2647
833
1741
3319
857
762
1559
1242
4398
737
1343
3101
1402
3548
1151
935
1384
788
674
1452
1966
1966
963
4245
1361
802
1162
1142
1771
1301
563
348
1457
2526
936
1313
1408
1460
1079
1991
394
706
2339
860
1767
781
870
1403
2417
728
2168
1510
871
614
1087
771
3951
477
669
1439
1068
1398
414
1849
1277
1415
653
1126
1118
1025
1414
657
5131
1551
563
503
2231
1975
1490
598
2295
772
676
583
5131
542
1666
997
391
3783
577
1307
1963
1791
821
536
1560
754
1780
869
660
2345
1281
1449
332
1006
815
1883
1938
2631
1455
1737
579
579
760
1929
617
993
343
1057
393
380
3797
2674
1703
821
918
563
565
709
494
598
684
462
1666
1073
342
651
458
964
641
1529
412
1310
1211
850
514
599
1514
1551
2725
942
1164
888
573
2491
880
2942
621
420
2351
1027
1467
972
573
802
1634
3370
974
954
516
847
975
613
2283
1207
304
820
985
627
847
2053
1111
461
477
890
401
1162
1344
466
548
1316
763
1396
1083
1465
941
835
1118
912
1019
1209
561
391
810
1667
2717
726
924
531
1008
2809
1000
856
338
1446
1190
946
708
584
823
1503
2339
871
1037
1073
667
308
334
1590
629
2082
2002
709
1204
373
518
554
1059
300
442
1549
1377
646
704
773
997
413
412
3984
529
1129
926
1117
838
4398
562
1619
1619
1157
641
670
766
901
492
1307
585
1441
336
1692
832
546
980
1157
936
1075
1267
3734
951
1559
2164
993
726
1053
1469
1090
1316
1235
1267
1033
631
888
1526
638
245
1112
1962
633
1415
1573
1013
1001
455
3797
418
2631
1600
6210
1615
952
718
923
1099
1142
717
1086
1929
936
1120
588
435
1039
652
285
1194
961
988
572
1390
755
774
506
1542
875
2647
1716
1397
1964
1696
573
1629
1148
1184
1164
1905
1079
1524
1237
899
265
403
361
1236
994
1469
1143
566
631
784
614
790
3319
935
537
1459
1048
797
1035
1191
385
1911
2158
422
784
2526
6210
565
790
621
991
1009
550
3783
600
650
503
920
281
523
983
552
1794
623
931
901
336
405
871
400
2006
736
1162
509
1786
2264
1116
1490
642
425
271
513
1027
2858
619
1679
4252
885
725
382
1059
1024
604
1387
1207
1053
909
1840
391
1972
887
547
558
883
1151
501
326
1004
899
638
496
430
2666
2863
588
1288
535
2275
1963
2243
1806
434
1048
820
819
479
407
926
923
1869
664
786
604
453
2588
474
4339
847
1048
801
919
598
1118
784
538
3797
2258
1686
476
952
404
964
662
1055
924
425
1083
3226
784
1162
857
1625
3247
1780
784
282
1387
699
1121
302
870
2168
753
382
784
994
1170
1025
957
1435
2283
525
2437
666
365
504
1460
483
1334
332
969
268
2345
758
3362
2426
2089
1081
797
760
791
506
937
743
879
1080
437
409
745
593
844
890
507
1987
2188
392
784
784
1086
862
1536
1339
1966
344
2520
591
673
343
1509
594
592
1279
1073
234
1039
1097
1031
320
641
1351
724
328
1068
5829
1396
428
416
382
784
1369
1055
1019
504
377
609
572
684
784
420
1122
499
475
388
337
490
611
331
1267
275
330
708
537
1116
534
2234
707
2426
543
908
719
423
1058
849
558
2536
1157
1559
495
784
1543
988
969
2849
591
1257
591
604
1740
615
293
1330
461
626
614
872
1905
1117
404
539
237
930
1377
1399
974
1140
901
367
991
997
660
627
307
416
431
1201
2266
840
1148
406
2108
1241
363
2115
351
1547
784
1052
2647
1668
2151
1285
760
861
679
362
441
718
369
684
1316
1058
3247
2858
832
1744
1652
551
784
266
1161
1213
1133
454
956
744
1603
544
562
447
833
696
591
920
1028
659
404
784
695
647
820
1278
936
793
2417
290
432
480
708
1182
2255
1273
731
921
1065
433
784
437
1849
1127
391
755
210
898
371
3243
650
952
484
1498
1413
1111
424
1204
1227
313
941
815
690
649
345
982
406
1221
3243
2608
208
714
1431
1015
802
370
1153
452
1547
776
921
821
208
760
495
319
424
784
870
500
999
299
2574
1466
955
615
2265
3084
887
793
784
534
994
289
221
1823
418
579
2863
2202
784
920
1019
425
425
268
1158
651
1898
1601
2725
1217
527
784
507
422
206
356
1076
942
615
1509
784
600
524
784
635
937
695
784
1922
514
219
455
2971
784
1199
598
677
941
512
1482
360
784
551
233
342
1285
838
738
1202
1839
937
627
586
642
2012
976
268
548
862
598
784
328
366
3247
445
424
602
3101
451
325
1852
3734
1023
1340
1202
204
357
2264
1769
388
1463
665
893
1938
918
911
690
802
1020
1194
977
544
516
1455
452
720
526
1516
268
784
995
784
1034
1092
961
791
551
468
1307
784
556
1435
699
784
408
309
775
595
316
230
892
415
820
534
1602
563
953
325
758
975
835
3933
1990
888
1387
1490
784
562
321
2168
347
312
394
768
500
652
215
742
995
670
281
561
365
2063
1076
327
1069
236
2295
895
651
1547
474
978
1421
823
1079
1109
1026
396
1968
790
2292
226
591
5829
1457
464
436
778
1971
305
604
517
391
773
3101
1267
938
2351
196
448
696
1963
403
1021
718
784
718
515
340
629
965
233
1629
788
2574
784
974
421
490
488
219
288
1567
327
1372
1060
784
2247
599
720
1152
1270
1083
1081
784
422
3243
784
844
784
309
858
233
3074
386
1991
1043
355
784
1143
1751
814
375
1072
745
1293
1444
293
460
623
421
534
1566
227
484
1027
503
910
784
1279
2437
274
2247
752
1751
625
690
377
784
799
683
1142
1598
784
652
196
784
1164
1355
660
597
529
388
1446
1294
334
374
1793
247
419
360
2108
1070
479
784
285
290
887
631
534
420
784
247
784
1196
453
1767
4245
1702
414
431
2849
303
938
662
1224
1467
257
642
1194
773
1135
669
1024
430
4252
427
1069
3005
258
2376
419
1279
468
784
1335
373
562
233
670
453
617
1093
784
6210
547
1079
688
716
279
784
494
359
1770
1223
387
725
1755
624
403
573
1345
386
828
573
532
403
879
1459
669
624
3074
759
776
618
623
2273
1313
784
690
303
548
695
450
1325
1800
564
3951
288
477
318
474
763
322
295
3933
1154
281
2310
975
1000
341
1812
220
953
784
410
930
1083
784
466
1441
946
458
743
1373
532
1968
2942
2809
526
361
775
358
784
550
1025
506
348
1065
524
785
714
237
477
318
1894
975
873
249
464
1194
1279
1155
784
784
1868
1083
1009
784
784
277
588
932
1122
651
784
578
997
392
239
1596
1076
1469
663
253
453
773
553
759
723
1201
495
1769
218
440
784
367
825
1741
204
196
784
320
1154
576
370
622
544
455
368
264
784
526
936
784
634
322
352
776
1929
784
583
610
789
784
784
784
695
609
951
1741
2151
432
786
784
567
1356
248
784
333
784
589
784
2255
415
403
784
1972
736
205
784
1469
1053
1666
347
560
784
2002
310
941
2292
565
619
1498
263
2104
1972
793
2485
395
784
919
1703
655
424
306
391
1165
580
557
196
784
356
247
1713
749
337
784
740
543
359
1483
281
4398
784
993
871
1112
349
385
848
256
602
376
641
341
259
2188
661
434
3247
930
1390
784
246
2863
196
849
272
1316
491
230
1171
596
1559
784
1233
442
494
970
348
2347
335
409
784
985
784
2421
900
936
909
501
630
1001
343
1389
784
426
410
784
359
784
784
196
908
784
330
519
940
1307
402
1111
423
343
1301
784
337
877
1566
2758
763
371
212
212
1260
635
385
487
1735
784
1719
2258
476
493
933
1316
392
1334
784
468
563
343
1125
322
637
1112
4253
1569
1399
837
317
717
981
784
784
784
507
1667
357
610
454
649
352
445
573
784
448
441
1125
527
454
454
1027
554
784
563
1296
352
250
3984
196
208
424
784
994
784
394
784
1319
1111
784
1652
532
552
2271
391
784
208
436
1285
784
1686
324
1245
784
360
1204
784
412
1328
1140
3074
1090
741
481
369
804
357
784
1911
427
784
797
200
358
1158
573
1129
784
1883
249
209
556
380
784
1122
414
857
784
630
740
500
784
784
320
763
367
784
945
568
274
263
484
784
784
297
784
313
1631
475
784
540
571
452
1634
577
1913
832
339
784
784
364
1190
243
3370
784
2124
343
1849
1137
1011
772
322
1820
441
784
1509
1489
3548
849
1439
203
1995
941
784
655
523
1343
708
672
1209
1112
967
386
784
382
391
375
254
1057
784
784
385
1052
226
3578
408
1224
805
784
488
1237
710
1161
784
784
1639
707
650
397
444
784
2809
435
1083
425
784
2608
810
515
385
258
826
1590
1050
432
457
2536
3226
847
523
1963
1767
784
747
1028
409
1049
660
2255
2835
332
784
871
374
784
1580
2437
784
367
784
556
607
2971
965
569
3933
1276
343
1078
268
298
2574
381
676
259
919
474
270
357
784
363
799
461
1604
1984
1744
553
454
686
784
691
498
784
207
331
506
481
1272
236
1834
415
797
232
332
1459
247
678
296
2347
937
331
245
387
369
354
1307
784
784
784
433
270
211
784
784
432
477
784
428
684
2116
784
421
588
1178
276
663
1603
1093
295
368
784
542
2707
784
726
1839
784
2218
1022
534
1091
1184
830
671
619
197
402
3011
784
547
231
815
784
636
784
614
196
520
1510
1962
1019
1129
571
784
1344
390
2177
784
555
347
597
351
1462
983
898
1030
394
784
651
1378
784
215
678
280
1122
527
344
379
2350
735
196
231
1588
296
401
922
853
951
2350
376
1028
1153
784
784
510
653
784
1325
567
394
784
784
432
492
474
1161
784
1754
411
766
295
403
686
1273
784
3084
403
784
1559
632
784
381
784
1027
784
1687
919
375
784
616
421
418
997
517
403
370
549
669
413
394
911
757
784
342
255
294
709
784
632
784
447
599
717
784
1019
2686
1845
566
1025
1794
445
259
1296
784
298
784
784
784
842
1387
941
222
384
468
784
1804
784
784
2068
1089
802
784
617
784
895
2087
244
784
784
784
932
3011
842
210
2322
776
417
719
784
1911
1182
847
214
784
784
1065
4398
784
288
362
646
1943
595
397
1894
784
784
335
1034
431
1570
1112
436
784
784
946
759
2485
445
881
984
784
784
784
818
784
531
784
953
2002
784
909
784
388
1208
1519
1182
392
784
380
407
1804
558
1503
309
784
1148
2809
478
389
212
784
316
274
246
442
1903
784
1196
383
784
526
354
784
2234
784
392
1962
198
1662
487
963
784
731
784
784
1530
1212
218
392
338
242
2942
1242
784
2666
784
268
342
288
784
1351
784
784
1776
1421
784
556
328
784
1594
1696
492
1112
1898
286
784
376
784
1070
549
519
1911
199
2520
1241
206
1089
468
784
229
954
431
784
784
199
384
820
1776
784
1800
848
286
392
755
784
784
784
784
339
980
629
819
784
1154
746
199
387
784
974
388
784
693
1080
784
350
1036
279
1096
931
765
784
271
912
487
444
1357
278
1418
1245
766
498
751
784
248
1089
438
784
2351
249
717
784
740
911
344
784
784
1406
784
369
3377
488
1024
784
494
1887
784
784
1086
1325
683
357
784
526
265
604
1272
224
1444
305
784
595
784
380
784
697
349
784
751
784
1133
784
699
264
2292
951
1120
784
230
784
784
196
676
590
643
222
1884
1019
483
308
784
784
215
784
784
2115
1884
576
690
2188
371
784
784
802
784
325
256
1827
784
1161
784
674
956
767
417
1519
372
784
642
353
478
203
451
720
463
196
784
1722
2271
941
395
669
241
622
784
784
393
542
553
784
772
784
1065
301
784
784
307
467
1024
3578
494
288
3783
784
1375
478
784
1307
784
949
534
784
903
784
240
222
784
406
271
630
994
784
784
704
1831
999
416
348
357
784
784
499
784
331
784
784
465
377
225
412
1760
637
1629
784
1903
1865
784
784
1550
350
264
1240
496
420
249
784
952
784
667
426
204
446
724
196
315
388
784
406
784
1603
956
784
784
784
784
1649
1964
784
1776
784
1288
1273
786
784
784
330
196
218
1086
607
547
1403
784
445
379
637
784
501
310
589
784
784
1629
784
2177
267
377
206
784
420
410
343
477
1100
361
635
722
784
341
245
1566
392
647
784
515
274
784
784
784
535
784
250
1526
2707
602
784
1390
1849
821
325
597
784
784
330
784
220
1079
607
784
1938
711
410
263
239
784
456
2421
418
340
352
1094
784
220
416
784
316
1754
1823
784
617
784
327
589
415
501
268
262
784
885
243
784
784
273
543
784
784
516
685
784
284
784
529
2351
378
1116
591
784
553
358
784
1922
784
398
1215
712
402
1754
565
1971
218
436
784
2485
374
956
490
784
998
1099
310
692
704
390
993
784
784
784
204
784
1755
627
784
203
226
895
3319
3370
200
266
289
1143
784
784
784
1615
969
1944
568
466
784
784
221
663
1058
804
264
530
784
251
498
1793
784
2588
329
844
1076
463
368
1199
1820
313
1082
1056
422
727
821
671
612
758
784
1203
575
784
784
784
784
784
784
784
4252
784
1780
784
515
1328
784
247
1389
4339
227
308
490
1418
784
784
477
323
2725
784
295
385
557
1421
387
784
392
784
406
1209
226
896
3226
196
784
804
784
290
946
784
1289
1248
708
274
784
404
721
347
784
317
417
345
572
1530
784
213
784
600
1580
784
250
784
882
208
938
1391
1171
758
559
1086
343
784
784
986
204
1722
784
784
643
440
951
552
741
1124
784
208
956
547
784
616
611
422
420
784
784
222
524
403
784
844
753
784
784
784
196
784
1716
266
356
1142
2574
784
247
393
465
1911
784
1944
784
433
784
217
784
784
288
784
386
784
784
784
589
1649
784
936
217
784
784
784
565
784
287
784
784
1429
784
5829
224
1001
1276
1536
784
531
784
784
554
784
784
1569
3783
564
784
219
317
784
196
784
784
677
784
498
784
784
722
494
761
271
784
784
479
784
1567
397
228
784
513
489
1361
784
784
366
288
680
784
4252
784
501
397
784
2303
406
784
784
784
758
784
337
784
426
900
784
784
784
784
223
784
2538
784
496
203
784
1632
396
784
422
1182
3734
548
279
416
817
888
748
712
784
784
784
2234
222
408
456
1489
228
1306
433
784
794
479
1770
415
365
784
996
960
513
1004
784
784
784
1339
821
316
784
535
784
489
784
784
268
784
547
536
387
2255
1489
784
1147
746
784
784
784
784
784
1325
784
784
704
239
784
740
784
784
784
604
784
784
784
230
205
538
784
784
784
784
784
320
489
784
784
694
432
996
389
784
1112
1151
196
1445
202
784
1644
247
784
784
341
702
2068
701
196
784
784
784
361
427
761
455
758
609
1895
2271
1020
784
308
989
507
1070
1097
773
784
872
2376
784
784
784
784
355
3243
669
196
784
1307
547
784
465
372
232
394
200
338
1384
928
871
784
849
590
214
784
784
784
997
784
784
914
367
294
784
1059
720
784
784
282
302
1466
238
340
784
422
393
991
1905
784
281
1252
295
328
736
439
784
283
397
784
784
758
1073
336
370
300
784
251
326
784
784
784
784
205
784
784
784
278
760
784
784
784
473
704
4253
372
784
220
802
784
359
1233
1199
425
784
288
527
784
207
1116
784
452
784
784
881
2087
673
784
784
784
784
823
404
784
784
4398
784
196
1662
2421
784
784
345
331
784
564
380
518
365
784
784
1209
784
236
1126
784
784
784
3074
944
1922
2063
784
1884
513
784
1279
784
702
2608
723
396
1541
600
784
784
216
784
382
273
292
265
784
1093
1895
784
784
936
1466
784
258
901
773
784
784
784
660
657
5829
487
1019
784
784
784
581
604
784
2247
485
784
1399
443
347
733
784
784
784
784
784
784
784
706
1547
784
784
784
832
877
784
784
784
414
282
784
784
435
784
983
269
784
784
206
784
784
547
1865
784
461
1987
784
306
784
939
285
784
820
1806
207
1800
339
784
784
1056
918
784
784
1008
1402
1895
784
784
784
492
2538
397
634
1760
784
784
784
784
6210
256
2350
3101
396
408
1600
784
784
396
876
784
784
330
1109
784
784
1696
813
452
1590
243
638
784
784
339
626
937
784
298
341
784
2674
209
336
253
1709
784
784
753
210
667
219
784
784
784
217
784
196
2631
1827
784
933
784
196
784
354
784
1285
204
1510
784
582
784
784
784
784
784
784
626
784
1751
206
1381
784
694
527
784
784
784
1039
784
784
784
320
354
419
784
430
202
1196
784
1654
784
612
784
430
1670
784
1806
784
1340
196
2292
582
220
784
784
784
784
784
3734
784
784
1559
4253
784
2068
784
1157
784
784
653
3578
506
784
784
784
428
436
531
350
386
1124
784
784
296
784
784
518
868
2835
784
225
281
784
779
784
784
784
1048
2666
784
784
438
701
389
784
784
784
784
784
784
679
784
2971
747
646
1065
784
698
773
784
784
784
359
461
400
784
474
1526
784
784
2164
1812
373
784
784
784
784
659
490
592
468
398
1026
784
319
784
314
1702
1357
437
784
321
784
784
784
784
1260
1820
784
2112
241
784
241
784
784
893
293
784
784
784
306
563
784
784
209
368
784
784
784
784
926
784
1488
761
975
784
2231
784
493
3271
486
4245
659
784
784
784
784
784
2526
774
1434
784
784
784
784
498
1488
784
784
784
366
784
784
784
723
1024
784
784
784
425
2717
403
236
372
268
784
784
400
784
784
400
784
784
395
784
784
448
784
784
2006
387
325
784
590
278
784
1634
337
400
784
784
784
784
784
784
784
784
784
378
565
784
514
784
784
345
387
784
784
615
198
347
784
701
304
784
784
263
784
1412
898
291
923
784
548
2068
784
784
892
367
858
784
200
784
1196
784
319
784
784
338
784
585
853
208
784
784
257
258
396
784
784
271
784
457
342
1843
784
784
784
460
784
629
1339
784
1570
784
784
251
239
248
255
784
347
207
595
784
784
784
793
784
784
784
784
227
1408
784
784
784
1260
784
409
784
784
784
784
784
337
197
784
1399
1083
461
784
784
1804
691
784
429
784
1652
784
1021
784
784
784
784
784
784
784
716
476
309
784
784
460
228
460
784
784
784
784
784
1075
784
952
2971
784
784
784
392
327
784
784
395
784
784
293
784
784
1027
784
197
491
1092
784
784
1273
784
784
977
1033
784
784
293
379
404
784
784
1254
392
820
789
367
336
320
1624
784
784
1270
406
784
258
784
2234
784
784
784
680
643
377
784
1719
332
880
1335
344
784
784
1868
784
784
784
2006
447
318
784
604
784
2231
784
1490
552
583
784
781
784
758
609
362
784
2520
419
784
784
784
1421
784
2322
784
784
784
784
390
2172
784
386
784
1567
400
784
784
377
1503
784
784
739
355
784
211
697
784
784
784
298
784
637
2264
784
784
784
784
1067
784
419
784
784
784
784
784
825
520
400
569
784
371
784
784
345
375
784
888
784
784
784
784
784
255
784
784
784
784
784
784
784
516
310
312
784
784
784
784
401
224
316
784
1696
638
354
784
2202
784
784
294
1079
1341
784
196
454
3783
784
223
784
389
784
233
1971
898
784
784
784
784
432
784
784
425
784
842
784
222
1103
784
982
784
847
1595
457
341
784
784
784
403
791
233
973
595
562
784
784
1652
284
784
385
398
830
647
3984
1201
338
543
784
339
784
1273
784
784
784
430
895
397
1009
784
370
784
409
936
784
3548
298
1386
838
784
784
784
303
600
784
784
784
784
784
784
596
784
2067
784
535
421
1080
1568
784
784
784
784
784
784
784
784
530
784
784
784
784
206
784
909
784
784
784
784
784
784
216
784
1955
784
784
784
658
567
784
784
485
784
784
784
836
784
799
459
784
784
784
784
784
398
866
499
784
784
1127
784
634
784
229
784
784
229
784
450
784
398
446
1719
652
360
784
450
251
1351
784
1446
204
784
3467
784
196
784
784
784
784
784
2849
298
784
1603
784
784
784
784
615
784
625
784
784
277
563
388
297
293
385
784
510
784
784
784
784
1397
784
784
239
439
784
621
1390
1662
784
784
1421
784
784
1884
784
784
784
488
409
738
784
784
784
1744
760
784
784
784
784
784
784
784
3226
784
784
314
784
408
660
784
773
784
1190
784
784
784
784
784
784
201
196
936
1990
784
342
2202
2265
196
784
1019
784
784
1042
784
328
784
784
359
784
784
784
1397
784
234
505
847
784
784
784
1373
335
784
738
784
784
530
263
784
784
2322
784
949
784
784
784
268
531
784
214
784
784
784
465
1217
510
284
241
784
784
784
784
474
1193
442
784
784
784
784
784
784
395
784
1600
284
784
784
947
784
477
598
1267
495
220
659
205
784
784
392
784
395
442
804
196
784
963
784
991
784
2647
784
492
784
784
526
784
784
350
1834
399
784
784
221
347
784
1267
266
199
784
784
784
784
784
784
784
784
784
802
784
477
566
511
784
196
1057
784
784
272
784
784
784
784
784
248
784
784
734
708
375
1250
784
784
339
571
417
436
784
1025
406
784
544
1524
1390
960
784
1526
1203
1048
347
568
784
784
784
784
618
784
784
784
413
784
784
784
1375
325
784
784
788
784
784
784
784
784
627
784
567
784
784
784
784
376
784
203
784
805
784
224
1534
784
784
1457
784
784
784
196
784
784
1894
784
784
221
784
1488
341
784
1547
1083
784
784
237
784
288
304
784
2241
784
784
784
220
210
423
784
848
784
237
644
429
739
784
1042
2835
612
784
784
784
784
731
409
784
784
784
1398
259
784
436
359
784
1709
784
784
983
784
784
784
784
784
1944
784
784
1735
784
784
784
784
1027
784
784
784
316
784
784
784
784
784
784
407
784
784
721
1625
784
1193
784
793
784
784
784
784
251
784
784
399
784
230
784
784
784
784
1922
3362
784
784
784
221
431
784
693
784
623
784
784
709
784
784
784
784
347
556
784
784
784
628
289
784
402
784
1696
265
784
598
784
784
1615
784
784
784
784
784
780
371
4245
784
436
784
1045
425
279
228
1695
784
784
1629
786
400
784
784
784
784
614
1522
784
784
1865
784
487
799
969
1436
784
2158
784
784
784
784
784
328
784
784
784
784
784
978
242
777
784
784
676
784
364
203
250
784
771
784
784
784
784
784
784
784
784
919
784
784
286
784
1760
547
784
784
784
784
784
784
196
784
784
318
784
253
1667
328
784
758
565
784
784
1769
784
784
784
784
784
784
784
365
784
784
784
784
784
196
784
784
784
784
1417
784
784
784
1544
784
1024
196
2012
338
784
692
418
784
784
560
1968
784
242
1022
784
784
361
784
604
784
1542
235
916
784
784
364
271
784
406
535
931
784
425
784
784
537
1972
384
784
736
245
784
784
396
724
557
892
784
1452
640
1963
286
784
784
784
545
784
603
507
1135
784
332
784
377
486
784
784
784
671
784
426
784
784
429
784
784
784
784
784
445
784
784
784
1445
784
784
784
784
784
276
784
1123
784
574
784
784
784
211
784
1887
784
784
3247
365
784
270
784
978
784
784
784
213
784
389
784
784
784
784
784
784
1291
784
1273
382
626
401
784
784
784
1514
784
784
344
784
784
530
784
1511
784
681
784
573
784
784
400
784
784
217
261
676
773
784
989
389
784
459
996
784
784
471
455
784
784
784
784
428
235
784
638
784
382
281
784
784
784
784
784
222
505
1194
784
338
1654
784
784
258
784
1887
784
650
784
784
784
416
899
2158
1213
531
224
653
784
436
888
784
843
784
784
784
784
228
1709
784
199
402
784
932
784
784
784
329
784
784
784
784
784
784
784
784
198
917
707
784
1072
346
784
784
784
784
784
784
287
361
545
784
251
784
784
784
784
553
784
784
784
265
1600
392
784
1091
784
394
784
784
196
535
2526
784
1241
784
1137
411
784
784
784
773
784
784
784
784
784
784
784
1562
1092
784
756
784
784
784
784
592
784
784
1182
784
784
784
708
784
784
784
982
515
784
784
784
924
786
784
551
784
784
784
1686
640
784
784
233
572
2151
784
784
784
216
4252
784
784
784
784
441
963
940
784
291
265
784
1991
784
611
784
784
940
784
250
784
1260
784
784
784
1026
2255
784
784
784
784
1898
784
784
784
784
784
784
784
784
784
317
784
784
784
1415
389
823
1539
784
416
784
784
784
784
294
784
784
784
196
509
784
784
784
784
784
784
784
213
519
476
784
784
514
784
477
1356
784
1462
784
784
784
784
2043
784
410
2437
784
784
784
784
784
1966
784
1849
784
214
784
497
784
2015
3467
1214
784
1634
422
323
198
784
784
784
784
784
1883
768
784
784
784
425
446
784
403
1127
784
229
784
931
784
879
784
936
784
784
301
784
784
518
346
233
784
655
1812
1389
784
455
1414
339
784
784
644
2172
784
784
784
261
784
784
784
784
784
784
534
784
784
681
355
784
784
784
784
784
784
784
382
281
784
784
706
784
784
789
784
784
260
784
784
347
784
784
784
784
784
784
784
784
576
375
784
229
784
784
784
210
949
387
784
199
784
784
230
1800
784
784
784
206
784
254
784
666
784
406
331
784
1090
333
784
784
784
646
784
784
784
297
784
784
784
784
784
784
2319
3933
1211
784
784
784
784
784
784
784
784
784
784
784
784
784
784
3377
784
784
784
784
1183
646
908
784
784
1327
784
1377
784
784
1755
445
784
784
784
784
269
784
219
272
784
784
403
784
1703
784
1483
784
784
784
784
784
1207
784
784
472
784
784
784
784
784
784
826
1188
2151
784
784
784
784
271
784
784
784
784
784
784
784
784
413
210
602
784
469
2089
411
548
784
784
784
784
784
784
784
784
784
784
784
784
784
784
784
784
257
784
784
784
784
784
329
1519
784
417
784
784
784
784
784
842
784
784
457
784
784
784
347
784
784
196
1459
784
313
784
784
698
784
784
784
784
1737
251
784
784
784
784
784
784
784
784
223
784
784
784
784
784
1510
784
359
784
784
784
316
2255
784
784
784
985
2717
1019
784
317
784
327
784
784
253
784
784
784
784
784
784
784
400
491
784
392
784
612
319
784
784
784
359
784
1151
461
784
784
784
784
784
1036
784
314
784
784
234
1953
784
784
784
784
784
784
784
784
784
2631
784
784
289
784
784
539
784
784
784
784
784
326
784
784
784
318
784
784
784
2758
393
784
331
784
448
1806
784
539
631
690
784
1457
1109
784
784
728
784
784
1966
784
784
1955
383
394
784
784
784
1812
474
784
784
784
784
500
1741
1170
784
784
784
784
784
784
784
977
784
784
784
736
784
784
784
936
784
784
784
784
784
784
784
784
784
784
356
871
880
784
784
784
409
315
983
367
810
693
784
784
784
297
784
784
784
784
822
784
784
218
784
784
784
1024
784
784
784
1668
784
784
1183
202
784
1696
896
784
784
784
2012
784
784
776
784
784
470
784
883
784
1652
779
1770
289
1868
210
303
784
784
784
1276
597
1288
784
784
784
784
378
941
462
784
1344
784
784
518
322
1695
784
784
728
385
784
784
784
2421
784
784
784
784
784
784
196
784
784
784
581
213
657
1252
374
639
797
479
784
784
784
784
784
784
1489
784
525
784
784
784
890
784
784
283
784
305
784
784
784
784
784
784
784
784
784
784
784
390
393
388
784
932
784
784
2376
833
784
784
333
784
784
345
784
784
496
784
784
784
784
1802
784
784
784
784
2347
488
784
606
784
784
784
784
784
784
784
253
784
784
784
211
784
360
784
784
784
2271
682
784
784
5131
784
784
784
784
784
784
784
271
793
784
1206
752
784
784
3271
784
784
849
784
784
784
638
729
518
259
596
784
784
784
500
784
1240
784
784
3074
242
784
784
970
784
243
784
733
260
784
784
784
436
784
340
784
504
784
784
206
784
784
784
784
1740
872
784
784
591
784
784
784
784
784
2258
784
945
784
784
784
784
784
784
784
784
379
784
784
784
784
784
339
784
784
204
784
784
1406
784
784
784
784
784
784
422
784
1988
784
784
1552
784
784
367
784
784
784
268
594
784
784
562
784
349
784
368
784
1112
784
784
804
709
1132
784
1975
784
784
784
784
1735
784
784
352
260
784
400
784
784
784
670
784
784
784
784
784
1034
414
784
201
784
784
784
784
260
784
339
346
784
784
784
327
196
784
784
784
784
784
573
784
196
681
1987
784
784
1649
784
784
784
784
652
784
1162
917
784
1309
784
784
784
784
812
784
784
784
1011
442
1024
784
784
784
784
784
784
784
784
784
784
784
784
784
784
784
784
784
784
214
3074
784
784
201
2530
784
784
951
784
784
784
784
784
784
254
784
553
784
1483
253
784
1118
457
784
1245
1444
415
784
784
784
784
784
555
264
337
784
784
1270
784
784
784
784
784
784
784
784
784
784
647
784
784
784
784
352
784
784
784
196
784
784
784
784
784
2068
784
959
903
784
784
2421
784
784
691
257
784
784
784
3377
784
388
199
784
784
784
1773
784
784
667
252
1043
784
784
784
784
784
784
784
784
784
372
876
784
1901
784
784
1422
784
784
784
353
784
784
247
426
1944
784
784
784
784
784
759
3467
240
784
221
784
784
784
784
784
3319
292
784
784
237
784
784
784
790
784
1612
784
246
410
784
2258
572
784
784
784
530
784
784
898
784
784
784
784
369
784
408
1760
784
784
784
784
784
784
784
784
395
784
784
784
784
784
784
784
784
371
784
784
784
4398
281
784
225
784
784
784
784
784
784
784
784
784
784
673
784
396
569
220
784
784
342
784
784
784
784
784
784
784
212
784
202
1170
784
784
784
412
784
784
302
784
1093
784
3951
784
784
784
1328
232
784
238
784
744
390
556
784
784
784
936
2485
784
221
784
784
784
784
784
337
265
784
784
784
784
784
784
784
815
