489
440
496
518
423
514
429
656
370
433
447
502
450
422
415
446
406
465
444
409
384
247
412
351
656
436
351
325
350
403
302
301
304
327
309
354
407
582
458
211
360
300
253
330
383
328
314
334
364
349
350
774
298
297
241
656
319
269
353
338
291
257
315
366
331
351
302
283
188
223
321
289
390
461
807
300
351
300
349
656
325
374
2107
392
656
292
303
298
363
335
327
656
656
200
656
656
305
341
294
656
238
295
656
656
463
656
290
417
326
225
191
656
656
656
259
239
656
656
508
399
346
357
313
260
293
349
204
293
278
254
656
330
371
225
315
335
236
305
656
345
332
656
291
233
328
656
264
278
186
324
656
244
275
188
358
252
188
295
292
656
310
321
807
315
246
656
215
656
656
619
265
656
366
305
294
656
656
239
656
401
656
262
656
258
231
275
175
224
422
164
656
656
279
656
216
341
264
263
656
656
291
260
221
656
656
277
252
656
238
656
656
656
218
247
656
656
287
656
656
656
214
292
656
277
249
214
229
656
217
656
259
656
297
656
243
269
656
295
234
215
164
656
211
656
656
319
656
656
656
656
217
656
269
656
656
371
656
260
342
656
656
177
656
656
656
656
306
656
656
231
656
352
656
181
180
656
164
179
206
343
656
214
171
656
231
656
656
656
656
656
656
279
656
656
746
656
656
270
656
656
656
656
656
656
656
656
656
656
656
656
656
656
656
656
656
656
656
656
230
656
656
178
264
241
211
656
241
258
656
285
228
656
186
237
656
175
656
296
237
656
324
656
217
656
241
656
1230
656
656
235
179
2107
219
238
254
348
656
656
656
656
656
656
656
656
656
656
656
656
656
265
235
196
656
656
656
656
234
656
656
656
656
656
656
656
656
656
656
656
656
283
183
656
656
656
656
257
656
498
193
274
656
656
656
656
656
656
656
656
656
656
656
286
656
496
221
290
656
656
656
656
656
656
656
275
183
656
286
656
282
656
165
258
252
218
328
213
656
656
328
656
656
256
656
656
656
656
164
656
294
656
656
656
656
656
217
656
261
276
421
183
656
227
656
656
656
656
656
656
656
197
167
656
656
656
656
656
186
656
656
656
280
656
204
312
273
186
656
656
656
656
656
226
656
656
656
656
656
656
656
173
656
656
656
656
179
656
262
656
656
656
656
656
656
656
656
656
656
656
656
656
267
656
284
656
656
656
656
656
656
656
656
656
656
656
656
656
656
656
656
232
656
656
656
656
262
656
656
656
656
656
2107
251
656
656
384
656
656
202
656
185
656
656
656
656
656
231
656
656
656
656
656
656
656
656
656
656
656
656
202
656
187
656
656
259
656
656
296
193
656
269
468
656
656
656
656
179
656
656
656
656
656
656
656
180
656
656
656
656
656
321
167
656
656
656
656
656
656
656
656
251
656
656
656
656
656
656
656
656
656
656
656
325
656
656
656
656
656
176
656
656
656
656
656
252
656
656
656
656
656
298
656
656
524
197
656
311
181
250
656
656
656
656
656
656
656
262
656
656
656
656
656
656
656
656
614
435
446
656
656
656
170
239
656
656
220
656
656
656
656
656
197
656
656
656
656
656
656
656
656
656
656
656
656
220
656
656
656
248
656
656
656
656
656
656
291
656
656
656
656
656
656
277
656
203
656
656
656
174
656
656
582
656
656
656
656
261
656
198
656
656
656
190
656
656
656
656
176
656
656
656
656
656
656
656
511
656
656
656
656
656
656
656
656
328
656
656
656
656
656
656
183
656
656
656
656
656
656
656
656
656
656
656
656
656
216
656
656
186
656
656
164
656
656
656
656
173
656
656
226
656
656
656
656
656
656
656
656
328
656
656
656
656
656
304
656
656
656
656
656
656
656
656
271
656
656
164
656
656
656
656
656
656
245
656
656
656
656
656
656
656
656
194
656
656
656
656
656
656
656
656
164
656
656
253
656
656
177
656
165
656
656
656
656
171
656
656
656
656
656
656
656
656
656
656
656
656
656
656
656
656
656
656
656
656
656
656
656
656
656
656
656
656
656
656
656
656
656
656
310
656
656
656
656
656
656
656
656
656
656
656
656
656
656
656
656
656
656
656
656
656
656
656
656
656
656
656
218
656
656
656
656
656
656
656
656
656
656
656
656
656
656
656
656
656
656
199
656
656
656
656
656
286
656
656
656
656
656
656
656
656
656
656
656
656
656
656
656
656
656
656
656
656
656
656
656
656
656
656
656
656
656
656
656
656
656
656
656
656
187
656
656
656
656
656
656
656
207
656
656
656
656
656
656
470
656
656
656
656
656
656
656
656
656
656
656
656
656
656
656
656
656
656
656
656
656
656
656
656
656
656
656
656
656
656
656
656
656
656
656
656
656
656
656
656
175
656
656
656
656
656
656
656
656
656
656
656
656
656
236
656
656
656
656
656
656
656
656
656
211
656
656
656
656
656
656
656
656
656
656
656
656
656
656
656
364
656
656
285
656
656
656
656
656
656
656
656
656
656
656
656
656
656
656
656
656
656
656
656
656
656
656
656
656
656
656
656
656
656
656
656
656
656
656
656
656
656
656
656
656
656
656
656
244
656
656
656
656
656
656
656
656
656
656
656
656
656
656
656
187
656
656
656
230
656
656
656
656
656
656
656
656
656
656
656
656
656
656
656
656
656
656
656
656
656
656
656
656
656
656
656
656
656
656
656
656
656
656
656
656
656
656
656
656
656
656
656
656
656
656
656
656
656
656
656
656
656
656
656
656
656
656
656
656
656
656
656
656
656
656
656
656
656
656
656
656
656
656
656
656
235
656
656
656
656
656
656
656
656
656
656
656
656
656
656
656
218
656
656
656
656
656
656
656
656
168
656
656
656
656
656
656
656
656
656
656
656
656
656
656
656
656
656
256
656
656
656
656
656
656
656
656
656
656
656
656
656
656
656
656
656
656
656
1230
656
656
656
656
164
656
656
656
656
656
656
656
656
656
656
656
656
656
656
656
656
656
656
656
656
656
656
656
656
656
656
656
656
164
656
656
656
656
656
656
656
656
656
656
656
656
656
656
656
656
656
656
656
656
656
656
656
656
656
656
656
656
656
656
170
656
656
656
656
656
656
656
656
656
300
656
656
656
212
656
297
656
656
656
656
656
656
656
656
185
656
656
656
656
656
656
656
656
656
656
656
656
164
656
656
656
656
656
656
656
656
656
656
656
656
656
656
656
656
656
656
656
656
656
656
656
656
656
656
656
656
656
656
656
268
656
656
656
656
164
656
656
656
656
656
656
319
656
656
656
656
656
656
656
656
656
656
656
656
656
656
656
656
656
656
656
656
656
656
656
656
656
656
656
656
656
656
656
656
656
656
656
656
251
656
656
656
656
656
656
656
656
656
656
656
656
656
656
656
656
656
656
656
656
656
656
656
656
656
656
656
656
656
656
656
656
656
656
656
656
656
169
656
656
656
656
656
656
656
656
656
656
656
656
656
656
656
656
656
656
656
656
656
656
656
656
656
656
656
656
656
656
656
656
656
656
656
656
656
656
656
656
656
656
199
656
656
656
656
656
656
656
656
656
656
656
656
656
656
656
656
656
656
656
656
656
656
656
656
656
656
656
656
656
656
656
656
656
656
656
656
656
656
656
656
656
656
656
656
656
656
656
656
656
656
656
656
656
656
656
656
656
656
656
656
656
656
241
656
656
656
656
656
656
656
656
656
656
656
656
656
201
656
656
656
656
656
656
656
656
656
656
656
656
656
656
656
656
656
656
656
656
656
656
656
656
656
656
656
656
656
656
656
656
656
656
656
656
656
656
656
656
656
656
656
656
656
656
656
656
166
656
656
656
656
656
656
656
656
656
656
656
656
656
656
656
656
656
656
656
656
656
656
656
656
656
656
656
656
656
656
656
656
656
656
656
656
656
656
656
656
656
656
167
656
656
656
656
656
656
656
656
656
656
656
656
656
656
656
656
656
656
656
656
656
656
656
656
656
656
656
359
2107
656
656
656
656
656
656
656
656
656
656
656
656
656
656
656
656
656
656
656
656
656
656
656
656
656
656
656
656
656
656
656
656
656
656
656
656
656
656
656
656
656
656
656
656
656
656
656
656
656
656
656
656
656
656
656
656
656
656
656
656
656
656
656
656
656
656
656
656
178
656
656
656
656
656
656
656
656
656
656
656
656
656
656
656
656
656
656
656
656
656
656
656
194
656
656
656
656
656
656
656
656
656
656
656
656
656
656
656
656
656
656
656
656
656
656
656
656
656
656
656
656
656
656
656
656
656
656
656
656
656
656
656
656
656
656
656
656
656
656
656
656
656
656
656
656
656
656
656
656
656
656
656
656
656
656
656
656
656
656
656
656
656
656
656
190
656
656
656
656
656
656
656
656
656
656
656
656
656
656
656
656
656
656
656
656
656
656
656
656
656
656
656
656
656
656
656
656
656
656
656
656
656
656
656
656
656
656
656
656
656
656
656
656
656
656
656
656
656
656
656
656
656
656
656
656
656
656
656
656
656
656
656
656
656
656
656
656
656
656
656
656
656
656
656
656
656
656
656
656
656
656
656
656
656
656
656
656
656
656
656
656
656
656
656
656
656
656
656
656
656
656
656
656
656
656
656
656
656
656
656
656
656
656
656
656
656
656
656
656
656
170
656
656
656
656
656
656
656
656
656
656
656
656
656
656
656
656
656
656
656
656
656
656
656
656
656
656
656
656
656
656
656
656
656
656
656
656
656
656
656
656
656
656
656
656
656
656
656
656
656
656
656
656
656
656
656
656
656
656
656
656
656
656
656
656
656
656
656
656
656
656
656
357
656
656
656
656
656
656
656
656
656
656
656
656
656
656
656
656
656
656
656
656
656
656
656
656
656
656
656
656
656
656
218
656
656
656
656
656
656
656
656
331
656
656
656
656
656
656
656
656
656
656
656
656
656
656
656
656
656
656
656
656
656
656
656
656
656
656
656
656
656
656
656
656
288
656
656
656
656
656
656
656
656
656
656
656
656
656
656
656
656
656
656
656
656
656
656
656
656
656
656
656
656
656
656
656
656
656
656
656
656
656
656
656
656
656
656
656
656
656
656
656
656
656
656
656
656
656
656
656
656
656
656
656
656
656
656
294
656
656
656
656
656
656
656
656
656
656
656
656
656
656
656
656
656
656
656
656
656
656
656
656
656
656
656
656
656
656
656
656
656
656
656
656
656
656
656
656
656
656
179
656
656
656
656
656
656
656
656
656
656
656
656
656
656
656
656
656
656
656
656
273
656
656
656
656
656
656
656
656
656
656
656
656
656
656
656
656
656
656
656
656
656
656
656
656
656
656
656
656
656
656
656
656
656
656
656
656
656
656
656
656
656
656
656
656
656
656
656
656
656
656
656
656
656
656
656
656
656
656
656
656
656
656
656
656
656
656
656
656
656
656
656
656
656
656
656
656
656
656
656
656
656
656
656
656
656
656
656
656
656
656
656
656
656
656
656
656
656
656
656
656
656
656
656
656
656
656
656
656
656
656
656
656
656
656
656
656
656
656
656
656
656
656
656
656
656
656
656
656
656
656
656
656
656
656
656
212
656
429
656
656
656
656
656
656
656
656
656
656
656
656
656
656
656
656
656
656
656
656
656
656
656
656
656
656
656
656
656
656
656
656
656
656
656
656
656
656
656
656
656
656
656
656
656
656
656
656
656
656
656
656
656
656
656
656
656
656
656
656
656
656
656
656
656
656
656
656
167
656
656
656
656
656
656
656
656
656
656
656
656
656
656
656
656
656
656
656
656
656
656
656
656
236
656
656
656
656
656
656
656
656
656
656
656
656
656
656
656
656
656
656
656
656
656
656
656
656
656
656
656
656
656
656
656
656
656
656
656
656
656
656
656
656
656
656
656
656
656
656
656
656
656
656
656
656
656
656
656
656
656
656
656
656
656
656
656
656
656
656
656
656
656
656
656
656
656
656
656
656
656
656
656
656
656
656
656
656
656
656
656
656
656
656
656
656
656
656
656
656
656
656
656
656
656
656
656
656
656
656
656
656
656
656
656
656
656
656
656
656
656
656
656
656
656
656
656
656
656
167
656
656
656
656
656
656
656
656
656
656
656
656
656
656
656
656
656
656
656
656
656
656
656
656
656
656
656
656
656
656
656
656
656
656
656
656
656
656
656
656
656
656
656
656
656
656
656
656
656
656
656
656
656
656
656
656
656
656
656
656
656
656
656
656
656
656
656
656
656
656
656
656
656
656
656
656
656
656
656
656
656
656
656
656
656
656
656
656
656
656
656
656
656
656
656
656
656
656
656
656
656
656
656
656
656
656
656
656
656
656
656
656
656
656
656
656
656
656
656
656
656
656
656
656
656
656
656
656
656
656
656
656
164
656
656
656
656
656
656
656
656
656
656
656
656
656
656
656
656
656
656
656
656
656
656
656
656
656
656
656
656
656
656
656
656
656
656
656
656
656
656
656
656
656
656
656
656
656
656
656
656
656
656
656
229
656
656
656
656
656
235
656
656
656
656
656
656
656
656
656
656
656
656
656
656
656
656
656
656
656
656
656
656
656
656
656
656
656
656
656
656
656
656
656
656
656
656
656
656
656
656
656
656
656
656
194
656
656
656
656
656
656
656
656
656
656
656
656
656
656
656
656
656
656
656
656
267
656
656
656
656
656
656
656
656
656
656
656
656
656
656
656
656
656
656
656
656
656
656
656
656
656
656
656
656
656
656
656
656
656
656
656
656
656
656
656
656
164
656
656
656
656
656
656
656
656
656
656
656
656
656
656
656
656
656
656
656
656
656
656
656
656
656
656
656
656
656
656
656
656
656
656
656
656
656
656
656
656
656
656
656
656
656
656
656
656
656
656
656
656
656
656
656
656
656
656
656
656
656
656
656
656
656
656
656
656
656
656
656
656
656
656
656
656
656
656
656
656
656
656
656
656
656
656
656
656
656
656
656
656
656
656
656
656
656
656
656
656
656
656
656
656
656
656
656
656
656
656
656
656
656
656
656
656
656
656
656
656
656
656
656
656
656
656
656
656
656
656
656
656
656
656
656
656
656
656
656
498
656
656
656
656
656
656
656
635
656
263
656
656
656
656
656
656
656
656
656
656
656
656
656
656
656
656
656
656
656
656
656
656
656
656
656
656
656
656
656
656
656
656
656
656
656
656
656
656
656
656
656
656
656
656
656
656
656
656
656
656
656
656
656
656
656
656
656
656
656
656
656
656
656
656
656
656
656
656
656
656
656
656
656
656
656
656
656
656
656
656
656
656
656
656
656
656
656
656
656
656
656
656
656
656
656
656
656
656
656
656
656
656
656
656
656
656
656
656
656
656
656
656
656
656
656
656
656
656
656
656
656
656
656
656
656
656
656
656
656
656
656
656
656
656
656
656
656
656
656
656
656
656
656
656
656
656
656
656
656
656
656
656
656
656
656
656
656
656
656
656
656
656
656
656
656
656
656
656
656
656
656
656
656
656
656
656
656
656
656
656
656
656
656
656
656
656
656
656
656
656
656
656
656
656
656
656
656
656
656
656
656
656
656
656
656
656
656
656
656
656
656
656
656
656
656
656
656
656
656
656
656
656
656
656
385
656
656
656
656
656
656
656
656
656
656
656
656
656
656
656
656
656
656
656
656
656
656
656
656
656
656
656
656
656
656
656
656
656
656
656
656
656
656
656
656
656
656
656
656
656
656
656
656
656
656
656
656
656
656
656
656
371
656
656
656
656
656
656
656
656
656
656
656
656
656
656
656
656
656
656
656
164
656
656
656
656
656
656
656
656
656
656
656
656
896
656
656
656
656
656
656
656
656
656
656
656
656
656
656
656
656
656
656
656
656
656
656
656
656
656
656
656
656
656
656
656
656
656
656
656
299
656
656
656
656
656
656
656
656
656
656
656
656
656
656
656
656
656
656
656
656
656
656
656
656
656
656
656
656
656
656
656
656
656
656
656
656
656
656
656
656
656
656
656
656
656
656
656
656
656
656
656
656
656
656
656
656
656
656
656
656
656
656
656
656
656
656
656
177
656
656
656
656
656
656
656
656
656
656
656
656
656
656
656
656
656
656
656
656
656
656
656
656
656
656
656
656
656
656
656
656
656
656
656
656
656
656
656
656
656
656
656
656
656
656
656
656
656
656
656
656
656
656
656
656
656
656
656
656
656
656
656
656
656
656
656
656
656
656
656
656
656
656
656
656
656
656
656
656
656
656
656
656
656
656
656
656
656
656
656
656
656
656
656
656
656
656
656
656
656
656
656
656
656
656
656
656
656
656
656
656
656
656
656
656
656
656
656
656
656
656
656
656
656
656
656
656
656
656
656
656
656
656
656
656
656
656
656
656
656
656
656
656
656
656
656
656
656
656
656
656
656
656
656
656
656
656
656
656
656
656
656
656
656
656
656
656
656
656
656
656
656
656
656
656
656
656
656
656
656
656
656
656
656
656
656
656
656
656
656
656
656
656
656
656
656
656
656
656
656
656
656
656
656
656
656
656
656
656
656
656
656
656
656
656
656
656
656
656
656
656
656
656
656
656
656
656
656
656
656
656
656
656
656
656
656
656
656
656
656
656
656
656
656
656
656
656
656
656
656
656
656
656
656
656
656
656
656
656
656
656
656
656
656
656
656
656
656
656
656
656
656
656
656
656
656
656
656
656
656
656
656
656
656
656
656
656
656
656
656
656
656
656
656
656
656
656
656
656
656
656
656
656
656
656
656
656
656
656
656
656
656
656
656
656
656
656
656
656
656
656
656
469
656
656
656
656
656
656
656
656
656
656
656
656
656
656
656
656
656
656
656
656
656
656
656
656
656
656
656
656
656
656
656
656
656
656
656
656
656
656
656
656
656
656
656
656
656
656
656
656
656
656
656
656
656
656
656
656
656
656
656
656
656
164
656
656
656
656
656
656
656
656
656
656
656
656
656
656
656
656
656
656
656
656
656
656
656
656
656
656
656
656
656
656
656
656
656
656
656
656
656
656
656
656
656
656
656
656
656
656
656
656
656
656
656
199
656
656
656
656
656
656
656
656
656
656
656
656
656
656
656
656
656
656
656
656
656
656
656
656
656
656
656
656
656
656
656
656
656
656
656
656
656
656
656
656
656
656
656
656
656
656
656
656
656
656
656
656
656
656
656
656
656
656
656
656
656
656
656
656
656
656
656
656
656
656
656
656
656
656
656
656
656
656
656
656
656
656
656
656
656
656
656
656
656
656
656
656
656
656
656
656
656
656
656
656
656
656
656
656
656
656
656
656
656
656
656
656
656
656
656
656
656
656
656
656
656
656
656
656
656
656
656
656
656
656
656
656
656
656
656
656
656
656
656
656
656
656
656
656
656
656
656
656
656
656
656
656
656
656
656
656
656
656
656
656
656
656
656
656
656
656
656
656
656
656
656
656
656
656
656
656
656
656
656
656
656
656
656
656
656
656
656
656
656
656
656
656
656
656
656
656
656
656
656
656
656
656
656
656
656
656
656
656
656
656
656
656
656
656
656
656
656
656
656
656
656
656
656
656
656
656
656
656
656
656
656
656
656
656
656
656
656
656
656
656
656
656
656
656
896
656
656
656
656
656
656
656
656
656
656
656
656
656
656
656
656
656
656
656
656
656
656
656
656
656
656
656
656
656
656
656
656
656
656
656
656
656
656
656
656
656
656
656
656
656
656
656
656
656
656
656
656
656
656
656
656
656
656
656
656
656
656
656
656
656
656
656
656
656
656
656
656
656
656
656
656
656
656
656
656
656
656
656
656
656
656
656
656
656
656
656
656
656
656
656
656
656
656
656
656
656
656
656
656
656
656
656
656
656
656
656
656
656
656
656
656
656
656
656
656
656
656
656
656
656
656
656
656
656
656
656
656
656
656
656
656
656
656
656
656
656
656
656
656
656
656
656
656
656
656
656
656
656
656
656
656
656
656
656
656
656
656
656
656
656
656
656
656
656
656
656
656
656
656
656
656
656
656
656
656
656
656
656
656
656
656
656
656
656
656
656
656
656
656
656
656
656
656
656
656
656
656
656
656
656
656
656
656
656
656
656
656
656
656
656
656
656
656
656
656
656
656
656
656
656
656
656
656
656
656
656
656
656
656
656
656
656
656
656
656
656
656
656
656
656
656
656
656
656
656
656
656
656
656
656
656
213
656
656
656
656
656
656
656
656
656
656
656
656
656
656
656
656
656
656
656
656
656
656
656
656
656
656
656
656
656
656
656
656
656
656
656
656
656
656
656
656
656
656
656
656
656
656
656
656
656
656
656
656
656
656
656
656
656
656
656
656
656
656
656
656
656
656
656
656
656
656
656
656
656
656
656
656
656
656
656
656
656
656
656
656
656
656
656
656
656
656
656
656
656
656
656
656
656
165
656
656
656
656
656
656
656
656
656
656
656
656
656
656
656
656
656
656
656
656
656
656
656
656
656
656
656
656
656
656
656
656
656
656
656
656
656
656
656
656
656
656
656
656
656
656
656
656
656
656
656
656
656
656
435
656
656
656
656
656
656
656
656
656
656
656
656
656
656
656
656
656
656
656
656
656
656
656
656
656
656
656
656
656
656
656
656
656
656
656
656
656
656
656
656
656
656
656
656
656
656
656
656
656
656
656
656
656
656
656
656
656
656
656
656
656
656
656
656
656
656
656
656
656
656
656
656
656
656
656
656
656
656
656
656
656
656
656
656
656
656
656
656
656
656
656
656
656
656
656
656
656
656
656
656
656
656
656
656
656
656
656
656
656
656
656
656
656
656
656
656
656
656
656
656
656
656
656
656
656
656
656
656
656
656
656
656
656
656
656
656
656
656
656
656
656
656
656
656
656
656
656
656
656
656
656
656
656
656
656
656
656
656
656
656
656
656
656
656
656
656
656
656
656
656
656
656
656
656
656
656
656
656
656
656
656
656
656
656
656
656
656
656
656
656
656
656
656
656
656
656
656
656
656
656
656
656
656
656
656
656
656
656
656
656
656
656
656
656
656
656
656
656
656
656
656
656
656
656
656
656
656
656
656
656
656
656
656
656
656
656
656
656
656
656
656
656
656
656
656
656
656
656
656
656
656
656
656
656
656
656
656
656
656
656
656
656
656
656
656
656
656
656
656
656
656
656
656
656
656
656
656
656
656
656
656
656
656
656
656
656
656
656
656
656
656
656
656
656
656
656
656
656
656
656
656
656
656
656
656
656
656
656
656
656
656
656
656
656
656
656
656
656
656
656
656
656
656
656
656
656
656
656
656
656
656
656
656
656
656
656
656
656
656
656
656
656
656
656
656
656
656
656
656
656
656
656
656
656
656
656
656
656
656
656
656
656
656
656
656
656
656
656
656
656
656
656
656
656
656
656
656
656
656
656
656
656
656
656
656
656
656
656
656
656
656
656
656
656
656
656
656
656
656
656
656
656
656
656
656
656
656
656
656
656
656
656
656
656
656
656
656
656
656
656
656
656
656
656
656
656
656
656
656
656
656
656
656
656
656
656
656
656
656
656
656
656
656
656
656
656
656
656
656
656
656
656
656
656
656
656
656
656
656
656
656
656
656
656
656
656
656
656
656
656
656
656
656
656
656
656
656
656
656
656
656
656
656
656
656
656
656
656
656
656
656
656
656
656
656
656
656
656
656
656
656
656
656
656
656
656
656
656
656
656
656
656
656
656
656
656
656
656
656
656
656
656
656
656
656
656
656
656
656
656
656
656
656
656
656
656
656
656
656
656
656
656
656
656
656
656
656
656
656
656
656
656
656
656
656
656
656
656
656
656
656
656
656
656
656
656
656
656
656
656
656
656
656
656
656
656
656
656
656
656
656
656
656
656
656
656
656
656
656
656
656
656
656
656
656
656
656
656
656
656
656
656
656
656
656
656
656
656
656
656
656
656
656
656
656
656
656
656
656
656
656
656
656
656
656
656
656
656
656
656
656
656
656
656
656
656
656
656
656
656
656
656
656
656
656
656
656
656
656
656
656
656
656
656
656
656
656
656
656
656
656
656
656
656
656
656
656
656
656
656
656
656
656
656
656
656
656
656
656
656
656
656
656
656
656
656
656
656
656
656
656
656
656
656
656
656
656
656
656
656
656
656
656
656
656
656
656
656
656
656
656
656
656
656
656
656
656
656
656
656
656
656
656
656
656
656
656
656
656
656
656
656
656
656
656
656
656
656
656
656
656
656
656
656
656
656
656
656
656
656
656
656
656
656
656
656
656
656
656
656
656
656
656
656
656
656
656
656
656
656
656
656
656
656
656
656
656
656
656
656
656
656
656
656
656
656
656
656
656
656
656
656
656
656
656
656
656
656
656
656
656
656
656
656
656
656
656
656
656
656
656
656
656
656
656
656
656
656
656
656
656
656
656
656
656
656
656
656
656
656
656
656
656
656
656
656
656
656
656
656
656
656
656
656
656
656
656
656
656
656
656
656
656
656
656
656
656
656
656
656
656
656
656
656
656
656
656
656
656
656
656
656
656
656
656
656
656
656
656
656
656
656
656
656
656
656
656
656
656
656
656
656
656
656
656
656
656
656
656
656
656
656
656
656
656
656
656
656
656
656
656
656
656
656
656
656
656
656
656
656
656
656
656
656
656
656
656
656
656
656
656
656
656
656
656
656
656
656
656
656
656
656
656
656
656
656
656
656
656
656
656
656
656
656
656
656
656
656
656
656
656
656
656
656
656
656
656
656
656
656
656
656
656
656
656
656
656
656
656
656
656
164
656
656
656
656
656
656
656
656
656
656
656
656
656
656
656
656
656
656
656
656
656
656
656
656
656
656
656
656
656
656
656
656
656
656
656
656
656
656
656
656
656
656
656
656
656
656
656
656
656
656
656
656
656
656
656
656
656
656
656
656
656
656
656
656
656
656
656
656
656
656
656
656
656
656
656
656
656
656
656
656
656
656
656
656
656
656
656
656
656
656
656
656
656
656
656
656
656
656
656
656
656
656
656
656
656
656
656
656
656
656
656
656
656
656
656
656
656
656
656
656
656
656
656
656
656
656
656
656
656
656
656
656
656
656
656
656
656
656
656
656
656
656
656
656
656
656
656
656
656
656
656
656
656
656
656
656
656
656
656
656
656
656
656
656
656
656
656
656
656
656
656
656
656
656
656
656
656
656
656
656
656
656
656
656
656
656
656
656
656
656
656
656
656
656
656
656
656
656
656
656
656
656
656
656
656
656
656
656
656
656
656
656
656
656
656
656
656
656
656
656
656
656
656
656
656
656
656
656
656
656
656
656
656
656
656
656
656
656
656
656
656
656
656
656
656
656
656
656
656
656
656
656
656
656
656
656
656
656
656
656
656
656
656
656
656
656
656
656
656
656
656
656
656
656
656
656
656
656
656
656
656
656
656
656
656
656
656
656
656
656
656
656
656
656
656
656
656
656
656
656
656
656
656
656
656
656
656
656
656
656
656
656
656
656
656
656
656
656
656
656
656
656
656
656
656
656
656
656
656
656
656
656
656
656
656
656
656
656
656
656
656
656
656
656
656
656
656
656
656
656
656
656
656
656
656
656
656
656
656
656
656
656
656
656
656
656
656
656
656
656
656
656
656
656
656
656
656
656
656
656
656
656
656
656
656
656
656
656
656
656
656
656
656
656
656
656
656
656
656
656
656
656
656
656
656
