1338
1151
1324
1112
1093
1227
1229
1161
1120
978
1004
1085
1062
1067
1181
1010
915
964
1291
940
853
1047
915
865
1289
840
832
841
1027
642
5013
806
1203
868
634
592
1291
1093
1151
551
607
777
1324
733
736
783
1004
863
543
828
728
1161
652
1229
1049
509
584
713
922
734
769
509
546
541
920
612
943
611
547
469
533
536
616
597
529
703
506
870
546
791
1603
540
751
583
546
533
504
769
727
822
597
592
532
716
1289
540
583
752
544
586
475
732
1551
840
608
582
546
608
464
562
1953
690
501
537
510
1085
485
675
529
434
800
490
559
652
500
643
483
471
705
424
915
562
790
834
491
500
519
455
546
580
658
655
612
947
445
677
476
477
887
721
1049
457
477
530
459
469
454
473
606
690
772
959
602
449
801
937
458
457
485
778
471
435
696
596
466
600
510
468
499
501
497
655
1373
1056
485
566
1031
509
438
758
881
1047
598
492
499
524
465
470
723
607
546
673
690
562
463
696
514
464
452
1735
695
1181
461
476
488
593
492
1060
671
503
470
978
523
739
606
572
510
719
490
484
943
457
452
458
510
456
663
570
479
711
546
691
529
747
719
435
497
472
461
506
687
425
523
465
592
458
938
465
649
449
683
550
556
439
427
915
541
435
703
611
462
455
572
448
492
446
445
480
495
449
446
352
451
580
795
410
620
704
484
626
597
840
412
694
501
504
436
573
441
964
486
757
817
480
443
509
480
485
448
858
398
785
531
881
444
616
429
456
436
599
405
502
500
1378
649
1735
1120
486
723
691
727
454
438
735
652
418
972
398
572
485
673
2627
892
416
1062
423
479
424
593
1230
448
409
434
602
915
427
728
616
470
530
579
479
509
452
468
430
1767
778
769
490
419
470
451
575
726
491
621
595
437
766
440
719
454
418
554
760
1182
435
442
1123
586
476
659
753
665
651
384
447
512
407
439
474
397
388
715
863
472
495
438
535
724
469
529
592
1497
400
470
391
437
572
940
891
475
397
402
722
465
970
441
517
341
519
399
595
776
472
382
377
524
730
388
331
401
488
439
476
633
402
409
467
427
447
371
667
407
482
839
444
582
469
477
586
712
435
562
597
720
474
403
461
423
391
698
358
378
449
601
660
587
622
393
698
1338
626
739
428
598
562
406
414
475
355
421
457
1578
485
352
447
440
362
583
386
435
498
618
385
397
397
447
489
571
678
387
479
1050
470
401
391
602
609
488
428
468
381
427
499
403
534
574
469
485
393
376
958
646
695
403
441
557
498
401
398
574
539
365
395
398
531
598
589
455
500
384
542
585
435
413
388
726
375
420
510
333
415
409
579
635
422
726
383
631
1373
333
631
466
465
501
401
398
555
358
1182
442
658
429
643
446
509
579
727
450
593
625
435
408
700
419
769
457
480
536
361
683
382
1953
419
682
400
308
373
355
439
378
400
465
399
361
464
524
433
555
465
400
453
601
587
409
405
379
471
608
692
624
519
449
751
591
739
1164
418
433
464
441
323
386
611
545
478
352
340
486
654
628
413
507
407
466
440
423
369
422
959
388
557
359
404
1603
594
441
511
619
473
561
458
313
4172
550
1295
377
512
404
725
442
4172
592
573
691
560
413
332
485
647
545
414
401
393
426
348
370
378
342
445
386
430
390
583
475
422
348
430
441
709
518
491
872
557
396
383
591
640
401
387
510
354
458
394
695
407
367
468
636
624
395
365
637
475
542
371
338
406
402
496
940
439
406
438
412
873
475
372
356
418
502
432
358
531
726
440
526
396
424
418
543
881
316
407
411
641
468
366
437
531
363
550
688
560
671
421
418
511
621
455
512
699
389
470
306
542
369
558
443
471
580
420
410
593
320
341
422
406
434
448
529
538
386
367
592
385
382
401
410
670
390
377
404
506
359
279
711
351
859
387
431
397
400
362
341
349
349
406
432
305
449
385
444
394
502
507
449
427
527
375
436
549
458
671
891
455
735
872
442
459
358
421
396
394
498
402
364
363
474
483
684
720
407
352
389
452
478
906
353
495
355
399
619
1135
443
429
346
432
602
2278
356
409
459
662
390
441
415
388
550
476
397
329
479
733
404
527
455
370
573
450
415
667
398
593
578
473
311
242
479
304
337
262
338
345
411
484
498
365
396
427
423
416
485
487
363
434
503
408
393
521
372
659
337
802
858
448
619
493
392
442
644
420
387
666
399
358
372
372
411
336
505
409
337
426
458
667
389
687
426
452
399
444
318
531
315
446
665
485
406
496
304
292
759
342
443
508
356
437
417
413
695
473
492
430
391
490
665
369
1471
410
393
355
593
405
420
457
502
1343
718
630
375
662
514
1378
394
632
413
719
467
377
414
415
427
634
506
377
416
411
599
418
484
690
580
494
299
834
1575
455
308
408
665
452
378
450
348
453
392
441
449
382
377
356
437
691
461
431
608
453
975
466
358
529
278
410
582
539
416
450
502
491
579
376
618
726
474
638
388
386
420
566
370
384
417
416
372
407
305
352
398
375
663
383
434
401
361
447
444
374
466
359
434
423
316
440
503
476
487
353
700
342
286
719
355
664
371
408
390
577
588
367
381
391
1023
454
551
457
454
388
635
569
524
380
357
582
373
495
297
628
469
267
341
341
706
342
1182
390
1302
438
344
408
372
919
406
332
341
438
365
353
478
2278
414
269
413
392
682
915
388
378
260
338
563
625
722
430
492
311
188
774
704
308
295
344
358
399
484
331
567
535
458
255
378
340
624
502
566
406
372
288
684
441
428
1497
705
314
400
356
287
429
199
405
437
560
599
453
525
455
540
407
319
622
417
409
337
505
450
417
242
469
338
420
383
422
564
463
262
641
352
317
427
430
343
362
401
470
418
465
384
417
341
618
264
547
416
411
684
531
684
506
621
378
397
386
331
682
437
684
378
947
343
510
455
560
999
314
223
437
523
431
330
376
365
540
557
375
376
379
318
777
426
278
1329
703
424
377
521
601
358
291
559
399
254
633
385
369
363
404
336
301
525
453
343
447
578
684
382
392
409
416
382
474
433
359
231
403
355
395
218
582
341
339
365
373
347
413
378
336
382
421
391
356
455
1016
359
353
332
332
335
411
475
229
338
382
324
462
377
373
586
5013
699
700
383
172
573
352
718
684
398
389
454
405
316
389
352
372
328
352
362
447
526
327
415
347
545
237
400
756
517
480
410
477
588
447
348
617
402
573
342
391
476
341
485
371
548
379
580
440
308
341
612
586
343
541
319
348
481
290
436
272
342
415
509
370
261
707
617
481
535
500
378
550
546
378
278
386
394
396
416
403
434
360
341
406
379
382
601
345
351
380
336
279
376
547
425
360
512
417
641
760
520
327
331
632
656
607
452
463
558
456
272
386
416
433
684
463
430
395
479
453
306
490
528
393
286
322
426
409
463
684
441
482
343
432
387
684
407
380
410
454
265
420
800
377
316
628
337
443
705
347
435
311
463
213
859
311
299
469
311
406
367
421
392
561
361
369
300
472
915
542
618
337
460
350
343
325
635
516
887
316
302
684
399
391
461
381
428
351
571
1767
590
502
298
294
230
312
444
373
271
628
434
357
579
374
970
423
546
446
298
529
514
456
292
409
357
356
322
705
361
579
372
489
424
372
1302
447
405
419
373
347
366
348
334
367
369
342
402
406
441
336
435
379
353
619
333
292
589
387
293
400
303
426
551
405
325
363
262
390
395
344
520
388
373
344
315
564
355
402
430
402
684
410
385
404
241
383
291
356
482
603
368
346
514
654
273
375
466
493
536
539
357
274
1060
304
633
633
409
498
719
203
328
365
684
301
390
269
388
333
427
483
340
334
268
616
362
459
403
528
208
355
313
442
637
362
597
399
602
432
386
299
590
367
415
348
395
431
405
576
240
356
349
340
175
374
368
266
379
711
339
526
541
326
348
628
293
570
545
389
364
316
179
420
367
296
337
261
366
273
388
362
684
578
401
361
368
572
193
368
339
389
583
287
341
342
444
636
461
399
449
404
491
450
621
368
762
326
462
436
363
524
276
340
422
580
443
372
472
392
322
442
518
533
364
392
309
238
503
338
378
318
857
995
619
684
416
325
376
363
336
294
230
463
197
476
332
393
333
398
391
406
338
379
318
358
337
450
366
553
298
510
318
357
467
785
368
313
487
389
284
673
332
312
312
497
351
457
684
317
485
339
350
440
380
347
351
352
303
404
607
571
450
354
491
378
562
919
322
374
357
538
1100
624
343
401
891
342
371
501
365
379
782
395
432
312
375
316
718
391
344
871
467
348
313
530
355
436
353
1100
684
330
364
549
591
421
450
600
224
287
366
263
483
235
392
238
431
256
433
602
349
403
1295
402
313
363
391
579
372
668
865
249
438
471
397
519
347
340
740
684
352
275
552
512
365
345
343
801
302
594
420
403
649
407
329
432
338
406
306
389
378
375
317
513
208
352
397
399
270
592
398
431
284
343
347
362
309
574
226
368
368
295
336
222
1060
377
359
377
340
324
684
278
330
470
480
415
287
324
281
427
416
469
684
346
330
365
460
557
357
444
547
306
252
602
705
434
270
307
404
809
684
432
227
382
302
373
355
295
332
518
347
378
412
403
483
372
429
399
171
322
684
1005
365
224
684
891
345
516
272
317
395
467
381
281
356
646
367
382
246
437
384
354
342
355
684
547
689
345
362
377
436
382
171
450
393
487
257
381
368
396
327
506
375
348
449
375
347
338
357
691
381
613
444
451
324
451
282
249
644
746
419
482
684
5013
289
275
404
259
456
1471
484
222
504
857
684
659
289
412
383
308
517
526
300
441
365
648
292
476
378
441
621
171
351
502
384
193
354
232
567
349
529
274
404
366
334
372
725
345
387
405
436
364
684
321
315
853
453
454
541
312
402
456
171
386
346
567
324
439
335
342
331
402
396
378
335
417
760
437
273
283
379
402
281
352
531
331
186
373
235
264
308
293
609
491
428
439
426
321
469
352
303
336
302
500
696
313
475
591
395
387
405
365
341
415
375
294
375
290
533
171
522
290
226
380
473
404
435
920
330
375
343
577
314
290
361
328
684
338
405
417
314
416
422
351
373
350
312
210
300
395
356
374
312
295
482
310
515
223
538
652
474
307
573
293
527
607
292
632
441
381
684
381
344
342
354
403
539
229
261
421
448
541
320
339
926
387
285
351
319
371
176
352
344
575
338
434
308
598
413
619
357
684
228
432
368
438
337
292
404
349
259
349
256
700
371
353
684
402
334
286
372
627
204
642
403
234
315
823
293
357
216
175
362
300
255
302
251
237
577
296
684
357
407
392
343
512
272
346
366
684
439
321
428
632
399
480
365
329
421
363
183
509
300
462
324
443
389
330
257
684
379
403
244
247
286
365
322
368
322
266
288
446
290
364
392
281
245
684
363
493
1575
403
613
379
231
304
312
293
371
383
415
335
564
684
354
590
408
452
464
350
320
276
684
324
405
1212
684
684
365
332
446
555
391
233
373
684
515
283
683
382
684
356
362
295
291
412
343
308
593
427
403
301
378
626
473
290
191
336
670
391
386
572
373
323
330
467
269
342
344
349
324
295
335
340
398
684
396
339
337
196
350
243
344
684
289
356
254
356
586
314
595
302
407
282
410
380
364
4172
268
507
312
343
328
293
327
323
489
292
323
424
374
723
943
358
458
684
251
247
474
419
411
1068
223
375
293
413
555
610
294
300
694
372
289
383
228
177
448
546
329
498
684
487
284
339
568
306
387
299
541
398
407
288
236
298
377
347
323
328
352
370
335
479
342
343
293
707
365
846
623
288
344
331
321
325
684
611
464
684
261
290
342
368
289
280
684
251
316
399
345
405
413
403
684
425
272
556
348
271
320
306
276
359
302
618
402
344
546
349
579
234
619
400
353
252
368
396
282
252
265
355
187
274
298
263
381
684
356
351
502
317
376
412
410
419
359
376
267
802
305
252
561
284
541
335
211
311
407
428
322
177
434
361
460
420
290
641
175
346
339
496
375
378
295
415
674
309
297
485
176
337
684
393
357
175
357
684
499
352
512
394
454
559
301
588
684
349
187
309
355
337
1199
501
199
276
330
326
448
271
213
300
433
684
404
665
247
313
413
251
413
257
395
342
434
181
456
350
400
552
376
778
228
684
523
288
381
554
430
475
384
340
261
369
298
327
867
405
637
222
332
208
472
616
347
720
377
359
504
254
255
357
272
265
684
413
361
394
304
283
358
249
360
331
449
378
684
684
287
358
400
684
278
344
610
265
684
294
365
363
263
430
246
377
260
357
466
278
457
282
270
337
439
306
376
684
539
219
373
310
275
338
296
5013
357
341
644
644
320
353
543
304
333
241
381
357
684
271
394
684
449
233
325
427
275
342
392
416
310
624
603
331
607
272
225
684
530
682
264
318
173
360
367
231
412
344
350
321
219
299
340
439
684
287
538
839
303
276
376
390
487
684
545
325
684
346
691
1203
317
684
340
376
293
684
415
332
938
350
234
253
513
269
684
316
337
265
516
353
354
343
496
539
1729
318
506
320
369
341
344
449
372
367
396
684
334
318
451
348
481
349
430
376
306
265
332
324
429
391
665
341
374
343
260
352
322
326
305
215
409
527
337
600
684
684
280
665
288
342
522
248
434
363
459
342
684
330
433
425
684
444
684
321
264
297
358
352
283
183
354
304
233
684
342
331
253
521
261
218
684
530
707
270
174
379
436
265
338
344
535
267
320
233
708
287
293
684
326
339
408
721
684
684
734
255
577
310
684
684
329
684
276
310
515
268
356
234
611
226
308
397
304
403
361
347
491
684
433
436
508
351
601
684
433
684
684
255
265
692
322
274
280
236
354
272
265
434
351
346
372
326
199
334
356
295
425
240
365
320
684
344
338
460
353
656
386
350
357
684
415
390
406
268
765
458
264
386
289
234
321
237
332
684
362
407
347
299
364
487
684
328
333
323
314
616
584
326
452
441
271
399
273
221
684
274
331
188
684
304
684
470
330
581
712
684
354
476
586
362
321
310
279
229
684
573
320
264
445
189
401
230
289
276
251
842
709
244
684
395
303
221
327
419
436
419
684
684
426
253
228
378
684
350
409
290
301
296
297
431
309
684
336
288
604
346
235
279
334
397
295
232
684
386
264
314
358
299
325
431
366
263
366
369
318
330
666
866
881
278
347
1302
308
284
206
201
331
340
195
687
684
357
1016
342
300
388
298
545
626
381
281
479
684
684
684
455
469
613
394
499
298
267
346
486
680
362
571
278
391
346
280
305
230
317
318
365
684
424
173
171
313
684
250
280
504
226
439
592
684
285
434
257
568
684
298
695
324
684
427
330
684
293
178
408
382
595
265
430
268
345
408
303
378
241
345
625
260
279
217
285
684
232
684
280
318
1104
236
301
407
353
376
406
2304
309
351
413
337
312
426
383
287
345
317
444
328
371
539
684
308
684
491
250
336
391
622
322
517
1023
299
341
265
273
346
312
401
173
336
272
384
262
339
422
365
319
186
533
525
282
346
231
2278
257
274
189
354
684
182
267
271
279
249
280
244
479
332
195
684
919
323
327
290
377
243
684
317
324
594
684
278
735
684
541
303
361
226
367
549
414
222
276
306
213
310
315
684
299
304
299
327
295
260
444
684
402
401
218
195
437
234
271
575
684
305
258
351
279
684
273
539
342
684
286
268
193
347
336
684
424
304
254
254
375
303
299
342
342
382
320
254
452
237
312
260
366
347
282
312
296
295
419
374
354
385
472
322
217
684
605
310
194
633
238
684
360
205
205
599
397
684
274
277
330
417
455
431
684
445
319
254
390
181
301
266
224
344
684
394
378
288
356
375
201
412
184
478
558
298
386
395
184
241
281
445
684
382
204
373
351
334
684
329
264
185
293
834
210
299
337
258
289
362
485
239
579
396
295
294
315
520
338
286
338
276
632
376
449
203
335
473
299
554
341
282
450
684
376
316
403
337
298
196
879
390
264
310
364
183
371
433
286
220
271
317
342
310
393
343
260
340
335
346
684
264
172
357
288
385
322
598
399
684
266
340
298
478
585
290
290
447
684
418
596
684
313
390
684
652
684
390
684
321
277
353
252
302
684
359
508
322
271
684
365
406
369
684
230
339
357
284
303
341
381
366
281
294
194
204
419
342
328
344
253
349
684
315
366
438
684
684
490
344
258
177
359
300
238
396
403
337
294
342
284
385
302
253
337
342
325
606
684
204
249
185
346
344
370
275
340
336
177
329
262
475
366
265
630
469
267
263
326
252
315
728
496
282
348
303
467
372
421
287
283
380
262
329
684
306
351
892
684
346
364
308
195
272
279
420
244
341
207
365
535
684
684
310
684
591
284
171
240
325
684
684
365
684
361
403
268
308
296
263
384
684
265
275
331
383
403
367
684
325
268
545
520
570
842
684
239
684
648
276
390
298
684
302
296
716
685
250
384
454
632
231
525
193
275
374
684
276
245
357
319
217
301
758
171
684
335
339
472
513
298
227
297
405
684
684
433
684
287
410
328
412
368
684
524
275
437
171
310
684
194
278
232
522
211
380
331
303
684
215
684
265
688
351
726
383
313
257
389
269
684
684
397
338
474
418
406
285
206
364
171
366
320
322
252
209
512
640
327
684
259
220
262
684
291
684
349
398
333
251
265
684
684
330
349
246
174
684
1852
201
549
618
178
216
390
684
284
940
684
594
329
1144
251
597
684
338
491
684
367
357
466
290
357
375
171
684
312
399
684
684
345
307
187
331
378
616
371
269
171
185
297
684
355
1595
684
387
363
394
359
336
293
684
347
659
387
415
361
332
684
684
518
310
328
1078
271
235
239
323
310
684
567
342
437
529
672
255
230
684
386
212
684
277
466
279
315
1248
684
511
197
298
409
684
297
684
377
357
270
331
684
285
282
363
684
343
684
469
219
251
282
355
373
310
348
365
289
333
347
306
335
305
310
174
370
298
356
246
284
312
410
347
387
292
684
190
283
501
342
432
199
290
374
228
365
324
237
328
353
222
319
294
441
335
274
173
684
475
280
684
302
352
336
265
296
254
839
357
307
375
257
330
684
684
293
320
417
684
684
387
505
300
303
320
338
426
381
334
248
407
574
506
455
285
410
684
213
308
345
684
387
507
487
295
235
300
294
313
684
653
214
221
684
794
684
306
242
292
684
256
684
684
205
335
264
291
374
503
566
308
316
326
355
684
684
280
438
186
286
306
684
341
684
231
352
972
365
264
684
219
344
332
1212
289
245
340
239
294
284
441
194
266
1033
519
358
349
318
318
205
398
363
394
684
263
291
267
256
223
365
684
270
233
284
684
684
304
320
391
335
684
684
684
186
684
284
278
430
684
307
327
684
227
684
318
256
684
268
689
342
684
684
1135
198
733
339
684
311
344
408
275
351
171
249
322
370
315
238
684
409
373
267
331
684
361
366
354
306
487
392
310
307
327
347
306
1343
353
684
684
387
430
266
684
295
239
684
196
338
298
364
684
684
346
684
278
684
359
281
190
191
321
269
340
559
398
684
345
408
322
171
684
385
336
211
402
181
253
226
237
684
293
172
340
684
281
340
301
337
684
320
276
368
259
379
375
247
455
522
684
684
252
684
232
1203
684
547
280
684
204
858
611
309
278
408
530
346
684
452
684
271
340
279
342
332
216
288
684
342
684
188
684
422
684
344
327
684
193
289
385
407
219
684
270
684
179
684
595
455
215
684
380
259
684
684
684
428
242
325
237
343
209
214
341
684
236
336
684
684
276
256
491
376
199
190
314
441
216
199
684
280
357
300
684
684
651
391
175
354
336
684
294
533
684
684
313
684
684
356
684
418
348
332
684
217
209
654
398
405
684
684
292
200
317
684
330
684
684
684
684
243
407
293
684
323
427
684
315
348
230
412
440
324
684
552
379
418
341
405
684
684
684
857
383
342
404
684
249
374
187
347
684
684
171
302
431
684
389
684
274
399
684
247
915
919
247
363
282
357
684
684
338
301
262
311
471
469
726
318
390
287
353
684
376
261
684
331
336
415
271
593
684
391
215
218
350
385
258
273
684
684
358
181
684
197
302
301
684
303
254
684
352
684
684
684
351
572
339
285
303
684
470
502
377
471
684
684
255
612
684
456
224
405
684
232
287
663
222
329
346
344
412
684
525
215
196
358
252
684
242
305
313
210
442
257
326
259
603
730
364
347
453
340
263
323
268
248
252
246
684
531
684
252
341
684
372
267
312
684
314
290
321
182
292
374
204
371
318
281
331
252
684
360
2627
248
283
266
374
263
462
501
387
226
252
684
502
276
376
405
257
647
318
283
443
317
296
299
390
684
684
684
684
684
330
341
243
269
248
374
325
386
436
684
275
684
367
252
684
204
472
684
270
431
373
402
275
305
324
229
299
356
684
684
366
212
333
353
322
200
684
321
318
419
179
684
499
684
272
225
783
223
349
264
304
264
684
171
374
684
484
344
684
684
382
237
684
684
356
446
684
345
477
294
335
190
684
316
336
180
286
337
363
173
321
366
684
575
264
684
498
184
310
203
213
259
959
322
684
503
1067
394
316
418
392
408
192
328
684
684
212
171
179
684
474
263
684
196
301
182
684
585
442
241
184
322
266
684
341
312
238
223
567
684
684
266
371
191
285
288
353
684
315
319
281
225
179
300
684
234
268
290
657
293
450
331
299
684
180
203
475
241
684
684
708
480
293
177
245
348
684
230
684
223
435
684
212
240
316
430
559
333
684
293
185
186
424
286
203
216
361
242
684
684
451
696
684
331
398
330
235
281
684
684
684
320
420
539
177
684
684
192
350
374
319
372
325
171
328
684
251
352
687
498
684
252
684
174
202
244
684
684
416
605
255
684
684
309
204
684
327
294
684
171
387
391
684
372
340
353
388
448
233
684
193
684
385
280
284
470
263
752
684
268
360
477
181
311
684
684
684
611
289
178
684
297
485
402
684
684
388
313
342
255
344
569
684
335
684
266
426
375
684
194
442
684
343
778
174
334
684
302
309
684
684
320
284
175
316
975
221
618
292
287
261
684
292
418
253
320
256
243
352
684
684
286
708
684
684
684
344
260
318
684
684
263
179
266
270
363
372
684
341
393
276
684
684
368
684
511
684
237
684
1182
684
347
684
339
565
208
684
684
355
580
684
487
344
338
393
309
659
684
190
684
684
280
340
684
265
379
684
387
311
684
243
398
232
254
319
417
684
322
352
377
341
294
239
684
303
684
253
377
296
369
354
228
315
684
188
354
605
684
305
171
297
684
554
684
684
684
684
445
684
684
315
711
684
461
684
284
182
684
254
684
192
635
171
214
314
684
684
315
292
684
871
284
248
301
340
296
684
308
323
684
297
271
684
300
274
275
684
294
684
684
300
684
684
501
323
539
371
684
331
323
494
278
356
342
293
231
471
230
337
684
258
255
344
684
319
225
684
276
171
340
436
684
367
684
266
684
419
684
648
171
684
684
684
229
350
207
480
684
171
2270
684
346
684
270
684
174
271
280
323
409
684
258
353
323
320
684
684
235
458
373
684
281
684
346
583
483
684
652
334
295
684
212
302
684
684
684
423
684
684
171
241
277
253
337
684
457
349
684
206
287
253
684
684
881
322
684
367
222
684
230
684
684
276
242
171
343
342
323
684
567
684
269
684
388
684
478
371
189
684
266
684
268
363
257
684
350
259
684
207
684
684
361
684
308
684
184
684
274
260
684
322
224
230
370
684
378
684
283
684
684
324
684
184
370
335
377
402
684
370
684
684
251
224
684
421
684
684
278
233
282
436
314
176
263
684
243
684
684
316
1729
684
385
519
694
684
257
684
684
286
253
309
277
222
347
684
187
272
282
786
481
171
461
684
684
496
311
593
388
344
199
684
237
299
684
684
684
330
281
684
684
684
306
400
684
367
365
684
290
684
456
242
171
684
279
398
328
272
393
233
506
329
684
684
272
193
434
684
684
264
372
222
366
684
684
684
684
327
292
352
239
432
684
684
215
684
283
273
318
377
279
684
1144
288
1575
258
279
344
265
320
363
684
684
369
173
684
264
684
342
684
275
684
358
291
361
261
319
520
684
210
295
684
684
463
684
222
339
334
402
322
475
684
684
684
249
684
684
334
216
282
684
171
684
213
684
684
222
219
684
485
684
276
191
684
349
246
278
555
350
684
358
260
377
684
684
190
292
684
286
684
313
684
684
684
379
684
684
268
684
224
327
684
226
305
280
545
684
684
684
320
319
182
341
388
684
401
256
684
422
315
684
374
684
684
684
684
340
171
346
684
684
684
377
684
684
684
356
282
321
314
684
361
684
358
186
290
328
535
638
292
415
684
275
684
352
203
213
684
5013
246
329
215
289
263
684
214
312
349
684
265
206
684
684
684
207
204
684
684
520
684
684
266
390
684
449
332
217
684
332
213
280
314
1001
297
318
684
684
254
223
253
328
235
325
684
271
684
684
206
684
684
684
651
684
317
341
314
253
684
297
684
561
251
184
684
684
552
270
684
684
684
467
684
176
684
369
264
624
194
684
308
525
233
684
684
684
684
331
684
546
220
684
684
256
362
684
294
678
286
308
340
684
684
351
279
185
286
684
267
684
231
171
283
684
338
278
268
216
684
358
684
684
234
282
470
684
535
180
217
684
684
260
317
369
684
329
242
684
362
397
308
171
203
684
320
272
315
422
273
684
299
259
380
171
186
288
684
212
684
236
298
684
684
684
684
684
598
684
341
233
684
684
684
216
566
250
279
227
684
292
684
251
337
684
230
684
684
365
347
580
275
178
327
684
684
223
298
684
654
684
290
314
309
271
218
672
684
281
321
283
684
1047
269
684
684
296
216
370
684
246
684
349
684
271
320
298
684
684
174
392
684
425
301
345
185
331
231
277
684
336
684
238
684
684
291
707
270
289
313
367
684
255
558
872
345
270
230
295
313
684
224
492
684
248
304
275
255
684
684
684
684
684
684
341
684
461
684
684
684
684
323
238
413
684
340
343
591
551
257
580
684
298
684
269
251
171
238
438
208
250
266
684
192
183
198
684
684
343
684
719
304
684
385
307
606
373
582
342
684
230
684
684
684
253
684
684
311
684
321
684
684
684
684
478
519
248
684
684
295
337
343
361
341
262
684
228
684
220
524
211
455
684
684
304
215
416
274
684
209
299
684
360
684
684
404
359
326
236
583
229
291
187
684
368
684
205
475
305
403
684
191
684
684
175
684
228
684
684
202
559
684
285
260
684
684
684
243
684
309
465
267
270
241
684
374
322
300
171
684
684
684
684
684
375
684
343
255
280
684
684
254
684
224
353
684
241
678
684
684
684
684
684
171
684
389
684
313
715
684
258
317
684
684
684
684
684
330
503
212
684
684
180
503
181
173
196
310
232
684
275
684
188
374
250
337
347
684
684
684
304
579
201
684
361
575
171
264
382
275
317
494
684
684
342
245
684
684
287
244
298
684
684
293
684
379
280
328
283
286
582
271
684
370
684
684
411
338
684
244
200
539
264
684
390
684
684
844
287
684
311
684
359
684
311
684
282
281
684
227
684
225
175
341
881
304
684
409
246
333
222
684
362
378
684
388
684
325
330
684
684
196
234
240
396
309
684
328
227
684
340
339
684
199
187
339
342
512
684
182
291
684
684
684
213
343
279
684
220
684
684
236
273
277
356
684
310
684
684
684
327
253
171
311
684
506
684
684
684
241
295
684
223
289
250
395
318
684
279
684
684
328
270
289
684
684
230
342
316
255
684
684
357
684
684
684
429
241
206
684
438
218
684
416
223
253
511
289
684
374
299
488
684
236
684
426
253
684
347
684
333
441
374
684
684
237
314
228
180
240
684
273
392
318
238
332
616
274
684
684
555
269
684
684
684
672
684
684
356
527
183
684
283
329
583
248
436
358
220
300
308
351
298
305
394
180
684
206
171
311
684
684
684
267
684
544
299
684
351
684
684
178
235
331
774
684
314
684
255
294
684
684
943
279
311
415
684
684
396
684
684
171
268
277
171
219
684
684
388
324
684
684
435
269
402
684
684
171
622
684
300
684
334
263
283
339
222
684
173
684
684
437
259
479
365
551
684
684
199
398
304
684
235
684
297
311
684
306
684
184
493
271
244
333
232
684
294
253
684
213
684
684
684
684
265
684
684
227
383
226
324
684
684
242
358
684
227
457
320
274
323
316
310
684
225
684
333
684
196
684
684
641
409
684
592
684
336
684
684
684
278
684
504
381
265
231
230
684
684
258
179
684
1031
684
318
684
684
684
171
376
427
684
533
307
735
753
684
232
684
684
467
332
684
368
684
325
239
684
684
180
378
684
308
684
283
684
315
272
370
684
582
171
684
218
326
269
233
338
684
684
684
365
319
628
684
213
287
684
380
684
684
684
235
222
367
684
684
209
197
684
334
684
425
344
684
684
218
684
684
684
455
293
310
171
684
684
428
684
257
684
386
260
273
189
684
684
684
222
337
342
684
684
304
459
516
858
684
684
684
684
358
267
609
684
308
241
684
176
684
684
280
684
684
408
273
760
369
684
684
684
684
684
684
386
684
684
684
319
249
378
684
684
684
317
370
297
684
684
301
204
330
684
230
684
307
325
352
684
204
171
684
287
352
212
183
196
684
684
684
187
239
684
259
457
171
684
210
332
684
296
307
286
684
192
372
684
684
342
219
314
684
297
684
1410
684
187
684
684
684
276
684
684
230
684
684
684
684
684
365
233
251
342
314
255
252
684
185
331
684
321
684
363
223
684
291
292
684
684
264
684
277
295
348
684
684
684
684
357
318
684
264
435
322
684
684
281
684
297
684
684
284
684
218
314
684
684
171
226
684
684
684
295
498
345
171
684
684
684
359
684
684
684
684
318
684
684
684
270
684
460
255
369
185
684
344
684
215
297
684
201
187
684
684
293
381
179
684
684
684
684
263
684
218
176
239
684
684
259
684
342
684
529
684
429
684
342
684
684
293
684
822
684
182
174
319
684
177
329
178
511
684
684
753
684
358
684
684
542
684
684
684
411
684
684
684
684
358
684
684
684
214
684
684
662
684
184
684
274
384
684
419
684
684
373
284
684
240
684
684
684
362
238
273
684
1000
684
684
282
292
319
684
308
348
684
290
684
262
379
684
242
372
370
684
684
684
684
684
684
290
478
278
254
480
282
204
684
223
292
684
684
684
684
684
215
684
684
355
307
262
684
275
210
684
684
235
657
367
684
684
411
240
684
684
684
186
684
684
684
684
485
684
328
519
684
328
295
684
684
684
684
266
362
684
684
187
303
286
285
684
389
429
473
684
684
684
556
684
684
231
286
684
283
671
189
233
331
684
171
171
227
684
684
684
684
684
493
317
340
184
684
233
684
684
597
197
399
295
201
335
293
307
684
684
236
382
371
684
266
306
684
684
684
383
257
202
421
289
365
684
684
209
684
684
684
171
267
684
223
285
213
684
224
206
171
274
213
684
684
363
241
281
684
297
341
344
192
247
684
365
684
684
684
256
326
684
436
684
684
206
253
684
220
233
191
684
345
512
684
684
188
262
573
684
684
368
684
343
684
261
327
684
171
267
684
684
684
684
199
268
684
431
684
684
684
684
198
684
258
249
316
287
318
181
275
293
684
684
399
245
245
334
391
312
257
308
352
684
684
922
302
195
254
684
205
684
684
684
449
684
684
431
210
684
684
298
684
684
174
684
237
684
684
223
684
296
229
684
684
240
331
245
198
222
501
263
371
255
343
684
684
239
684
684
684
684
684
684
684
684
684
684
295
235
684
416
393
684
684
684
684
684
684
684
684
574
290
338
684
290
684
211
684
684
285
684
363
372
684
684
684
684
196
684
532
684
809
337
684
684
684
234
684
684
684
684
684
684
223
684
684
271
684
684
684
344
684
684
684
684
684
684
419
329
684
684
308
684
684
181
684
187
684
684
342
328
684
684
335
684
684
684
684
513
319
684
690
684
684
328
684
684
684
242
684
684
320
288
430
684
227
353
612
187
684
487
684
303
684
432
274
458
347
684
403
489
684
179
684
175
476
684
684
684
684
684
196
684
684
684
176
684
684
684
304
684
684
243
684
684
684
252
684
684
355
684
197
278
684
684
277
684
357
684
684
684
232
239
684
684
243
684
307
684
277
684
345
684
332
371
684
684
305
492
684
684
265
171
179
684
271
618
684
684
308
684
298
684
210
434
684
684
684
684
276
684
684
684
684
181
240
408
684
684
332
684
184
684
684
247
684
684
684
241
684
197
171
684
271
314
684
171
684
274
684
684
288
684
684
684
684
244
684
684
684
350
684
203
684
351
684
229
384
356
184
684
684
255
684
262
341
684
226
684
684
319
237
192
684
394
211
289
684
684
684
684
684
177
684
319
684
684
684
684
684
684
343
684
256
684
444
269
366
540
684
684
289
684
292
684
302
684
319
243
269
421
684
322
684
684
391
684
684
684
218
684
684
684
684
684
684
684
271
684
684
684
684
407
424
289
391
684
684
309
684
684
684
684
293
684
684
174
684
684
253
684
627
196
684
684
684
684
468
192
558
684
684
684
684
684
589
319
684
684
684
684
684
247
262
425
684
370
314
684
223
684
408
231
684
2270
172
418
684
684
684
684
684
684
444
684
314
684
684
271
684
684
286
263
207
313
201
684
684
684
684
451
352
191
312
267
325
684
542
684
343
554
684
332
292
684
684
684
206
684
295
684
171
227
684
684
684
684
684
684
335
684
684
175
684
290
379
474
684
196
258
684
210
214
335
313
575
195
684
684
684
171
684
563
224
684
746
460
684
684
350
270
684
684
684
684
684
790
684
287
243
227
215
282
684
172
684
684
684
279
684
480
684
318
684
684
684
684
684
684
684
430
320
684
684
179
684
198
369
684
260
421
558
684
184
710
684
684
684
684
183
684
611
684
684
544
246
1182
199
684
644
397
684
684
684
684
684
684
440
684
684
351
684
228
383
684
684
280
684
684
225
173
684
279
263
684
234
409
230
684
278
684
193
684
684
339
313
684
684
684
450
684
684
277
684
171
684
650
684
684
320
684
321
684
684
332
379
204
272
684
684
684
236
684
222
684
342
539
684
684
684
177
684
684
684
264
254
304
171
266
684
684
684
684
237
281
684
187
684
292
684
377
684
293
278
684
684
684
272
317
207
684
348
196
684
684
313
684
285
684
210
684
575
684
684
684
321
684
684
684
684
684
240
684
684
172
684
684
684
684
684
244
179
684
275
735
684
684
192
331
684
684
684
199
684
267
684
684
260
305
425
326
215
684
684
684
684
684
242
347
684
465
684
684
684
684
684
218
344
684
232
290
349
1027
291
684
280
291
239
217
684
684
240
684
684
684
684
230
684
684
248
274
684
428
684
684
684
345
684
202
173
279
171
307
195
286
341
684
684
684
684
279
284
684
391
272
171
684
684
451
684
684
684
261
312
321
171
328
349
684
238
485
213
343
500
192
684
684
217
259
224
244
269
684
339
684
684
684
312
684
684
684
278
684
684
802
684
684
171
684
245
314
684
300
684
684
290
684
684
684
190
256
684
255
546
684
684
345
684
684
641
183
684
684
5013
195
684
223
606
271
396
684
249
354
684
232
684
684
684
684
684
171
684
349
684
684
199
684
684
246
684
684
684
684
248
684
362
684
375
684
207
684
257
684
684
304
212
684
583
229
337
684
678
684
684
684
684
185
612
684
335
477
194
701
346
270
203
684
271
311
188
215
684
684
684
684
394
684
684
684
684
684
323
684
684
195
193
684
684
282
239
684
518
684
684
684
684
684
313
684
684
684
684
271
684
313
684
240
201
684
762
295
301
684
684
684
684
684
684
282
684
323
684
381
188
684
684
175
684
684
684
337
684
254
684
684
290
684
684
684
684
684
269
259
684
684
684
202
253
304
684
447
684
684
684
684
186
684
430
188
296
329
684
263
684
684
311
684
198
260
684
373
355
171
684
787
684
277
379
1102
684
347
684
684
684
684
282
684
684
684
684
684
298
171
197
302
173
684
684
684
372
465
357
684
292
269
684
684
684
684
684
684
684
684
684
684
684
684
684
684
282
175
491
684
684
336
684
216
684
254
684
224
684
272
684
364
684
236
684
684
172
277
684
684
684
684
684
684
174
391
684
684
739
345
684
385
684
628
684
684
684
289
248
684
684
198
221
684
684
684
684
684
227
684
221
684
291
197
684
684
684
684
231
684
684
684
1182
684
684
684
325
684
684
684
684
920
261
339
595
684
684
684
684
293
684
684
684
263
220
219
273
684
684
684
333
684
684
366
173
684
684
684
684
220
400
319
684
684
684
205
323
684
372
684
406
684
684
684
684
684
684
724
684
684
684
684
952
684
684
684
684
684
376
684
684
684
325
684
684
684
174
221
188
684
282
176
684
684
684
294
684
684
684
684
684
684
247
840
684
180
579
254
684
684
319
186
229
684
309
684
601
684
235
684
383
684
363
265
684
684
412
171
684
364
386
684
351
428
684
335
684
684
684
684
555
324
684
368
240
233
270
684
684
684
369
282
684
684
684
684
684
289
684
684
285
684
684
684
684
369
684
684
684
684
321
684
264
684
684
684
684
174
251
684
316
684
397
248
286
684
684
684
561
684
184
374
684
684
684
684
684
684
257
684
684
684
375
684
340
684
684
684
684
684
191
684
197
286
393
684
720
684
684
684
217
684
2270
203
684
221
684
684
684
183
265
684
258
684
313
684
684
684
527
273
232
364
242
338
684
684
272
684
684
684
684
226
189
310
684
684
684
684
684
684
684
318
684
684
684
180
684
684
684
684
171
684
387
684
196
684
196
278
684
684
684
684
684
684
684
684
684
208
684
684
273
684
684
184
684
297
245
684
684
684
684
188
684
684
684
684
684
380
684
684
178
684
684
684
684
684
413
209
684
684
684
684
684
457
684
684
221
684
684
684
684
684
260
269
684
211
684
438
684
684
256
192
684
684
209
684
684
684
684
684
684
684
247
684
684
684
684
684
684
469
684
684
1116
317
684
684
282
684
684
684
684
457
684
684
684
187
684
211
684
684
334
684
389
684
269
684
295
684
684
684
684
684
404
259
684
393
684
179
684
684
684
684
684
235
684
684
684
684
422
684
171
684
684
393
301
684
243
684
684
684
276
684
379
206
684
410
684
244
684
238
684
593
684
257
352
223
684
684
684
684
418
171
376
684
684
684
368
607
547
684
684
171
684
796
684
684
684
684
174
684
684
684
473
225
179
684
684
684
222
242
684
174
684
684
684
229
215
684
684
684
684
288
684
684
684
395
684
684
596
684
684
684
684
684
320
684
684
684
684
684
684
684
567
185
684
337
326
684
684
217
684
335
684
684
684
684
281
684
460
312
325
684
265
684
369
684
684
229
1039
684
684
199
684
330
344
684
290
237
684
684
684
684
381
243
684
684
684
684
684
491
684
427
293
684
273
684
684
684
684
305
684
248
684
263
383
684
684
684
684
684
204
239
684
684
684
313
684
387
290
684
246
684
684
684
684
684
265
220
684
265
360
684
230
684
684
278
291
297
684
359
684
684
176
684
684
684
684
684
684
684
684
684
684
684
684
684
684
192
432
684
684
684
684
353
684
684
684
304
684
440
684
684
684
684
211
331
276
352
363
185
684
684
684
684
220
431
219
684
684
378
684
684
684
684
299
684
684
684
684
684
173
684
684
684
684
684
684
684
337
740
251
684
240
684
684
684
684
684
684
447
684
171
684
684
684
210
684
684
315
684
524
172
600
656
684
684
684
684
208
684
684
684
684
684
684
684
287
684
271
296
233
684
249
684
684
191
684
684
375
684
684
684
684
684
684
684
325
684
684
318
337
684
299
684
684
684
684
684
684
171
684
191
684
684
684
684
684
684
684
975
187
684
394
684
684
684
684
288
684
684
684
684
337
684
684
684
251
232
684
684
684
320
684
684
684
684
280
684
197
684
684
307
684
298
684
684
684
195
684
277
684
502
684
684
211
684
290
684
684
684
243
684
333
684
684
207
342
337
684
285
205
684
684
684
684
684
385
684
684
684
331
197
248
246
684
684
186
684
684
684
684
281
684
684
684
684
684
684
323
684
684
684
217
684
684
684
239
297
684
684
684
288
387
684
171
684
684
358
684
215
684
684
537
684
208
684
171
294
204
179
684
218
684
684
684
303
247
684
684
684
684
188
172
684
684
684
684
684
684
185
244
684
222
684
684
684
684
684
684
684
684
684
684
684
367
271
684
684
684
684
684
262
684
684
548
684
684
684
684
684
280
280
684
684
684
684
684
684
345
684
308
684
286
325
193
684
684
267
684
498
684
684
684
171
684
684
684
684
684
684
684
241
684
684
684
684
684
347
236
684
261
249
195
408
684
373
236
684
684
684
684
684
684
209
314
684
684
684
684
684
684
331
684
684
560
684
273
684
255
684
684
684
684
684
684
684
242
684
684
684
236
261
684
684
684
361
684
684
178
684
684
296
684
684
684
684
1410
684
684
238
684
684
684
190
256
684
684
371
684
209
684
684
208
221
684
684
684
276
330
684
684
330
207
684
684
241
684
684
684
684
210
684
684
294
314
684
684
684
684
684
360
246
684
684
684
264
684
684
184
339
684
684
434
684
684
684
684
283
684
684
684
416
684
316
684
432
737
684
684
684
193
684
684
684
343
684
684
684
684
684
684
293
684
684
258
684
684
234
394
208
684
684
684
684
684
684
244
239
365
684
684
278
684
684
256
177
174
684
316
1471
304
684
684
684
385
301
684
684
684
684
362
684
684
684
475
684
684
684
684
684
343
214
684
684
791
684
413
360
684
684
235
684
339
331
684
684
210
684
684
684
308
684
173
684
684
684
684
684
397
684
684
684
307
398
684
684
684
241
684
684
684
684
684
351
684
228
379
232
684
684
260
684
684
171
684
277
196
210
684
238
684
684
171
684
684
226
684
684
1001
684
212
684
179
684
684
684
684
684
684
684
266
684
275
684
206
684
331
684
684
684
684
278
684
684
684
684
684
684
177
684
171
684
684
684
684
267
684
684
684
684
684
684
684
684
358
684
276
684
684
684
184
684
201
684
684
684
684
684
382
684
684
684
684
684
684
684
239
684
684
251
684
684
684
231
684
237
171
269
684
684
219
184
684
684
684
684
684
684
684
684
684
316
684
281
684
328
684
684
684
684
684
249
684
684
684
684
183
684
684
684
684
274
684
684
684
419
684
369
684
684
345
684
684
684
684
684
684
526
209
684
684
684
684
684
684
684
684
684
684
684
684
673
195
284
278
684
684
684
684
684
185
684
359
283
684
684
684
240
684
298
684
684
236
684
684
684
684
301
217
684
684
684
684
684
684
294
684
684
684
684
684
635
347
684
233
684
684
220
684
268
363
684
344
684
684
684
684
684
684
684
684
684
171
684
335
684
684
684
684
684
684
879
441
684
263
684
171
234
684
684
215
684
684
684
196
684
254
684
684
684
684
218
175
684
684
684
684
684
306
684
684
684
684
684
684
684
174
267
684
230
684
684
684
684
684
684
283
684
684
684
684
684
684
656
684
684
227
684
684
684
684
696
684
684
684
684
684
684
684
684
219
259
684
684
171
684
684
226
435
684
276
684
684
684
224
684
317
338
684
209
323
205
684
684
545
684
684
684
382
684
230
684
684
354
684
684
684
684
684
684
684
684
342
387
684
684
171
684
280
684
684
684
172
684
218
684
684
684
684
684
684
684
684
684
684
684
684
236
684
684
684
684
684
684
574
684
684
323
180
684
190
684
171
315
684
684
684
684
194
684
684
684
259
684
684
823
684
684
684
684
403
684
199
684
347
684
684
268
188
318
239
684
684
266
445
684
684
684
684
684
684
214
422
760
190
486
382
684
684
684
684
276
684
709
684
684
326
397
684
684
684
684
684
684
684
684
684
684
684
298
684
216
684
684
341
684
245
684
268
684
326
684
684
684
684
684
207
303
684
684
684
684
684
361
1767
684
247
188
684
684
684
684
684
684
684
271
684
684
684
237
684
684
684
684
187
279
273
288
322
684
684
684
270
684
684
684
684
257
684
368
268
684
684
684
684
279
684
684
684
684
294
684
684
684
684
684
604
684
281
684
684
283
684
684
379
235
684
684
684
684
684
281
684
684
196
289
684
439
684
171
684
684
684
684
684
684
684
684
684
684
281
684
684
171
684
684
264
684
684
684
684
684
684
684
684
684
684
413
684
684
684
285
254
251
684
684
684
684
545
684
268
299
684
684
684
684
684
684
265
684
946
684
253
684
684
684
335
684
684
684
684
684
684
684
684
684
684
684
684
684
684
684
354
684
684
684
684
684
684
684
684
684
684
684
684
397
226
684
684
684
235
684
684
684
684
684
342
684
284
348
684
684
208
298
684
684
325
245
350
684
684
451
684
684
203
684
684
684
684
684
265
684
684
684
684
684
500
684
684
684
260
684
684
684
684
195
684
684
224
684
684
684
684
684
684
684
684
684
346
684
344
684
684
684
684
684
684
676
684
281
684
684
684
252
341
197
684
684
684
684
684
684
276
604
684
684
684
684
684
684
684
684
684
684
684
286
684
684
684
684
684
684
182
684
581
684
255
684
684
684
684
274
684
684
684
181
684
684
548
684
684
684
684
684
684
684
684
684
684
684
684
684
207
684
684
684
684
245
684
684
684
378
684
684
684
259
684
684
254
264
684
684
311
263
346
233
684
684
684
684
940
684
684
684
212
684
684
684
684
175
684
684
684
684
684
684
249
684
434
352
283
684
684
684
684
338
684
172
684
684
435
684
684
684
336
684
684
684
684
284
684
684
454
684
684
223
566
382
229
684
684
624
684
684
684
684
684
684
684
684
243
684
684
684
248
208
684
684
684
684
684
572
684
684
684
684
684
684
684
684
684
684
684
684
411
684
684
684
684
684
684
684
461
684
684
292
684
684
358
175
684
684
684
684
214
280
684
684
187
211
684
194
684
567
273
684
684
684
684
684
684
684
684
684
684
684
684
684
684
252
684
684
684
331
182
684
684
182
684
684
684
684
684
684
684
684
684
172
684
186
303
203
684
684
684
684
207
684
684
684
305
684
684
343
684
684
684
684
684
684
342
684
684
282
684
187
230
684
275
684
684
684
171
684
684
486
684
684
334
684
245
684
684
591
257
684
684
684
684
427
171
564
684
684
684
684
684
351
475
171
684
684
269
684
263
684
684
183
684
367
684
684
684
684
684
310
684
684
684
684
684
684
684
684
684
684
264
684
684
684
212
684
684
684
684
684
684
684
231
238
684
292
684
228
232
684
323
684
684
684
684
684
684
333
684
684
684
684
684
684
226
684
409
684
684
684
684
250
684
684
186
684
401
684
248
171
684
684
684
276
684
684
202
434
684
684
234
684
684
684
684
684
684
684
236
684
684
684
684
684
223
684
684
684
192
684
684
684
684
179
684
684
490
684
684
684
684
186
684
684
684
278
684
684
291
684
360
684
684
684
684
334
276
684
684
684
246
225
242
684
684
684
684
684
684
684
318
352
684
684
684
367
230
684
580
684
358
359
684
684
684
300
367
684
684
684
684
684
402
256
684
684
684
684
345
227
684
684
684
684
244
684
189
684
684
684
684
218
684
590
684
476
684
684
225
684
684
684
684
684
684
684
684
684
684
373
684
684
684
684
684
216
684
684
684
551
425
202
684
684
475
684
684
684
684
171
684
684
340
684
684
684
227
503
684
684
684
684
684
684
279
684
684
684
684
434
684
257
684
684
684
684
684
684
684
684
684
244
684
684
684
684
684
684
684
211
684
361
684
684
284
684
256
391
283
684
684
684
684
684
567
684
684
684
684
684
684
191
171
684
684
280
684
684
684
684
300
378
252
198
279
684
684
406
684
684
445
346
687
264
684
684
684
684
684
684
659
684
684
684
204
684
684
684
684
684
684
684
684
684
684
684
193
684
684
291
684
684
684
684
684
684
684
257
684
684
684
260
684
238
684
684
684
377
217
392
684
684
256
171
200
284
313
684
684
225
684
287
346
684
684
684
609
684
684
684
241
684
684
684
684
684
264
684
211
464
684
684
684
684
684
326
684
684
684
182
277
684
684
684
339
429
684
224
278
684
684
684
684
684
684
684
684
301
684
498
684
684
684
684
684
174
684
684
256
217
621
684
227
684
684
684
684
684
333
684
684
684
684
684
171
684
684
684
684
243
684
684
184
684
684
684
176
684
684
378
684
684
684
684
684
684
684
684
684
684
195
214
332
684
684
379
684
348
203
218
684
171
684
684
684
263
322
674
684
348
208
684
684
684
319
684
684
266
684
684
684
684
659
684
216
684
684
684
684
684
684
684
684
684
684
684
684
271
452
684
684
546
684
171
684
684
684
684
684
684
452
283
684
684
684
221
684
684
684
291
221
684
684
684
245
684
684
684
684
561
523
199
684
684
684
684
684
684
684
684
684
684
684
684
684
684
684
684
684
179
684
684
684
684
684
211
287
684
684
684
684
684
684
350
323
222
220
684
684
684
684
313
684
349
684
684
684
684
567
684
684
531
684
684
684
684
684
684
684
684
684
684
684
684
303
684
684
684
684
684
282
225
684
4172
684
684
684
684
684
235
375
684
366
684
175
684
684
684
684
684
684
251
684
224
684
684
684
684
684
446
684
684
684
226
684
684
330
684
210
183
684
684
684
684
365
684
684
214
175
684
684
684
684
684
684
684
684
684
172
684
217
306
684
684
684
684
284
684
684
684
684
684
684
608
684
684
684
350
250
684
684
305
684
684
684
241
684
684
684
684
329
462
684
684
243
684
228
225
684
684
322
684
684
269
684
684
684
684
281
684
684
684
684
684
188
684
306
684
283
684
684
198
684
684
684
684
171
684
684
684
684
684
313
684
684
684
684
684
684
684
684
684
684
231
684
684
226
684
684
684
684
330
684
218
265
684
684
455
684
684
295
684
320
1302
684
684
684
207
219
684
684
684
297
684
348
684
684
684
321
684
684
684
684
684
684
684
684
684
684
684
684
684
264
473
684
171
179
684
684
684
684
684
684
248
684
684
684
684
684
684
684
684
684
684
684
684
324
2304
684
684
684
684
684
684
200
684
282
684
684
684
174
684
684
684
684
684
684
193
242
684
684
246
684
684
684
684
276
700
684
684
180
348
461
684
684
684
684
684
261
684
325
684
511
439
684
684
178
311
684
684
684
684
684
684
491
684
684
684
193
684
684
684
187
684
684
684
305
684
684
684
684
684
684
295
238
283
684
684
253
684
684
219
652
356
684
684
684
684
684
684
684
684
684
684
211
684
294
270
684
684
371
338
200
684
684
1727
684
684
684
684
684
684
684
245
684
684
684
360
684
276
684
684
684
287
684
684
684
221
684
383
684
684
684
684
684
684
253
331
284
684
436
684
684
684
438
684
684
326
684
684
684
684
684
684
504
684
684
482
684
294
556
684
684
684
684
217
684
684
684
684
684
684
365
684
684
1116
684
176
684
684
684
684
684
333
200
684
684
684
684
684
684
684
684
260
684
684
684
684
188
684
684
684
684
684
267
684
684
684
684
684
684
684
192
684
684
684
684
199
183
684
684
684
684
684
472
249
684
684
737
684
684
684
684
598
227
684
684
684
178
189
684
684
226
684
684
684
684
684
684
684
684
684
684
684
196
684
684
684
684
684
684
684
684
684
684
684
684
684
684
684
684
684
684
210
684
684
372
275
333
684
684
684
684
586
285
684
314
684
684
320
684
478
684
684
684
684
264
684
684
502
684
684
684
684
684
684
684
684
684
684
684
684
684
684
684
684
684
684
258
257
684
684
684
684
684
684
684
684
684
684
292
684
684
684
287
684
684
684
684
684
233
684
684
684
684
684
684
684
684
684
548
684
684
684
684
684
684
684
684
684
684
684
684
684
684
684
684
684
280
684
684
684
310
337
684
684
684
257
684
684
684
684
368
684
684
684
171
684
684
684
684
684
684
687
684
684
684
684
684
299
684
684
684
684
684
684
684
684
251
327
684
684
684
190
684
353
198
684
320
269
684
684
684
684
684
298
684
684
684
684
205
684
244
684
684
684
684
684
684
684
684
684
182
684
297
401
684
684
684
643
684
276
684
684
684
684
306
684
684
417
651
684
684
684
684
684
684
684
585
433
684
194
201
684
684
684
684
684
684
684
684
684
684
684
684
684
304
684
684
684
353
684
684
684
684
684
194
684
221
684
684
684
684
2270
684
684
290
684
684
684
206
684
684
684
592
684
684
684
684
567
684
171
684
530
532
272
684
274
307
216
684
684
684
684
684
303
545
296
684
684
684
273
684
684
684
684
684
684
684
339
684
684
684
684
684
684
684
684
684
473
684
684
684
684
684
684
684
1069
684
684
684
206
684
684
684
328
684
356
684
684
213
684
684
684
182
684
684
684
302
684
684
237
358
192
684
684
318
684
346
684
684
684
684
684
684
296
684
684
684
684
684
684
684
303
684
1104
684
684
684
684
684
684
684
178
209
684
684
342
684
684
684
600
718
302
684
684
684
684
422
684
684
684
195
684
684
285
684
684
684
684
684
684
684
684
230
684
260
684
684
684
185
684
220
527
684
684
684
684
171
684
340
684
684
684
684
337
684
684
226
684
195
684
684
307
684
684
684
205
684
684
543
684
684
223
684
684
275
684
684
211
684
202
236
684
684
684
309
684
542
684
684
684
684
684
684
684
684
684
684
684
684
684
684
684
336
684
684
684
684
684
206
684
684
684
243
278
684
255
684
684
684
684
684
194
196
684
684
489
684
684
350
684
684
684
684
347
684
171
684
684
684
684
684
684
684
684
228
684
684
684
684
684
196
684
684
217
684
684
437
401
684
684
684
684
684
684
344
259
204
189
218
684
684
684
1199
684
684
684
684
684
684
195
684
684
311
684
684
684
684
684
684
684
684
684
684
684
684
684
684
320
684
483
684
684
684
684
684
684
325
684
684
561
684
328
684
201
684
242
684
684
684
684
684
684
684
818
684
196
185
684
684
684
499
684
684
684
531
684
684
684
252
684
684
276
358
342
684
684
684
684
684
222
684
684
340
684
684
311
684
684
684
332
684
684
684
684
684
684
684
261
684
684
684
684
227
684
300
684
216
684
684
684
684
172
684
684
684
331
175
684
684
684
684
231
684
684
684
684
684
684
684
684
177
684
184
684
684
684
291
684
684
304
638
684
684
684
684
684
684
684
684
684
684
260
684
180
684
684
684
684
684
684
172
293
684
684
684
684
684
684
684
684
684
684
674
684
684
610
684
684
684
684
684
684
684
684
276
684
684
431
684
238
684
684
197
238
684
684
684
684
268
684
684
684
684
684
684
684
684
182
872
684
684
684
684
684
684
684
211
684
684
180
387
684
684
684
237
684
684
241
684
184
240
684
684
332
684
241
684
684
316
684
414
684
684
684
684
684
329
684
684
684
177
228
684
684
684
684
684
684
684
684
684
684
684
684
684
684
684
684
684
684
684
684
290
684
684
684
193
684
684
684
220
684
457
684
684
684
684
684
684
684
684
684
684
684
684
684
684
684
684
257
684
684
684
684
684
684
194
920
684
684
456
684
684
299
684
684
684
224
171
684
684
684
191
684
684
295
684
684
684
684
684
684
684
684
201
684
684
684
684
684
684
314
181
684
684
684
171
684
222
684
684
684
684
684
684
684
684
324
525
684
684
684
684
684
245
684
337
684
684
684
684
684
684
684
684
323
241
341
684
336
684
684
684
684
684
684
246
684
684
684
684
684
684
684
684
684
684
684
684
684
684
684
684
577
684
684
684
684
684
179
684
171
684
391
684
684
198
684
684
684
684
196
182
684
684
177
684
684
684
328
684
684
684
684
255
684
684
684
684
518
684
344
684
684
684
684
684
249
684
684
684
684
684
684
684
684
684
684
684
684
684
684
684
684
684
684
684
684
684
418
684
684
684
684
684
645
684
684
684
684
304
684
276
453
684
684
684
684
186
684
684
684
684
256
684
684
684
257
684
222
684
684
684
684
684
178
525
684
408
684
684
180
684
684
684
684
414
684
294
243
684
684
684
684
684
684
684
684
684
311
684
684
684
684
684
684
684
684
684
684
684
684
684
192
684
684
684
684
684
684
684
684
684
684
684
226
684
684
684
684
684
684
684
684
684
684
684
248
684
684
295
274
684
728
684
223
684
684
257
684
684
684
472
684
684
684
684
684
684
278
684
684
191
684
684
684
327
684
684
684
684
684
684
684
684
291
684
327
684
684
684
684
684
269
178
684
684
283
684
684
684
684
217
217
684
684
684
684
251
684
356
684
684
684
171
684
684
684
684
684
684
684
684
684
684
684
684
258
655
684
276
684
684
684
684
684
684
684
684
684
684
684
684
684
684
684
466
684
684
684
684
684
684
684
684
684
684
684
684
684
287
684
684
684
684
684
684
684
345
192
684
684
684
684
684
286
684
684
211
684
684
684
401
684
684
684
614
684
212
684
296
684
684
684
684
420
684
261
684
684
684
684
684
684
684
684
684
684
684
684
684
684
684
171
684
684
684
172
684
684
684
684
684
684
684
684
684
684
684
315
684
684
684
684
684
684
684
171
684
684
171
684
459
684
684
684
684
684
684
684
551
684
172
684
684
684
684
470
684
684
684
684
684
684
684
684
347
329
684
684
684
684
684
684
211
239
684
684
684
684
684
684
684
684
684
684
684
214
684
684
684
684
684
684
684
684
684
684
474
684
684
684
684
684
684
684
684
684
410
684
684
302
684
684
684
171
684
186
684
684
684
684
684
684
684
684
684
684
171
684
684
684
684
441
684
684
684
684
271
684
188
684
684
684
286
209
535
275
269
684
684
172
291
684
456
684
684
266
684
684
684
684
557
684
684
684
237
684
684
684
684
684
684
190
684
684
684
684
684
684
684
684
684
684
684
684
684
684
684
376
684
302
684
684
684
684
684
684
198
684
684
174
684
684
684
684
372
684
684
684
183
684
684
684
261
684
684
684
684
684
684
306
684
684
684
701
223
684
684
684
684
684
684
360
684
684
684
684
684
684
684
684
684
312
684
684
291
684
684
684
684
684
684
684
281
684
591
684
684
684
380
684
684
684
684
684
684
684
684
684
684
684
684
250
684
684
684
684
194
684
684
297
684
684
684
684
294
337
255
684
684
684
684
684
684
184
684
684
684
684
684
684
684
684
684
684
684
684
684
584
684
684
275
684
684
684
684
684
684
289
684
684
684
684
684
684
684
192
684
684
684
684
205
235
684
684
684
684
684
684
174
684
684
684
684
684
684
264
684
684
684
684
684
684
684
224
684
191
684
684
684
684
684
684
684
684
684
684
684
684
684
684
684
225
684
684
174
204
259
684
684
201
684
684
684
684
684
684
684
684
684
684
684
423
684
684
684
684
684
684
684
684
684
273
684
684
684
684
684
345
684
684
684
227
684
684
684
684
684
684
684
684
684
672
684
334
684
684
684
684
302
684
684
684
684
684
684
684
684
684
684
684
684
684
684
684
238
684
684
684
684
684
684
254
684
255
684
332
684
684
684
184
684
684
465
684
684
684
684
684
684
684
684
684
684
684
684
684
684
684
684
308
684
684
684
684
684
684
684
179
684
684
684
684
288
684
684
684
684
602
684
684
684
684
684
684
684
684
307
684
1953
684
664
684
270
684
684
684
684
684
684
684
684
684
684
496
293
684
684
684
684
684
171
684
652
305
684
684
684
684
684
684
270
684
684
684
684
684
684
684
684
684
684
684
684
338
684
216
684
684
684
684
204
684
248
684
684
684
247
684
634
684
684
684
684
684
541
684
684
312
684
684
684
636
596
573
684
684
684
684
262
684
684
684
684
274
684
516
684
262
684
684
684
684
684
280
684
684
195
206
684
684
684
684
684
684
684
684
684
684
262
684
684
684
684
684
684
684
684
684
684
684
684
684
499
684
684
684
684
684
684
684
684
684
684
684
684
684
684
684
264
684
684
684
684
436
684
684
684
684
684
684
684
684
684
386
268
684
684
684
684
684
684
684
224
322
212
684
684
684
684
684
684
684
684
257
684
684
192
684
684
342
172
684
684
684
210
684
684
684
684
684
684
202
684
684
417
305
684
684
684
684
684
684
684
684
684
565
684
200
419
684
684
684
684
392
684
684
684
684
684
303
684
684
206
684
684
684
684
684
684
684
684
684
684
684
684
214
684
684
684
334
684
684
684
684
684
684
326
684
684
181
684
684
342
684
684
251
684
684
539
427
345
684
286
684
684
684
684
684
684
171
684
684
684
684
684
684
684
684
684
684
684
684
268
684
684
684
684
684
684
174
684
684
684
230
684
684
244
684
684
183
684
684
684
207
684
684
684
684
684
684
252
684
684
684
684
684
684
684
684
173
684
684
273
684
684
684
684
684
684
684
684
684
684
293
684
684
684
684
684
684
684
684
507
684
684
684
259
684
684
293
684
329
684
684
684
684
684
684
684
684
684
579
390
328
684
684
684
312
684
684
684
171
684
294
684
684
684
915
684
684
684
684
684
345
684
684
684
710
684
684
684
684
174
684
4187
684
684
220
684
684
684
176
684
684
684
684
684
684
684
684
684
684
347
213
684
220
684
684
491
684
684
684
684
684
525
684
684
196
684
684
684
684
684
684
684
684
684
684
196
684
213
684
684
180
684
273
684
684
684
684
684
684
684
684
684
684
684
684
684
684
684
684
684
684
684
684
684
684
684
684
684
684
684
606
245
684
684
684
684
177
209
262
684
684
684
684
235
684
684
684
684
684
684
684
684
684
174
684
985
336
684
684
684
684
684
684
684
231
684
684
684
684
236
684
684
684
684
684
245
684
684
684
248
250
684
684
224
256
684
207
684
206
684
684
684
684
684
684
715
236
684
684
177
684
684
866
684
684
588
684
684
684
684
684
171
684
684
684
254
684
684
684
684
377
684
684
684
684
684
684
684
684
684
684
684
684
684
258
684
684
390
684
339
684
684
224
684
684
684
684
298
305
684
684
217
684
321
684
684
684
684
684
684
684
684
684
684
684
684
684
684
684
313
684
684
684
684
374
684
684
684
684
684
199
253
241
335
684
684
684
606
684
684
684
684
684
684
684
684
684
242
684
684
684
684
684
684
684
684
188
684
684
684
684
684
684
684
684
684
684
684
684
684
684
476
256
269
684
684
684
684
684
684
684
684
684
684
188
332
234
684
684
243
684
684
684
684
684
684
684
684
684
684
273
684
590
684
684
354
684
684
684
684
684
684
684
445
684
684
684
684
684
684
684
684
684
684
684
684
684
684
684
684
684
684
684
684
684
684
684
684
235
295
684
288
684
684
684
684
684
434
171
684
684
684
194
684
684
684
684
684
684
684
684
348
684
684
684
684
684
684
684
684
684
197
684
454
282
329
684
684
684
684
684
684
684
684
684
684
684
955
684
684
684
684
716
684
684
684
684
684
684
684
684
209
684
283
684
684
684
684
684
684
684
684
249
684
270
684
684
684
684
684
684
193
684
684
684
684
684
684
684
684
684
684
684
321
684
234
273
245
684
523
684
641
684
684
684
684
684
684
684
684
684
684
684
218
684
684
684
684
672
323
178
867
219
684
684
684
338
684
684
684
684
684
684
684
684
684
684
684
684
684
1069
684
684
684
684
684
684
684
684
684
684
684
281
684
232
684
684
684
376
684
684
792
684
684
684
684
1208
684
684
684
684
208
684
684
684
684
684
684
684
684
322
684
684
684
684
684
684
684
684
684
684
684
684
684
684
684
684
684
684
684
257
684
684
684
684
684
684
684
684
684
684
684
684
684
424
286
684
684
684
322
684
684
181
178
684
684
178
684
684
684
684
684
684
684
684
684
684
684
684
684
684
684
684
684
684
684
271
684
684
684
684
684
684
684
684
282
684
684
684
260
684
684
684
370
684
684
214
684
684
684
684
684
684
684
684
684
684
223
285
684
484
684
684
183
520
194
448
684
684
458
684
684
684
684
684
684
684
684
205
684
684
684
684
309
684
684
684
684
684
684
684
684
684
684
684
194
684
684
310
684
684
684
684
684
684
684
684
684
684
684
684
513
684
684
684
684
684
684
684
684
684
684
684
684
684
684
684
684
684
684
684
684
684
684
684
684
684
684
684
218
684
684
684
684
684
684
684
684
214
684
684
523
684
684
684
684
684
178
684
436
238
684
684
684
258
684
684
684
684
684
684
210
684
365
684
684
684
684
684
684
684
684
684
684
684
684
684
684
684
684
684
213
684
684
684
684
242
684
684
684
684
684
684
684
232
684
684
684
684
205
684
676
684
684
373
684
684
684
684
684
684
684
684
684
684
185
684
684
684
684
684
684
684
684
684
684
684
265
684
432
684
684
684
684
684
684
684
684
684
684
684
684
684
684
684
684
684
684
297
684
684
231
684
684
267
684
684
248
684
684
684
684
216
511
684
684
684
684
178
684
330
188
684
265
313
336
684
684
684
684
270
1497
684
684
684
684
684
684
294
173
684
684
246
684
684
684
703
684
305
684
684
684
684
684
684
389
684
246
684
684
276
684
684
684
1127
684
684
684
684
684
684
684
684
684
684
684
684
684
694
197
684
684
684
684
684
264
684
269
684
684
684
684
684
684
684
684
684
684
684
684
684
684
684
684
344
684
684
684
684
684
305
684
684
684
684
333
684
684
684
684
684
684
228
684
684
684
684
684
343
684
684
279
336
684
684
684
171
684
684
571
684
684
684
684
684
684
224
684
684
577
684
684
684
684
394
684
684
684
684
684
684
684
223
684
684
388
500
684
684
684
684
684
684
684
240
684
684
684
684
684
684
684
684
684
684
684
684
684
684
684
684
684
684
684
684
684
684
684
684
684
684
684
201
684
684
684
684
684
684
684
684
684
264
684
684
684
269
684
691
684
684
684
684
684
684
178
684
684
684
684
184
684
684
684
684
684
684
684
684
684
684
684
684
684
684
180
684
684
306
684
684
684
684
684
684
684
684
684
684
684
684
177
684
331
684
684
684
172
684
684
684
684
263
231
684
684
684
684
684
684
684
586
684
684
684
684
684
684
684
684
684
684
684
684
684
684
684
684
684
684
684
684
684
684
684
684
684
684
684
684
684
684
684
684
684
1302
684
684
684
684
684
684
684
684
306
684
684
684
684
684
684
684
203
249
684
684
684
684
684
684
433
684
684
684
684
684
684
684
684
684
684
684
684
684
171
684
684
684
684
684
684
684
684
684
181
684
265
314
684
684
684
684
474
684
684
684
684
684
684
684
684
684
684
684
684
684
535
684
684
684
684
684
684
684
684
684
684
684
684
195
684
684
295
684
684
304
684
684
684
684
443
684
684
684
311
684
684
684
684
684
171
684
684
684
684
684
684
684
684
551
684
684
684
684
214
684
846
684
684
684
684
684
684
684
684
345
684
684
684
684
684
684
684
442
684
684
684
684
684
684
684
684
684
218
684
684
684
684
243
684
346
684
684
684
684
684
684
684
684
244
684
684
481
684
684
684
684
684
684
684
684
684
684
684
684
288
684
684
199
684
684
684
684
684
684
684
684
707
684
684
684
684
684
684
684
312
684
684
684
684
552
684
684
684
684
684
684
288
684
684
684
684
245
217
684
684
684
488
684
684
684
684
355
420
684
684
684
684
684
235
684
684
684
684
684
684
684
684
684
554
684
684
171
684
2304
684
684
684
684
684
684
684
684
684
684
684
684
684
684
684
684
684
684
684
684
684
195
203
457
361
684
684
213
684
684
577
560
684
684
684
684
684
684
684
684
684
684
684
684
684
684
684
684
175
684
684
311
684
684
247
684
684
294
684
684
684
684
581
684
684
303
684
684
684
684
684
684
684
684
684
684
684
244
684
684
684
684
684
684
232
684
684
684
237
684
684
684
684
684
312
684
195
684
684
684
684
684
684
684
245
684
684
684
684
684
684
684
684
684
684
684
684
684
684
684
684
684
684
684
684
684
684
684
684
223
684
684
684
684
427
684
287
684
684
684
554
684
684
684
684
684
684
684
684
684
684
176
684
684
684
684
295
654
684
684
684
684
684
684
684
684
684
684
684
684
684
684
684
684
684
684
684
684
684
684
684
684
684
684
684
684
684
684
203
684
684
684
684
684
684
382
684
684
684
684
684
306
684
684
684
684
340
684
684
684
474
684
839
684
684
684
684
684
684
684
684
684
684
684
684
684
684
684
684
263
684
289
684
201
236
684
684
684
684
684
684
684
194
371
684
684
436
684
684
476
684
684
684
684
684
684
684
684
684
684
684
341
684
684
239
684
684
183
328
684
190
250
684
684
684
684
684
684
684
684
684
684
684
684
684
684
684
684
325
684
684
684
684
684
219
684
209
329
684
684
284
684
684
684
445
684
684
684
684
684
684
684
171
684
539
684
684
684
684
684
583
684
684
684
684
684
684
684
684
684
684
237
684
684
321
684
684
684
684
684
441
684
684
684
305
358
684
684
684
217
684
684
360
684
684
441
684
684
684
684
684
684
684
684
684
684
684
684
684
684
684
684
684
684
221
292
243
341
684
684
684
684
684
684
684
684
684
402
684
684
684
684
684
684
684
218
684
684
684
684
684
684
684
684
684
684
684
684
684
684
684
684
684
684
187
593
684
684
684
684
684
684
684
684
684
684
684
684
684
684
684
496
684
195
684
684
684
684
684
684
684
684
684
194
684
684
684
684
199
300
684
684
684
684
684
684
171
684
684
859
684
684
684
684
684
684
684
684
684
684
684
684
684
684
684
684
684
283
684
684
684
684
684
684
684
684
684
684
684
684
684
285
684
684
684
684
684
684
684
684
684
684
684
684
442
684
684
684
223
684
684
185
684
684
282
684
684
237
684
381
684
684
684
684
684
273
209
684
396
684
684
233
684
684
684
608
684
684
684
684
684
684
684
684
684
684
684
684
684
459
684
341
684
684
684
684
200
684
684
684
684
684
684
684
684
231
684
684
684
684
684
684
684
684
684
684
684
684
684
684
684
375
684
684
684
684
684
684
684
684
684
684
684
684
684
684
684
684
684
684
684
684
684
684
684
684
684
684
684
684
684
684
265
684
684
684
684
684
394
684
684
684
684
684
684
684
684
684
684
684
684
182
684
684
418
684
684
684
684
684
443
684
684
266
684
684
684
684
684
684
684
684
684
684
684
684
684
684
684
684
311
684
684
684
684
684
684
684
684
582
684
684
239
648
684
684
684
174
684
684
684
684
684
684
684
684
684
684
684
684
684
171
684
684
684
684
684
177
684
684
684
684
684
684
684
684
684
684
684
684
356
684
684
684
684
684
684
684
684
269
684
231
684
366
684
684
684
684
684
684
684
684
684
684
684
684
684
684
684
684
684
684
684
684
684
684
684
684
684
684
331
684
684
684
684
684
684
684
684
684
684
684
684
684
684
684
684
441
684
684
684
254
684
684
684
684
684
684
684
684
684
684
684
684
684
684
684
684
684
684
684
247
684
608
386
684
684
684
684
684
684
684
684
684
684
684
684
261
684
684
684
684
684
684
684
684
684
684
684
684
325
250
684
684
684
310
263
684
684
684
684
684
684
684
684
684
684
684
684
684
684
684
684
684
684
684
684
684
684
216
684
684
517
684
684
684
684
684
684
684
684
684
684
684
684
314
684
684
684
684
434
221
684
421
684
684
684
684
214
684
684
684
684
684
684
379
684
684
684
684
684
684
684
684
684
684
684
684
684
684
684
684
684
684
684
189
684
543
684
188
684
684
684
350
684
684
684
684
684
362
684
684
684
684
684
684
684
684
684
684
684
684
684
684
684
684
684
684
684
684
684
684
684
684
307
684
684
249
684
684
684
684
684
684
684
684
198
684
684
485
684
472
684
684
684
684
344
321
684
684
684
684
684
258
684
171
353
684
684
684
684
684
684
684
684
684
684
684
684
684
197
684
684
368
684
684
684
684
684
684
684
684
684
265
684
684
684
684
684
241
684
684
684
684
684
684
684
684
684
684
684
684
684
684
684
684
684
684
684
684
684
684
684
684
684
684
684
684
496
684
684
684
684
684
684
684
327
684
307
204
684
684
684
684
684
684
684
223
684
684
684
684
508
684
684
684
684
183
684
684
684
684
684
684
284
684
242
684
684
684
684
684
336
684
684
684
684
684
231
684
684
171
684
684
684
684
684
684
684
684
684
684
684
684
684
332
684
684
684
437
684
176
684
684
684
684
684
285
684
995
684
684
684
288
684
684
684
684
684
311
684
684
684
684
684
684
684
684
684
684
684
684
684
684
684
684
684
684
684
684
684
240
684
684
684
684
684
684
684
684
684
684
684
684
684
684
684
684
684
684
684
684
684
229
684
684
684
224
684
684
684
684
684
199
189
684
684
684
684
684
684
684
684
417
245
684
684
684
684
684
684
684
684
684
276
684
684
684
684
172
684
342
264
684
175
218
684
684
684
271
684
684
684
684
684
684
684
684
684
684
684
684
684
684
684
684
684
684
562
684
684
684
684
684
684
684
248
231
684
684
227
684
684
684
684
684
684
684
684
684
684
684
684
684
684
171
280
254
684
684
684
313
684
684
684
684
684
684
684
684
684
684
336
684
684
684
684
363
684
684
684
684
237
684
542
199
684
684
684
684
684
684
684
684
323
684
684
175
684
684
684
684
684
684
684
684
684
684
684
684
684
684
684
684
277
684
684
684
684
684
684
684
684
282
684
226
268
684
684
684
684
684
684
684
684
684
306
684
281
684
684
684
684
684
684
684
260
684
309
684
684
287
684
684
684
259
684
684
684
684
684
639
207
684
684
684
684
684
171
684
684
292
684
176
684
684
684
684
684
684
458
684
684
197
684
684
684
684
376
424
684
273
684
684
684
684
684
684
684
684
684
684
684
684
684
329
684
684
684
232
684
684
513
684
684
684
684
684
684
684
684
684
684
684
684
684
684
684
684
684
239
684
272
684
684
684
684
684
684
684
684
684
684
684
684
684
684
180
684
684
684
684
684
684
684
684
684
684
684
205
684
684
684
684
246
418
684
684
684
684
684
684
684
173
684
684
684
684
684
684
684
509
684
684
684
684
299
684
684
684
684
239
684
684
684
684
684
197
684
684
684
684
684
684
684
684
180
684
684
684
684
684
684
684
684
684
684
684
684
684
684
684
684
684
684
684
684
684
684
684
684
684
263
684
684
684
684
338
684
684
684
684
684
684
684
684
684
684
185
684
684
684
684
684
684
684
684
684
684
684
684
535
684
684
684
684
684
684
684
684
684
684
684
684
350
684
684
684
684
684
684
684
684
684
684
684
684
684
684
684
684
684
684
684
684
684
684
684
684
684
684
684
684
229
684
684
171
684
232
684
684
684
684
684
684
684
684
684
684
684
684
684
684
290
684
684
684
684
684
684
684
684
512
684
684
684
684
684
684
262
684
204
684
684
684
684
684
340
684
684
684
684
684
684
684
684
684
684
684
684
684
684
684
684
684
684
684
684
684
183
684
184
684
684
424
684
684
684
684
684
684
684
684
684
684
684
684
684
659
684
684
684
684
684
684
684
684
209
684
684
684
684
178
684
684
684
684
684
684
684
684
684
684
684
211
684
684
684
684
684
684
352
684
684
684
684
684
684
684
684
283
684
684
684
684
684
416
684
309
684
684
684
684
205
684
684
195
684
684
684
684
217
684
684
684
684
684
684
684
684
191
684
684
684
684
684
684
684
684
684
684
684
684
684
684
684
684
684
684
684
684
684
612
684
684
684
684
684
684
684
684
390
684
684
684
309
684
684
684
684
684
684
684
684
684
684
684
684
684
684
684
684
684
684
684
684
684
684
684
605
684
684
684
684
684
656
684
684
684
684
684
684
