325
312
314
353
302
365
340
328
372
379
306
305
341
300
329
317
311
307
364
304
328
330
301
301
352
284
321
303
295
306
341
331
294
327
334
374
315
399
305
371
300
312
353
297
321
326
320
299
308
299
322
332
321
317
305
349
402
326
316
286
299
341
301
287
284
299
285
313
347
344
293
301
450
303
330
298
323
292
417
403
333
278
343
311
319
302
313
335
309
302
325
337
342
367
313
310
350
363
339
329
291
289
325
313
398
317
336
295
294
326
301
298
284
286
315
339
290
413
307
311
296
312
357
288
319
410
350
299
293
382
280
316
319
301
298
300
312
294
291
288
338
334
322
307
287
335
343
286
408
379
313
281
355
393
280
299
296
335
285
403
298
318
293
294
282
293
307
316
362
309
367
325
297
330
288
285
306
289
310
344
318
321
272
300
292
343
305
316
314
313
304
319
313
316
297
316
337
332
313
279
307
284
289
345
310
308
626
323
306
415
310
319
288
307
313
329
288
285
317
303
282
293
305
320
343
308
339
283
304
331
342
316
296
326
290
285
309
305
304
266
346
313
334
293
304
465
299
336
322
319
278
361
347
321
331
316
313
373
294
325
344
323
297
304
423
287
314
320
320
312
307
306
294
313
284
287
378
354
320
413
320
282
319
319
384
306
321
331
333
301
278
311
325
342
290
285
295
359
309
303
308
315
291
344
291
306
316
297
314
281
289
394
286
335
320
309
264
282
363
300
276
314
344
324
286
283
305
335
489
328
351
352
291
315
325
346
358
300
292
322
299
325
321
351
350
340
359
329
303
312
393
289
309
343
291
312
312
344
326
284
324
300
293
314
325
310
289
304
319
307
312
291
304
280
287
305
281
291
281
319
321
325
341
285
299
302
290
293
360
303
303
302
308
364
358
309
290
316
288
296
285
306
282
351
414
329
361
351
330
364
321
359
351
326
321
341
405
351
303
326
273
301
316
364
282
281
330
309
339
308
326
348
302
317
457
351
319
325
324
299
288
338
359
281
294
300
394
295
347
286
325
372
327
296
316
288
305
356
372
297
274
343
338
347
321
302
328
333
300
312
287
315
313
367
315
329
289
331
342
272
325
325
306
309
304
287
309
293
341
305
322
338
439
376
283
300
301
367
309
308
284
268
348
288
343
314
326
288
360
301
429
298
357
342
296
289
317
286
274
366
296
312
313
330
302
313
320
313
329
293
280
268
309
277
319
297
314
310
366
304
278
281
384
360
328
296
337
324
402
283
307
329
276
321
319
295
270
259
407
303
336
320
306
273
333
323
345
314
290
302
293
311
338
320
271
319
289
274
309
309
309
279
335
325
276
308
364
267
312
316
315
323
337
309
297
306
288
287
294
386
279
302
311
278
307
310
290
310
288
300
294
347
308
325
272
313
288
314
343
290
303
359
319
304
282
465
300
263
333
318
302
283
286
339
252
259
291
306
319
299
283
276
297
292
315
275
318
317
308
301
342
320
282
364
291
314
290
309
303
296
322
302
299
344
333
305
330
294
312
313
309
282
282
357
335
302
303
307
292
321
282
285
307
299
296
290
284
329
281
342
348
324
293
306
362
280
303
326
295
325
274
306
302
319
272
268
289
291
344
465
304
275
277
270
305
315
325
285
342
309
286
315
283
333
281
306
282
353
342
344
288
268
280
339
289
276
326
325
294
307
317
314
291
269
331
325
343
327
261
331
363
296
293
309
277
325
337
337
353
277
357
310
288
311
280
293
297
276
321
338
287
293
346
302
279
322
293
297
335
310
287
355
345
294
374
310
336
271
336
339
321
308
273
280
280
356
280
329
308
279
352
267
277
273
278
309
292
304
333
288
328
282
335
327
385
292
291
261
330
521
270
326
294
297
294
265
347
296
342
273
384
273
326
286
326
323
323
300
313
350
292
278
334
292
310
359
281
352
278
266
277
398
339
289
324
299
331
266
303
275
306
266
335
269
372
267
297
294
277
357
275
285
329
295
277
323
277
299
319
276
275
246
287
315
670
322
276
305
360
321
291
303
317
313
290
283
293
330
306
335
269
289
290
371
300
313
327
292
307
293
298
322
275
295
287
290
318
279
298
269
280
301
326
280
285
255
300
330
321
310
375
271
279
531
259
348
294
313
268
255
548
285
325
303
314
321
283
289
323
275
326
275
298
294
299
279
319
304
501
290
272
291
268
262
301
299
266
262
290
273
275
321
271
261
338
314
292
315
302
283
402
282
398
348
350
267
272
292
326
463
303
343
294
321
248
268
350
274
301
328
334
285
271
263
280
327
491
286
388
273
289
280
349
310
292
249
290
307
278
288
512
302
302
316
343
289
274
275
273
277
381
295
329
300
298
259
297
344
368
319
288
313
307
306
294
332
276
315
258
302
314
286
304
278
301
273
320
250
286
345
331
368
290
264
286
275
285
278
280
292
297
314
312
311
318
294
262
284
277
310
328
345
278
259
275
295
318
271
312
293
273
350
274
272
490
286
280
290
314
284
293
288
322
292
333
287
274
295
286
304
310
272
284
266
262
264
291
266
310
294
269
302
265
311
413
270
316
307
374
264
309
321
280
295
300
318
292
275
336
291
337
299
276
324
284
269
269
283
293
323
276
293
288
285
255
282
275
280
262
268
478
277
281
280
299
300
309
354
310
278
344
326
339
271
294
265
274
286
283
267
385
314
337
295
283
255
403
262
360
247
284
262
269
295
274
254
311
261
275
292
313
314
272
257
293
278
284
258
260
280
354
256
269
298
270
269
276
264
264
264
279
336
270
335
260
741
281
327
275
254
256
306
270
314
245
286
293
317
281
271
306
290
340
280
232
257
267
294
263
269
358
286
257
296
275
341
349
293
435
256
275
388
278
283
273
292
270
258
269
264
264
259
288
276
278
273
309
282
236
251
273
276
289
254
279
293
266
293
271
291
288
309
378
320
250
284
349
259
280
340
288
292
259
273
299
269
272
508
268
276
251
267
263
283
263
277
292
248
292
314
312
269
280
314
253
313
276
248
340
450
256
273
294
279
268
348
266
275
273
305
302
265
316
276
272
324
308
316
239
357
284
317
343
229
296
292
260
306
299
301
288
324
248
244
276
268
287
433
255
278
257
272
275
277
292
252
277
312
289
282
263
308
266
263
283
255
265
293
274
265
311
335
392
275
245
271
252
334
281
264
249
254
262
275
297
284
257
391
253
287
240
375
273
261
282
258
264
251
257
269
305
245
296
262
261
267
504
287
314
268
469
266
247
251
276
252
257
293
295
532
351
251
256
325
249
278
299
271
269
271
315
261
252
264
270
300
273
268
335
264
263
293
272
253
284
273
255
278
268
256
386
276
269
256
257
275
280
321
310
266
286
256
255
259
270
253
254
259
273
304
264
269
249
253
295
256
336
274
265
257
236
261
282
267
270
279
301
240
467
281
266
268
258
328
291
257
765
270
340
285
266
271
258
281
483
276
304
279
263
277
310
317
254
292
255
272
265
256
302
315
251
257
299
285
263
261
300
316
368
246
279
260
265
382
264
266
256
320
269
259
294
326
248
238
265
279
344
256
268
258
275
263
334
259
282
239
269
257
265
345
255
295
246
258
295
293
254
258
251
271
271
237
231
281
312
300
302
258
270
271
261
297
259
303
258
257
284
434
385
258
265
294
343
268
253
326
259
354
236
251
296
254
271
254
275
291
282
252
306
284
255
264
275
269
258
275
253
280
250
260
264
271
331
258
319
255
237
271
253
333
340
245
256
247
247
359
268
290
253
256
245
372
301
272
247
274
271
258
261
289
259
256
402
285
252
247
284
254
255
264
554
296
270
299
250
252
314
282
259
266
263
242
292
244
289
268
280
296
256
252
259
293
273
242
257
258
367
277
253
262
277
265
277
304
297
270
244
252
261
307
259
277
244
296
242
282
264
274
280
254
262
338
248
280
332
261
264
244
247
250
256
268
270
245
284
270
264
275
270
259
254
254
260
289
260
245
265
282
323
247
247
270
255
258
239
261
232
327
242
351
248
270
295
255
252
250
284
234
251
327
316
289
263
260
316
247
264
260
267
254
264
255
224
268
249
241
248
282
259
261
260
256
244
250
273
244
273
322
261
254
250
248
253
249
238
257
255
253
292
311
259
255
265
593
283
330
247
245
260
259
267
269
263
256
245
250
247
243
270
247
263
241
250
290
268
258
255
272
294
296
240
341
255
273
350
234
289
245
289
237
258
253
232
282
253
264
237
275
263
281
230
287
233
273
257
259
261
294
249
248
246
274
296
248
268
256
260
272
253
242
246
612
248
248
270
257
234
252
257
279
236
244
283
256
245
248
292
288
314
240
233
247
248
247
765
249
270
248
254
237
249
261
243
295
250
287
252
250
235
249
257
263
261
268
298
243
281
259
237
234
270
256
235
262
262
249
251
269
254
290
274
386
253
230
415
245
270
276
282
275
246
259
245
259
269
286
246
254
248
258
264
235
242
267
272
282
279
249
227
256
720
252
287
246
225
256
238
240
246
242
264
305
245
243
246
239
236
240
296
229
235
256
261
250
243
254
256
227
276
247
240
245
331
260
290
246
228
261
258
236
251
284
233
245
292
251
234
244
294
268
266
250
270
247
251
279
245
269
257
306
240
243
277
240
230
266
272
242
238
256
251
248
255
333
246
243
279
255
277
258
258
236
254
272
248
239
231
284
284
234
247
246
235
236
239
251
232
235
263
278
267
233
284
280
248
249
229
251
245
256
248
245
252
274
234
251
247
231
219
258
232
240
243
221
264
237
242
257
253
265
252
275
290
241
241
237
243
230
290
255
239
233
247
278
233
227
235
244
228
321
234
399
254
266
251
241
244
251
254
249
252
235
242
240
233
238
259
255
240
233
234
258
232
228
246
242
274
231
253
240
247
280
235
261
239
269
238
229
233
302
255
256
220
228
256
603
237
292
265
240
247
239
245
252
237
238
231
216
236
229
211
237
247
271
249
231
251
231
243
245
227
240
229
238
242
219
241
248
221
244
224
268
248
228
257
240
247
249
242
261
388
229
235
236
236
227
235
229
248
284
238
234
240
318
211
243
226
234
235
247
222
235
245
251
232
241
232
242
233
247
238
228
249
251
241
238
236
218
227
253
237
243
234
232
229
224
246
309
233
230
245
243
230
236
245
232
230
238
237
238
264
248
253
237
236
245
243
222
228
225
225
244
228
229
232
234
231
235
263
229
237
227
241
245
317
236
231
220
241
236
207
238
244
234
237
245
289
243
239
230
233
231
234
242
242
376
236
258
258
251
258
247
225
251
223
232
247
228
215
253
219
264
224
220
227
231
222
242
225
416
269
252
232
226
231
222
233
219
275
238
206
223
232
340
250
231
242
239
237
232
269
233
270
227
249
236
213
218
238
302
220
223
222
248
223
238
219
310
233
250
227
219
232
240
212
270
293
227
305
239
235
226
243
226
232
224
216
231
237
226
223
227
234
218
227
235
227
219
235
227
226
247
228
226
221
233
236
245
228
232
230
227
242
238
211
233
228
223
267
243
225
244
231
221
237
213
237
239
220
219
215
233
230
234
240
228
223
237
211
239
249
223
241
217
210
244
225
234
271
211
216
231
228
270
244
241
247
222
262
235
232
219
241
236
209
227
223
245
234
603
235
231
238
220
239
250
217
213
246
230
240
238
226
216
228
224
475
229
296
225
224
211
208
224
223
239
223
225
227
212
238
225
234
229
217
243
230
225
245
233
223
225
215
229
217
213
222
221
237
242
244
245
252
203
223
238
224
234
217
229
232
232
216
239
232
252
224
226
246
229
236
205
225
222
254
200
203
226
220
221
218
222
238
213
242
230
227
236
213
205
226
225
246
231
217
232
278
203
216
221
222
214
227
217
222
240
263
229
213
220
206
204
200
255
252
212
202
227
228
218
211
231
219
220
207
212
244
232
240
222
235
687
225
230
208
226
223
227
218
230
211
231
194
196
207
226
223
221
204
217
225
236
239
219
219
254
239
271
234
225
207
217
217
236
222
229
212
232
220
209
200
228
221
212
259
270
212
204
244
209
226
223
220
201
213
234
218
225
226
215
235
230
214
227
229
218
223
227
219
223
214
191
212
213
214
244
225
213
218
220
237
216
220
218
213
219
205
219
319
238
207
253
223
216
242
207
222
234
258
196
217
200
222
240
225
228
199
224
221
207
218
214
221
227
211
199
224
202
210
221
201
248
203
206
191
223
216
231
196
228
211
191
216
227
213
208
207
213
239
206
213
231
206
234
219
241
219
212
212
224
210
200
202
225
212
202
225
219
207
213
232
207
208
205
181
193
204
236
229
209
215
201
237
222
202
198
201
244
216
211
208
202
230
216
242
197
216
198
205
215
241
225
247
249
204
214
266
205
189
198
219
222
211
220
201
208
209
210
213
204
221
201
214
209
212
209
208
206
188
211
200
216
199
207
214
241
254
199
220
230
236
213
213
212
195
212
203
212
203
193
229
201
226
236
229
190
208
196
229
225
203
222
219
211
218
218
301
187
198
205
241
209
175
234
213
199
193
206
211
191
203
205
226
201
202
224
224
212
204
189
201
238
245
212
200
201
242
274
220
215
210
246
208
213
188
215
202
205
205
233
221
210
197
206
195
205
196
185
214
228
221
213
237
203
219
217
215
185
167
188
202
201
223
212
185
231
200
228
233
201
202
189
205
201
199
193
185
196
207
219
215
203
201
223
203
199
213
210
194
199
223
199
213
179
189
201
188
189
199
248
192
210
195
201
195
191
204
211
203
196
194
220
284
192
210
187
199
202
203
203
194
214
195
198
202
209
322
195
197
268
189
193
203
208
194
290
199
220
217
192
189
201
236
206
207
189
275
193
195
188
239
190
205
215
181
192
184
196
199
192
201
219
190
197
188
200
204
195
218
188
194
206
206
205
204
194
208
191
197
184
197
214
211
198
204
206
208
201
211
177
193
194
417
196
220
206
173
188
211
191
208
204
199
197
187
201
198
203
202
190
199
197
210
191
190
211
223
204
214
228
201
205
219
190
201
195
200
199
185
191
188
198
189
195
181
199
203
200
177
215
196
182
212
206
206
202
195
215
192
191
218
195
180
194
212
200
208
199
200
199
196
199
201
204
196
190
190
192
212
178
209
203
186
181
165
198
196
196
230
231
204
164
194
187
187
205
173
204
189
206
196
183
203
200
220
178
220
219
212
192
198
195
207
196
191
195
186
206
186
213
179
199
199
180
204
174
221
189
171
209
200
197
194
184
195
199
238
201
195
204
217
213
186
191
211
201
247
203
206
184
204
198
212
181
202
192
194
197
216
192
214
186
193
193
191
168
197
179
188
212
219
184
191
202
160
187
184
180
196
176
176
182
169
204
173
184
196
183
187
183
210
202
193
182
183
170
190
203
212
183
196
208
208
219
189
203
185
201
183
224
192
180
195
228
201
198
198
192
204
177
195
191
192
178
181
227
191
176
195
190
182
187
206
182
171
179
185
192
178
186
222
158
165
202
182
174
194
218
201
160
209
191
209
179
176
182
190
175
203
201
197
184
193
191
210
175
185
182
199
196
195
187
179
218
184
167
205
218
185
174
189
189
190
164
184
185
191
193
197
178
186
182
199
197
198
186
178
197
186
187
194
169
195
191
175
190
176
176
176
188
220
174
197
198
173
188
203
199
172
172
197
201
185
216
186
230
183
153
188
198
181
192
166
193
184
178
179
191
193
188
211
180
188
228
187
172
191
170
189
179
178
164
176
182
179
181
175
185
185
185
188
187
174
194
204
182
188
172
208
192
181
153
172
176
176
188
177
192
186
174
191
186
193
184
190
211
190
181
183
195
180
188
184
158
188
176
199
200
192
189
222
169
164
185
181
180
141
165
175
178
198
172
187
176
182
181
159
177
191
185
192
185
169
175
183
184
181
178
184
166
180
161
163
175
182
146
197
184
194
180
179
185
183
176
200
212
189
187
180
164
164
296
183
189
189
186
191
687
195
181
188
184
186
160
199
189
198
195
182
190
208
179
169
180
239
184
166
225
170
187
172
192
198
173
145
168
159
201
186
208
170
173
178
179
170
167
172
202
178
180
172
176
180
169
186
196
205
174
160
157
176
163
185
191
176
181
173
160
177
184
162
187
168
179
196
191
192
197
230
192
195
183
171
189
165
170
188
174
167
180
163
159
181
175
183
166
192
190
177
172
180
196
160
163
183
174
198
176
170
171
171
190
169
173
154
197
178
180
164
136
179
209
183
166
174
177
199
172
162
161
155
175
164
196
170
149
166
153
168
188
176
166
194
181
165
137
189
161
140
165
170
181
168
186
177
177
194
158
198
172
164
144
168
172
197
162
177
167
192
188
181
185
164
176
159
184
148
162
177
180
171
162
161
167
152
178
163
156
175
182
181
166
174
175
173
157
185
164
147
166
163
200
181
160
164
159
168
177
181
157
166
174
147
156
155
169
177
173
179
177
148
171
165
155
165
168
164
177
159
168
176
186
206
148
160
175
167
181
148
161
154
162
170
219
163
165
154
191
171
164
167
162
175
143
186
146
213
160
195
170
163
174
177
182
153
164
166
155
177
169
162
163
148
151
182
176
165
158
166
147
175
178
152
151
148
153
156
192
151
164
169
190
188
164
186
169
210
181
173
164
164
137
149
175
163
169
151
147
179
159
175
167
160
169
165
160
164
177
165
172
169
151
157
158
165
183
170
163
157
162
174
161
144
176
186
149
151
163
148
193
153
165
147
153
192
166
145
161
145
184
145
170
174
154
148
166
162
182
155
163
165
165
159
157
133
144
187
175
177
205
164
149
155
181
140
160
153
183
144
139
168
170
154
168
166
158
145
171
180
156
144
148
157
149
198
149
163
174
152
158
187
189
163
141
156
181
153
173
168
165
177
153
146
154
139
143
135
241
140
155
138
167
119
206
160
186
146
217
152
164
162
134
138
162
160
174
151
140
159
148
175
136
151
175
168
157
185
160
172
130
164
122
144
143
181
161
193
134
139
149
156
163
162
144
175
139
127
187
162
146
159
150
154
148
170
145
156
143
149
173
127
167
139
235
160
145
167
151
142
189
138
137
148
148
161
146
161
155
152
127
130
167
168
143
134
137
136
142
160
175
136
142
150
156
167
143
145
146
159
153
122
150
181
154
166
151
146
125
152
157
191
146
151
161
173
157
143
132
131
197
139
156
182
156
230
165
141
153
137
165
163
163
162
149
107
134
172
177
151
153
155
175
168
131
130
163
154
152
160
142
202
148
162
151
183
165
146
142
156
148
164
150
164
140
135
149
165
131
127
185
138
151
152
127
137
155
151
171
158
171
140
137
124
153
142
138
146
153
119
146
172
153
123
144
119
138
103
130
165
135
85
140
173
146
162
143
177
136
152
152
148
143
154
138
123
145
171
169
157
164
143
163
145
144
151
163
145
172
147
105
160
135
123
133
143
169
153
147
169
152
154
136
129
136
142
181
148
147
169
125
137
126
143
151
128
160
140
151
161
148
126
144
157
134
108
124
138
140
165
123
225
144
114
146
137
149
134
137
150
91
125
152
122
131
152
82
115
123
138
144
147
139
109
138
132
117
154
141
146
175
176
122
120
131
123
160
157
143
138
129
146
145
153
136
115
129
162
157
154
127
132
117
129
125
106
122
153
77
146
130
124
117
130
112
124
149
114
159
133
132
122
119
145
187
135
136
153
143
128
132
134
142
160
136
157
133
138
164
143
136
127
142
142
155
147
152
145
134
138
131
110
167
143
203
134
145
145
122
148
142
106
129
149
123
128
116
135
150
138
166
146
117
132
142
122
128
155
122
120
146
142
152
123
154
132
126
129
128
122
123
155
121
113
126
85
200
133
98
99
146
165
137
146
111
146
163
85
117
154
74
126
150
124
142
119
141
125
142
166
139
147
124
148
125
116
244
140
110
135
114
100
133
157
104
123
115
118
121
135
96
120
114
107
129
131
116
143
147
149
121
132
147
122
110
136
107
140
125
138
133
150
122
144
143
122
123
129
146
130
140
130
132
112
133
145
131
141
124
137
244
125
147
103
124
122
116
126
126
129
130
128
144
142
127
124
138
141
110
131
123
120
142
114
144
116
144
127
140
134
114
113
141
125
123
122
165
129
86
129
120
106
142
118
118
130
106
114
132
98
108
148
126
117
143
137
133
117
103
129
141
132
114
69
122
119
92
137
121
118
120
88
150
119
154
120
244
108
114
136
104
118
105
131
134
128
123
122
244
128
124
148
169
121
135
116
119
131
147
107
147
110
126
133
140
61
120
121
120
132
139
128
146
140
134
114
148
135
123
128
128
152
118
128
142
161
93
133
152
107
104
110
126
91
155
136
124
134
166
141
141
128
139
135
117
96
138
138
112
156
101
100
121
148
66
144
130
133
117
122
61
115
111
98
124
122
138
122
84
69
120
137
139
98
118
120
112
113
105
92
87
111
99
145
130
133
111
127
120
244
107
137
123
142
135
100
114
129
133
105
147
118
120
112
146
114
244
123
87
111
121
123
118
117
99
99
131
134
244
122
138
113
96
115
122
126
119
174
122
116
106
229
143
116
132
122
70
145
134
135
115
88
125
100
126
99
113
140
113
120
122
150
120
127
244
123
244
124
83
111
118
143
119
153
150
152
118
103
107
112
116
111
118
111
113
147
118
116
124
114
128
128
108
141
111
99
155
128
134
123
109
118
66
112
114
114
120
121
62
127
105
126
244
104
80
116
104
105
116
120
78
132
110
123
121
105
105
118
104
97
124
97
70
101
121
125
115
118
244
137
123
113
133
115
124
137
113
111
85
128
244
100
102
112
107
120
103
112
118
93
124
153
108
98
95
113
244
123
121
244
120
100
124
61
104
97
150
119
115
104
71
142
104
128
80
132
133
128
104
115
129
129
122
101
117
115
71
113
153
244
244
125
94
244
124
162
89
107
108
244
121
244
86
128
94
244
125
92
66
98
116
132
120
120
123
119
244
88
68
124
99
147
123
65
99
234
98
91
73
82
130
108
92
92
128
87
81
244
244
244
106
129
120
110
244
104
116
80
244
103
119
114
104
116
244
244
91
103
105
244
244
91
75
83
77
129
118
120
84
111
95
131
74
72
83
102
105
97
129
244
99
112
120
109
67
244
143
120
74
107
79
109
114
96
71
244
110
103
118
102
244
128
111
104
97
105
85
89
100
122
120
78
244
99
244
113
62
79
103
76
244
61
101
244
79
120
71
122
76
75
123
98
102
89
244
104
244
83
86
82
61
244
244
101
244
137
244
61
244
244
62
103
104
244
244
244
91
131
244
94
96
105
126
101
61
109
89
67
91
90
64
96
76
244
112
148
89
77
107
101
62
102
89
70
244
61
96
83
96
117
91
101
244
244
71
90
106
119
244
119
89
108
81
88
64
244
82
109
109
118
118
111
78
101
112
97
64
244
89
244
244
244
67
93
244
126
94
244
244
116
64
88
85
66
115
244
79
61
90
95
244
85
66
101
101
244
244
244
140
105
102
82
100
116
95
120
116
91
121
244
76
109
98
244
244
83
112
244
244
120
128
244
71
76
68
95
244
244
109
82
244
123
244
244
67
244
97
101
85
117
96
97
244
95
131
244
244
110
244
91
91
98
119
89
244
81
86
65
85
110
244
116
115
66
244
93
105
114
61
84
94
77
86
93
71
89
120
99
103
74
69
66
63
244
244
90
123
71
114
111
61
64
96
244
68
244
74
244
106
244
72
244
75
244
61
244
73
89
244
73
78
117
244
79
106
66
61
100
94
62
244
244
101
103
89
244
61
244
117
95
69
244
244
103
244
244
244
88
70
109
65
100
61
244
86
113
112
244
106
244
99
183
244
244
69
61
244
244
104
244
244
106
97
81
244
244
244
77
89
113
244
63
244
91
244
244
113
244
244
61
61
244
244
90
64
95
244
244
244
70
244
70
66
73
102
87
112
244
156
244
244
63
104
85
62
83
244
65
244
244
101
244
68
244
95
244
81
244
244
118
244
64
61
88
244
244
244
71
76
244
244
80
75
244
244
66
244
74
244
244
64
104
67
100
87
114
244
83
244
62
79
244
78
79
244
244
244
75
244
244
101
244
115
76
244
113
244
244
61
103
244
244
95
116
112
61
67
244
244
244
244
65
244
244
96
112
63
71
244
244
82
121
80
244
69
106
244
73
88
244
125
61
71
66
102
81
88
109
244
95
91
244
86
244
80
244
244
244
115
244
62
244
244
82
244
244
244
244
244
98
89
78
244
244
84
244
61
95
244
244
244
244
87
116
72
86
61
244
244
244
244
244
91
101
244
244
244
80
102
63
120
93
244
63
244
80
244
244
244
244
244
244
129
244
70
244
244
75
69
73
64
244
244
61
80
63
244
110
96
244
85
75
244
244
85
69
112
244
72
61
84
244
62
72
91
244
66
244
244
93
244
244
244
244
98
97
88
244
121
107
244
244
244
107
244
62
244
61
244
244
107
244
105
68
244
244
244
244
103
61
244
86
244
244
244
83
244
90
244
75
98
74
244
244
244
76
244
244
244
76
244
244
111
97
244
244
244
244
244
244
244
244
244
244
69
244
70
64
90
244
244
244
244
61
244
62
244
66
71
244
244
244
64
244
89
96
244
244
244
244
96
244
244
93
244
63
244
244
67
71
80
244
244
244
244
98
78
244
244
62
244
244
244
244
61
244
244
68
244
244
244
244
244
244
244
244
244
65
244
64
97
77
244
244
244
244
244
244
66
244
66
244
61
244
244
244
244
244
244
76
66
244
63
244
244
244
86
61
62
244
99
63
82
244
244
244
244
244
244
244
244
102
244
244
244
244
244
70
244
81
244
244
244
244
244
244
244
92
63
63
244
244
244
75
109
244
244
244
65
244
244
244
112
244
61
244
66
244
244
64
100
244
244
78
107
244
77
244
244
244
244
244
69
71
244
244
244
244
244
96
244
244
244
244
244
244
244
244
244
244
244
99
244
74
91
244
61
244
61
61
244
244
244
244
244
244
244
244
244
244
61
65
244
244
244
244
94
244
244
244
244
244
244
244
244
244
244
244
244
244
70
244
244
244
244
63
244
244
61
244
244
244
244
244
244
70
244
244
244
62
244
244
99
244
69
244
244
71
244
244
244
79
63
244
244
97
244
244
244
244
244
244
244
244
95
244
74
244
244
244
244
244
65
244
244
244
244
244
244
244
244
244
244
244
244
244
244
244
244
244
244
244
244
244
244
244
81
244
244
244
244
244
244
244
244
244
244
244
244
244
244
244
80
244
244
244
244
244
244
244
244
244
90
244
244
69
244
244
244
244
244
244
81
89
61
64
244
244
81
244
244
244
244
244
244
244
244
244
244
244
64
63
244
75
244
244
244
244
244
244
244
244
244
108
244
244
244
244
244
244
244
244
244
244
244
244
244
244
244
244
244
244
244
79
244
244
244
244
244
244
244
244
64
94
244
244
244
244
244
244
244
72
244
244
244
244
244
244
244
244
75
244
244
244
244
244
244
244
244
244
244
244
244
244
82
106
244
244
244
244
244
63
244
244
244
244
244
244
244
244
244
244
244
244
244
244
244
244
61
63
244
244
244
244
85
244
93
61
244
75
244
75
244
244
244
61
244
244
244
244
244
244
244
81
244
244
244
244
244
244
244
244
244
244
244
244
244
244
244
244
244
244
244
81
244
244
62
84
244
244
244
244
244
244
244
244
244
244
244
244
244
244
244
244
244
244
244
65
244
244
244
244
244
244
244
244
244
244
244
244
244
244
244
244
244
244
244
244
244
244
244
294
244
244
244
244
85
244
244
244
244
244
244
244
244
244
244
244
244
244
244
244
244
64
64
244
244
244
244
244
244
244
66
244
244
244
66
244
244
244
244
244
244
244
244
244
97
244
244
244
244
244
244
244
244
244
244
244
244
244
244
244
244
244
244
244
244
244
244
71
78
244
244
244
87
244
244
66
244
244
244
244
244
244
244
244
244
244
244
244
244
244
244
244
63
244
244
244
63
244
244
244
244
244
244
244
244
244
244
244
244
244
244
244
244
244
244
244
244
244
70
244
244
244
244
61
244
244
244
244
244
244
244
84
244
244
244
244
244
61
244
244
244
244
244
244
244
244
64
93
244
74
244
244
244
244
244
244
244
244
244
244
244
244
244
244
244
69
244
244
244
86
244
244
244
244
244
64
68
244
244
244
244
244
244
244
244
244
109
244
244
244
244
244
244
244
244
244
244
244
244
244
244
244
244
244
244
244
244
244
244
244
244
244
244
244
244
244
244
244
244
244
244
244
244
244
244
244
244
244
244
244
244
244
69
244
244
244
244
244
77
244
84
244
244
244
244
244
244
244
244
244
244
244
244
244
244
244
244
244
244
244
244
62
244
244
244
244
244
244
244
244
244
244
244
244
244
244
82
244
244
244
244
244
244
244
244
244
244
61
244
244
244
244
244
244
244
244
67
244
244
244
244
67
244
131
244
244
244
244
244
244
244
244
244
244
244
244
244
244
244
244
244
244
244
244
244
244
244
244
244
244
244
244
244
110
244
244
244
244
244
117
244
244
244
244
244
244
244
244
244
244
244
244
244
244
244
244
244
244
244
244
244
244
244
244
244
244
244
244
244
244
244
244
244
244
244
244
244
244
64
81
244
244
244
244
244
244
244
244
244
244
244
244
244
244
244
244
244
244
244
244
244
244
244
244
244
244
244
244
244
244
244
244
244
244
244
244
244
244
244
244
244
244
244
244
244
244
244
244
244
244
244
244
244
244
244
244
244
244
244
244
244
244
244
244
244
244
244
244
244
244
244
244
244
244
244
244
244
244
244
244
244
244
244
244
244
244
244
244
244
244
244
244
244
244
244
244
244
244
244
244
244
244
244
244
244
244
244
244
244
244
244
244
244
244
244
244
244
244
244
244
244
244
244
244
244
244
244
244
244
244
244
244
244
244
244
244
244
80
244
244
244
244
244
244
244
244
244
244
244
244
244
244
244
244
244
244
244
244
244
244
244
244
244
244
244
244
244
244
244
244
244
244
244
244
244
244
244
244
244
244
244
244
244
244
244
244
65
244
244
244
244
244
244
193
244
244
244
244
244
244
244
244
244
244
244
244
244
244
244
244
244
244
244
244
244
244
244
244
244
244
244
244
244
244
244
244
244
244
244
244
244
244
244
244
244
244
244
244
244
244
244
244
244
244
244
244
244
244
244
244
244
244
244
244
244
244
244
244
244
244
72
244
244
244
244
244
244
244
244
244
244
244
244
244
244
244
244
244
244
244
244
244
244
244
244
244
244
244
244
244
244
244
244
244
244
244
244
244
244
244
244
244
244
244
244
244
244
244
244
244
244
244
244
244
244
244
244
244
244
244
244
244
244
244
244
244
244
244
244
244
244
244
244
244
244
244
244
244
244
244
244
244
244
244
244
244
244
244
244
244
244
244
244
244
244
244
244
244
244
244
244
244
244
244
244
244
244
244
244
244
244
244
244
244
244
244
244
244
244
244
244
244
244
244
244
244
244
244
244
244
244
244
244
90
244
244
244
244
244
244
244
244
244
244
244
244
244
244
244
244
244
244
244
244
244
244
244
244
244
244
244
244
244
244
244
244
244
244
244
244
244
244
244
244
244
244
244
244
244
244
244
244
244
244
244
244
244
244
244
244
244
244
244
244
244
244
244
244
244
244
244
244
244
244
244
244
244
244
244
244
244
244
244
244
244
244
244
244
244
244
244
244
244
244
244
244
244
244
244
244
244
244
244
244
244
244
244
244
244
244
244
244
244
244
244
244
244
244
244
244
244
244
244
244
244
244
244
244
244
244
244
244
244
244
244
244
244
244
244
244
244
244
244
244
244
244
244
244
244
244
244
244
244
244
244
244
244
244
244
244
244
244
244
244
244
244
244
244
244
244
244
244
244
244
244
244
244
244
244
244
244
244
244
244
244
244
244
244
244
244
244
244
244
244
244
244
244
244
244
244
244
244
244
244
244
244
244
244
244
244
122
244
244
244
244
244
244
244
244
244
244
244
244
244
244
244
244
244
244
244
244
244
244
244
244
244
244
244
244
244
244
244
244
244
244
244
244
244
244
244
244
244
244
244
244
244
244
244
244
244
244
244
244
244
244
244
244
244
244
244
244
244
244
244
244
244
244
244
244
244
244
244
244
244
244
244
244
244
244
244
244
244
244
244
244
244
244
244
73
244
244
244
244
244
244
244
244
244
244
244
244
244
244
244
244
244
244
244
244
244
244
244
244
244
244
244
244
244
244
244
244
244
244
244
244
244
244
244
244
244
244
244
244
244
244
244
244
244
244
244
244
244
244
244
244
244
244
244
244
244
244
244
244
244
244
244
244
244
244
244
244
244
244
244
244
244
244
244
244
244
244
244
244
244
244
244
244
244
244
244
244
244
244
244
244
244
244
244
244
244
244
244
244
244
244
244
244
244
244
244
244
244
244
244
244
244
244
244
244
244
244
244
244
244
244
244
244
244
244
244
244
244
244
244
244
244
244
244
244
244
244
244
244
244
244
244
244
244
244
244
244
244
244
244
244
244
244
244
244
244
244
244
244
244
89
244
244
244
244
244
244
244
244
244
244
244
244
244
244
244
244
244
244
244
244
244
244
244
244
244
244
244
244
244
244
244
244
244
244
244
244
244
244
244
244
244
244
244
244
244
244
244
244
124
244
244
244
244
244
244
244
244
244
244
244
244
244
244
244
244
244
244
244
244
244
244
244
244
244
244
244
244
244
244
62
244
244
244
244
244
244
244
244
244
244
244
244
244
244
244
244
244
244
244
244
244
244
244
244
244
244
244
244
244
244
244
244
244
244
244
244
244
244
244
244
244
244
244
244
244
244
244
244
244
244
244
244
244
244
244
244
244
244
244
244
244
244
244
244
244
244
244
244
244
244
244
244
244
244
244
244
244
244
244
244
244
244
244
244
244
244
244
244
244
244
244
244
244
244
244
244
244
244
244
244
244
244
244
244
244
244
244
244
244
74
244
244
244
244
244
244
244
244
244
244
244
244
244
244
244
244
244
244
244
244
244
244
244
244
244
244
244
244
244
244
244
244
244
244
244
244
244
244
244
244
244
244
244
244
244
244
244
244
244
244
244
244
244
244
244
244
244
244
244
244
244
244
244
244
244
244
244
244
244
244
244
244
244
244
244
244
244
244
244
244
244
244
244
244
244
244
244
244
244
244
244
244
244
244
244
244
244
244
244
244
244
244
244
244
244
244
244
244
244
244
244
244
244
244
244
244
244
244
244
244
244
244
244
244
244
244
244
244
244
244
244
244
244
244
244
244
244
244
244
244
244
244
244
244
244
244
244
244
244
244
244
244
244
244
244
244
244
244
244
244
244
244
244
244
244
244
244
244
244
244
244
244
244
244
244
244
244
244
244
244
244
244
244
244
244
244
244
244
244
244
244
244
244
244
244
244
244
244
244
244
244
244
244
244
244
244
244
244
244
244
244
244
244
244
244
244
244
244
244
244
244
244
244
244
244
244
244
244
244
244
244
244
244
244
244
244
244
244
244
244
244
244
244
244
244
244
244
244
244
244
244
244
244
244
244
244
244
244
244
244
244
244
244
244
244
244
244
244
244
244
244
244
244
244
244
244
244
244
244
244
244
244
244
244
244
244
244
244
244
244
244
244
244
244
244
244
244
244
244
244
244
244
244
244
244
244
244
244
244
244
244
244
244
244
244
244
244
244
244
244
244
244
244
244
244
244
244
244
244
244
244
244
244
244
244
244
244
244
244
244
244
244
244
244
244
244
244
244
244
244
244
244
244
244
244
244
244
244
244
244
244
244
244
244
244
244
244
244
244
244
244
244
244
244
244
244
244
244
244
244
244
244
244
244
244
244
244
244
244
244
244
244
244
244
244
244
244
244
244
244
244
244
244
244
244
244
244
244
244
244
244
244
244
244
244
244
244
244
244
244
244
244
244
244
244
244
244
244
244
244
244
244
244
244
244
244
244
244
244
244
244
244
244
244
244
244
244
244
244
244
244
244
244
244
244
244
244
244
244
244
244
244
244
244
244
244
244
244
244
244
244
244
244
244
244
244
244
244
244
244
244
244
244
244
244
244
244
244
244
244
244
244
244
244
244
244
244
244
244
244
244
244
244
244
244
244
244
244
244
244
244
244
244
244
244
244
244
244
244
244
244
244
244
244
244
244
244
244
244
244
244
244
244
244
244
244
244
244
244
244
244
244
244
244
244
244
244
244
244
244
244
244
244
244
244
244
244
244
244
244
244
244
244
244
244
244
244
244
244
244
244
244
244
244
244
244
244
244
244
244
244
244
244
244
244
244
244
244
244
244
244
244
244
244
244
244
244
244
244
244
244
244
244
244
244
244
244
244
244
244
244
244
244
244
244
244
244
244
244
244
244
244
244
244
244
244
244
244
244
244
244
244
244
244
244
244
244
244
244
244
244
244
244
244
244
244
244
244
244
244
244
244
244
244
244
244
244
244
244
244
244
244
244
244
244
244
244
244
244
244
244
244
244
244
244
244
244
244
244
244
244
244
244
244
244
244
244
244
244
244
244
244
244
244
244
244
244
244
244
244
244
244
244
244
244
244
244
244
244
244
244
244
244
244
244
244
244
244
244
244
244
244
244
244
244
244
244
244
244
244
244
244
244
244
244
244
244
244
244
244
244
244
244
244
244
244
244
244
244
244
244
244
244
244
244
244
244
244
244
244
244
244
244
244
244
244
244
244
244
244
244
244
244
244
244
244
244
244
77
244
244
244
244
244
244
244
244
244
244
244
244
244
244
244
244
244
244
244
244
244
244
244
244
244
244
244
244
244
244
244
244
244
244
244
244
244
244
244
244
244
244
244
244
244
244
244
244
244
244
244
244
244
244
244
244
244
244
244
244
244
244
244
244
244
244
244
244
244
244
244
244
244
244
244
244
244
244
244
244
244
244
244
244
244
244
244
244
244
244
244
244
244
244
244
244
244
244
244
244
244
244
244
244
244
244
244
244
244
244
244
244
244
244
244
244
244
244
244
244
244
244
244
244
244
244
244
244
244
244
244
244
244
244
244
244
244
244
244
244
244
244
244
244
244
244
244
244
244
244
244
244
244
244
244
244
244
244
244
244
244
244
244
244
244
244
244
244
244
244
244
244
244
244
244
244
244
244
244
244
244
244
244
244
244
244
244
244
244
244
244
244
244
244
244
244
244
244
244
244
244
244
244
244
244
244
244
244
244
244
244
244
244
244
244
244
244
244
244
244
244
244
244
244
244
244
244
244
244
244
244
244
244
244
244
244
244
244
244
244
244
244
244
244
244
244
244
244
244
244
244
244
244
244
244
244
244
244
244
244
244
244
244
244
244
244
244
244
244
244
244
244
244
244
244
184
244
244
244
244
244
244
244
244
244
244
244
244
244
244
244
244
244
244
244
244
244
244
244
244
244
244
244
244
244
244
244
244
244
244
244
244
244
244
244
244
244
244
244
244
244
244
244
244
244
244
244
244
244
244
244
244
244
244
244
244
244
244
244
244
244
244
244
244
244
244
244
244
244
244
244
244
244
244
244
244
244
244
244
244
244
244
244
244
244
244
244
244
244
244
244
244
244
244
244
244
244
244
244
244
244
244
244
244
244
244
244
244
244
244
244
244
244
244
244
244
244
244
244
244
244
244
244
244
244
244
244
244
244
244
244
244
244
244
244
244
244
244
244
94
244
244
244
244
244
244
244
244
244
244
244
244
244
244
244
244
244
244
244
244
244
244
244
244
244
244
244
244
244
244
244
244
244
244
244
244
244
244
244
244
244
244
244
244
244
244
244
244
244
244
244
244
244
244
244
244
244
244
244
244
244
244
244
244
244
244
244
244
244
244
244
244
244
244
244
244
244
244
244
244
244
244
244
244
244
244
244
244
244
244
244
244
244
244
244
244
244
244
244
244
244
244
244
244
244
244
244
244
244
244
244
244
244
244
244
244
244
244
244
244
244
244
244
244
244
244
244
244
244
244
244
244
244
244
244
244
244
244
244
244
244
244
244
244
244
244
244
244
244
244
244
244
244
244
244
244
244
244
244
244
244
244
244
244
244
244
244
244
244
244
244
244
244
244
244
244
244
244
244
244
244
244
244
244
244
244
244
244
244
244
244
244
244
244
244
244
244
244
244
244
244
244
244
244
244
244
244
244
244
244
244
244
244
244
244
244
244
244
244
244
244
244
244
244
244
244
244
244
244
244
244
244
244
244
244
244
244
244
244
244
244
244
244
244
244
244
244
244
244
244
244
244
244
244
244
244
244
244
244
244
244
244
244
244
244
244
244
244
244
244
244
244
244
244
244
244
244
244
244
244
244
244
244
244
244
244
244
244
244
244
244
244
244
244
244
244
244
244
244
244
244
244
244
244
244
244
244
244
244
244
244
244
244
244
244
244
244
244
244
244
244
244
244
244
244
244
244
244
244
244
244
244
244
244
244
244
244
244
244
244
244
244
244
244
244
244
244
244
244
244
244
244
244
244
244
244
244
244
244
244
244
244
244
244
244
244
244
244
244
244
244
244
244
244
244
244
244
244
244
244
244
244
244
244
244
244
244
244
244
244
244
244
244
244
244
244
244
244
244
244
244
244
244
244
244
244
244
244
244
244
244
244
244
244
244
244
244
244
244
244
244
244
244
244
244
244
244
244
244
244
244
244
244
244
244
244
244
244
244
244
244
244
244
244
244
244
244
244
244
244
244
244
244
244
244
244
244
244
244
244
244
244
244
244
244
244
244
244
244
244
244
244
244
244
244
244
244
244
244
244
244
244
244
244
244
244
244
244
244
244
244
244
244
244
244
244
244
244
244
244
244
244
244
244
244
244
244
244
244
244
244
244
244
244
244
244
244
244
244
244
244
244
244
244
244
244
244
244
244
244
244
244
244
244
244
244
244
244
244
244
244
244
244
244
244
244
244
244
244
244
244
244
244
244
244
244
244
244
244
244
244
244
244
244
244
244
244
244
244
244
244
244
244
244
244
244
244
244
244
244
244
244
244
244
244
244
244
244
244
244
244
244
244
244
244
244
244
244
244
244
244
244
244
244
244
244
244
244
244
244
244
244
244
244
244
244
244
244
244
244
244
244
244
244
244
244
244
244
244
244
244
244
244
244
244
244
244
244
244
244
244
244
244
244
244
244
244
244
244
244
244
244
244
244
244
244
244
244
244
244
244
244
244
244
244
244
244
244
244
244
244
244
244
244
244
244
244
244
244
244
244
244
244
244
244
244
244
244
244
244
244
244
244
244
244
244
244
244
244
244
244
244
244
244
244
244
244
244
244
244
244
244
244
244
244
244
244
244
244
244
244
244
244
244
244
244
244
244
244
244
244
244
244
244
244
244
244
244
244
244
244
244
244
244
244
244
244
244
244
244
244
244
244
244
244
244
244
244
244
244
244
244
244
244
244
244
244
244
244
244
244
244
244
244
244
244
244
244
244
244
244
244
244
244
244
244
244
244
244
244
244
244
244
244
244
244
244
244
244
244
244
244
244
244
244
244
244
244
244
244
244
244
244
244
244
244
244
244
244
244
244
244
244
244
244
244
244
244
244
244
244
244
244
244
244
244
244
244
244
244
244
244
244
244
244
244
244
244
244
244
244
244
244
244
244
244
244
244
244
244
244
244
244
244
244
244
244
244
244
244
244
244
244
244
244
244
244
244
244
244
244
244
244
244
244
244
244
244
244
244
244
244
244
244
244
244
244
244
244
244
244
244
244
244
244
244
244
244
244
244
244
244
244
244
244
244
244
244
244
244
244
244
244
244
244
244
244
244
244
244
244
244
244
244
244
244
244
244
244
244
244
244
244
244
244
244
244
244
244
244
244
244
244
244
244
244
244
244
244
244
244
244
244
244
244
244
244
244
244
244
244
244
244
244
244
244
244
244
244
244
244
244
244
244
244
244
244
244
244
244
244
244
244
244
244
244
244
244
244
244
244
244
244
244
244
244
244
244
244
244
244
244
244
244
244
244
244
244
244
244
244
244
244
244
244
244
244
244
244
244
244
244
244
244
244
244
244
244
244
244
244
244
244
244
244
244
244
244
244
244
244
244
244
244
244
244
244
244
244
244
244
244
244
244
244
244
244
244
244
244
244
244
244
244
244
244
244
244
244
244
244
244
244
244
244
244
244
244
244
244
244
244
244
244
244
244
244
244
244
244
244
244
244
244
244
244
244
244
244
244
244
244
244
244
244
244
244
244
244
244
244
244
244
244
244
244
244
244
244
244
244
244
244
244
244
244
244
244
244
244
244
244
244
244
244
244
244
244
244
244
244
244
244
244
244
244
244
244
244
244
244
244
244
244
244
244
244
244
244
244
244
244
244
244
244
244
244
244
244
244
244
244
244
244
244
244
244
244
244
244
244
244
244
244
244
244
244
244
244
244
244
244
244
244
244
244
244
244
244
244
244
244
244
244
244
244
244
244
244
244
244
244
244
244
244
244
244
244
244
244
244
244
244
244
244
244
244
244
244
244
244
244
244
244
244
244
244
244
244
244
244
244
244
244
244
244
244
244
244
244
244
244
244
244
244
244
244
244
244
244
244
244
244
244
244
244
244
244
244
244
244
244
244
244
244
244
244
244
244
244
244
244
244
244
244
244
244
244
244
244
244
244
244
244
244
244
244
244
244
244
244
244
244
244
244
244
244
244
244
244
244
244
244
244
244
244
244
244
244
244
244
244
244
244
244
244
244
244
244
244
244
244
244
244
244
244
244
244
244
244
244
244
244
244
244
244
244
244
244
244
244
244
244
244
244
244
244
244
244
244
244
244
244
244
244
244
244
244
244
244
244
244
244
244
244
244
244
244
244
244
244
244
244
244
244
244
244
244
244
244
244
244
244
244
244
244
244
244
244
244
244
244
244
244
244
244
244
244
244
244
244
244
244
244
244
244
244
244
244
244
244
244
244
244
244
244
244
244
244
244
244
244
244
244
244
244
244
244
244
244
244
244
244
244
244
244
244
244
244
244
244
244
244
244
244
244
244
244
244
244
244
244
244
244
244
244
244
244
244
244
244
244
244
244
244
244
244
244
244
244
244
244
244
244
244
244
244
244
244
244
244
244
244
244
244
244
244
244
244
244
244
244
244
244
244
244
244
244
244
244
244
244
244
244
244
244
244
244
244
244
244
244
244
244
244
244
244
244
244
244
244
244
244
244
244
244
244
244
244
244
244
244
244
244
244
244
244
244
244
244
244
244
244
244
244
244
244
244
244
244
244
244
244
244
244
244
244
244
244
244
244
244
244
244
244
244
244
244
244
244
244
244
244
244
244
244
244
244
244
244
244
244
244
244
244
244
244
244
244
244
244
244
244
244
244
244
244
244
244
244
244
244
244
244
244
244
244
244
244
244
244
244
244
244
244
244
244
244
244
244
244
244
244
244
244
244
244
244
244
244
244
244
244
244
244
244
244
244
244
244
244
244
244
244
244
244
244
244
244
244
244
244
244
244
244
244
244
244
244
244
244
244
244
244
244
244
244
244
244
244
244
244
244
244
244
244
244
244
244
244
244
244
244
244
244
244
244
244
244
244
244
244
244
244
244
244
244
244
244
244
244
244
244
244
244
244
244
244
244
244
244
244
244
244
244
244
244
244
244
244
244
244
244
244
244
244
244
244
244
244
244
244
244
244
244
244
244
244
244
244
244
244
244
244
244
244
244
244
244
244
244
244
244
244
244
244
244
244
244
244
244
244
244
244
244
244
244
244
244
244
244
244
244
244
244
244
244
244
244
244
244
244
244
244
74
244
244
244
244
244
244
244
244
244
244
244
244
244
244
244
244
244
244
244
244
244
244
244
244
244
244
244
244
244
244
244
244
244
244
244
244
244
244
244
244
244
244
244
244
244
244
244
244
244
244
244
244
244
244
244
244
244
244
244
244
244
244
244
244
244
244
244
244
244
244
244
244
244
244
244
244
244
244
244
244
244
244
244
244
244
244
244
244
244
244
244
244
244
244
244
244
244
244
244
244
244
244
244
244
244
244
244
244
244
244
244
244
244
244
244
244
244
244
244
244
244
244
244
244
244
244
244
244
244
244
244
244
244
244
244
244
244
244
244
244
244
244
244
244
244
244
244
244
244
244
244
244
244
244
244
244
244
244
244
244
244
244
244
244
244
244
244
244
244
244
244
244
244
244
244
244
244
244
244
244
244
244
244
244
244
244
244
244
244
244
244
244
244
244
244
244
244
244
244
244
244
244
244
244
244
244
244
244
244
244
244
244
244
244
244
244
244
244
244
244
244
244
244
244
244
244
244
244
244
244
244
244
244
244
244
244
244
244
244
244
244
244
244
244
244
244
244
244
244
244
244
244
244
244
244
244
244
244
244
244
244
244
244
244
244
244
244
244
244
244
244
244
244
244
244
244
244
244
244
244
244
244
244
244
244
244
244
244
244
244
244
244
244
244
244
244
244
244
244
244
244
244
244
244
244
244
244
244
244
244
244
244
244
244
244
244
244
244
244
244
244
244
244
244
244
244
244
244
244
244
244
244
244
244
244
244
244
244
244
244
244
244
244
244
244
244
244
244
244
244
244
244
244
244
244
244
244
244
244
244
244
244
244
244
244
244
244
244
244
244
244
244
244
244
244
244
244
244
244
244
244
244
244
244
244
244
244
244
244
244
244
244
244
244
244
244
244
244
244
244
244
244
244
244
244
244
244
244
244
244
244
244
244
244
244
244
244
244
244
244
244
244
244
244
244
244
244
244
244
244
244
244
244
244
244
244
244
244
244
244
244
244
244
244
244
244
244
244
244
244
244
244
244
244
244
244
244
244
244
244
244
244
244
244
244
244
244
244
244
244
244
244
244
244
244
244
244
244
244
244
244
244
244
244
244
244
244
244
244
244
244
244
244
244
244
244
244
244
244
244
244
244
244
244
244
244
244
244
244
244
244
244
244
244
244
244
244
244
244
244
244
244
244
244
244
244
244
244
244
244
244
244
244
244
244
244
244
244
244
244
244
244
244
244
244
244
244
244
244
244
244
244
244
244
244
244
244
244
244
244
244
244
244
244
244
244
244
244
244
244
244
244
244
244
244
244
244
244
244
244
244
244
244
244
244
244
244
244
244
244
244
244
244
244
244
244
244
244
244
244
244
244
244
244
244
244
244
244
244
244
244
244
244
244
244
244
244
244
244
244
244
244
244
244
244
244
244
244
244
244
244
244
244
244
244
244
244
244
244
244
244
244
244
244
244
244
244
244
244
244
244
244
244
244
244
244
244
244
244
244
244
244
244
244
244
244
244
244
244
244
244
244
244
244
244
244
244
244
244
244
244
244
244
244
244
244
244
244
244
244
244
244
244
244
244
244
244
244
244
244
244
244
244
244
244
244
244
244
244
244
244
244
244
244
244
244
244
244
244
244
244
244
244
244
244
244
244
244
244
244
244
244
244
244
244
244
244
244
244
244
244
244
244
244
244
244
244
244
244
244
244
244
244
244
244
244
244
244
244
244
244
244
244
244
244
244
244
244
244
244
244
244
244
244
244
244
244
244
244
244
244
244
244
244
244
244
244
244
244
244
244
244
244
244
244
244
244
244
244
244
244
244
244
244
244
244
244
244
244
244
244
244
244
244
244
244
244
244
244
244
244
244
244
244
244
244
244
92
244
244
244
244
244
244
244
244
244
244
244
244
244
244
244
244
244
244
244
244
244
244
244
244
244
244
244
244
244
244
244
244
244
244
244
244
244
244
244
244
244
244
244
244
244
244
244
244
244
244
244
244
244
244
244
244
244
244
244
244
244
244
244
244
244
244
244
244
244
244
244
244
244
244
244
244
244
244
244
244
244
244
244
244
244
244
244
244
244
244
244
244
244
244
244
244
244
244
244
244
244
244
244
244
244
244
244
244
244
244
244
244
244
244
244
244
244
244
244
244
244
244
244
244
244
244
244
244
244
244
244
244
244
244
244
244
244
244
244
244
244
244
244
244
244
244
244
244
244
244
244
244
244
244
244
244
244
244
244
244
244
244
244
244
244
244
244
244
244
244
244
244
244
244
244
244
244
244
244
244
244
244
244
244
244
244
244
244
244
244
244
244
244
244
244
244
244
244
244
244
244
244
244
244
244
244
244
244
244
244
244
244
244
244
244
244
244
244
244
244
244
244
244
244
244
244
244
244
244
244
244
244
244
244
244
244
244
244
244
244
244
244
244
244
244
244
244
244
244
244
244
244
244
244
244
244
244
244
244
244
244
244
244
244
244
244
244
244
244
244
244
244
244
244
244
244
244
244
244
244
244
244
244
244
244
244
244
244
244
244
244
244
244
244
244
244
244
244
244
244
244
244
244
244
244
244
244
244
244
244
244
244
244
244
244
244
244
244
244
244
244
244
244
244
244
244
244
244
244
244
244
244
244
244
244
244
244
244
244
244
244
244
244
244
244
244
244
244
244
244
244
244
244
244
244
244
244
244
244
244
244
244
244
244
244
244
244
244
244
244
244
244
244
244
244
244
244
244
244
244
244
244
244
244
244
244
244
244
244
244
244
244
244
244
244
244
244
244
244
244
244
244
244
244
244
244
244
244
244
244
244
244
244
244
244
244
244
244
244
244
244
244
244
244
244
244
244
244
244
244
244
244
244
244
244
244
244
244
244
244
244
244
244
244
244
244
244
244
244
244
244
244
244
244
244
244
244
244
244
244
244
244
244
244
244
244
244
244
244
244
244
244
244
244
244
244
244
244
244
244
244
244
244
244
244
244
244
244
244
244
244
244
244
244
244
244
244
244
244
244
244
244
244
244
244
244
244
244
244
244
244
244
244
244
244
244
244
244
244
244
244
244
244
244
244
244
244
244
244
244
244
244
244
244
244
244
244
244
244
244
244
244
244
244
244
244
244
244
244
244
244
244
244
244
244
244
244
244
244
244
244
244
244
244
244
244
244
244
244
244
244
244
244
244
244
244
244
244
244
244
244
244
244
244
244
244
244
244
244
244
244
244
244
244
244
244
244
244
244
244
244
244
244
244
244
244
244
244
244
244
244
244
244
244
244
244
244
244
244
244
244
244
244
244
244
244
244
244
244
66
244
244
244
244
244
244
244
244
244
244
244
244
244
244
244
244
244
244
244
244
244
244
244
244
244
244
244
244
244
244
244
244
244
244
244
244
244
244
244
244
244
244
244
244
244
244
244
244
244
244
244
244
244
244
244
244
244
244
244
244
244
244
244
244
244
244
244
244
244
244
244
244
244
244
244
244
244
244
244
244
244
244
244
244
244
244
244
244
244
244
244
244
244
244
244
244
244
244
244
244
244
244
244
244
244
244
244
244
244
244
244
244
244
244
244
244
244
244
244
244
244
244
244
244
244
244
244
244
244
244
244
244
244
244
244
244
244
244
244
244
244
244
244
244
244
244
244
244
244
244
244
244
244
244
244
244
244
244
244
244
244
244
244
191
244
244
244
244
244
244
244
244
244
244
244
244
244
244
244
244
244
244
244
244
244
244
244
244
244
244
244
244
244
244
244
244
244
244
244
244
244
244
244
244
244
244
244
244
244
244
244
244
244
244
244
244
244
244
244
244
244
244
244
244
244
244
244
244
244
244
244
244
244
244
244
244
244
244
244
244
244
244
244
244
244
244
244
244
244
244
244
244
244
244
244
244
244
244
244
244
244
244
244
244
244
244
244
244
244
244
244
244
244
244
244
244
244
244
244
244
244
244
244
244
244
244
244
244
244
244
244
244
244
244
244
244
244
244
244
244
244
244
244
244
244
244
244
244
244
244
244
244
244
244
244
244
244
244
244
244
244
244
244
244
244
244
244
244
244
244
244
244
244
244
244
244
244
244
244
244
244
244
244
244
244
244
244
244
244
244
244
244
244
244
244
244
244
244
244
244
244
244
244
244
244
244
244
244
244
244
244
244
244
244
244
244
244
244
244
244
244
244
244
244
244
244
244
244
244
244
244
244
244
244
244
244
244
244
244
244
244
244
244
244
244
244
244
244
244
244
244
244
244
244
244
244
244
244
244
244
244
244
244
244
244
244
244
244
244
244
244
244
244
244
244
244
244
244
244
244
244
244
244
244
244
244
244
244
244
244
244
244
244
244
244
244
244
244
244
244
244
244
244
244
244
244
244
244
244
244
244
244
244
244
244
244
244
244
244
244
244
244
244
244
244
244
244
244
244
244
244
244
244
244
244
244
244
244
244
244
244
244
244
244
244
244
244
244
244
244
244
244
244
244
244
244
244
244
244
244
244
244
244
244
244
244
244
244
244
244
244
244
244
244
244
244
244
244
244
244
244
244
244
244
244
244
244
244
244
244
244
244
244
244
244
244
244
244
244
244
244
244
244
244
244
244
244
244
244
244
244
244
244
244
244
244
244
244
244
244
244
244
244
244
244
244
244
244
244
244
244
244
244
244
244
244
244
244
244
244
244
244
244
244
244
244
244
244
244
244
244
244
244
244
244
244
244
244
244
244
244
244
244
244
244
244
244
244
244
244
244
244
244
244
244
244
244
244
244
244
244
244
244
244
244
244
244
244
244
244
244
244
244
244
244
244
244
244
244
244
244
244
244
244
244
244
244
244
244
244
244
244
244
244
244
244
244
244
244
244
244
244
244
244
244
244
244
244
244
244
244
244
244
244
244
244
244
244
244
244
244
244
244
244
244
244
244
244
244
244
244
244
244
244
244
244
244
244
244
244
244
244
244
244
244
244
244
244
244
244
244
244
244
244
244
244
244
244
244
244
244
244
244
244
244
244
244
244
244
244
244
244
244
244
244
244
244
244
244
244
244
244
244
244
244
244
244
244
244
244
244
244
244
244
244
244
244
244
244
244
244
244
244
244
244
244
244
244
244
244
244
244
244
244
244
244
244
244
244
244
244
244
244
244
244
244
244
244
244
244
244
244
244
244
244
244
244
244
244
244
244
244
244
244
244
244
244
244
244
244
244
244
244
244
244
244
244
244
244
244
244
244
244
244
244
244
244
244
244
244
244
244
244
244
244
244
244
244
244
244
244
244
244
244
244
244
244
244
244
244
244
244
244
244
244
244
244
244
244
244
244
244
244
244
244
244
244
244
244
244
244
244
244
244
244
244
244
244
244
244
244
244
244
244
244
244
244
244
244
244
244
244
244
244
244
244
244
244
244
244
244
244
244
244
244
244
244
244
244
244
244
244
244
244
244
244
244
244
244
244
244
244
244
244
244
244
244
244
244
244
244
244
244
244
244
244
244
244
244
244
244
244
244
244
244
244
244
244
244
244
244
244
244
244
244
244
244
244
244
244
244
244
244
244
244
244
244
244
244
244
244
244
244
244
244
244
244
244
244
244
244
244
244
244
244
244
244
244
244
244
244
244
244
244
244
244
244
244
244
244
244
244
244
244
244
244
244
244
244
244
244
244
244
244
244
244
244
244
244
244
244
244
244
244
244
244
244
244
244
244
244
244
244
244
244
244
244
244
244
244
244
244
244
244
244
244
244
244
244
244
244
244
244
244
244
244
244
244
244
244
244
244
244
244
244
244
244
244
244
244
244
244
244
244
244
244
244
244
244
244
244
244
244
244
244
244
244
244
244
244
244
244
244
244
244
244
244
244
244
244
244
244
244
244
244
244
244
244
244
244
244
244
244
244
244
244
244
244
244
244
244
244
244
244
244
244
244
244
244
244
244
244
244
244
244
244
244
244
244
244
244
244
244
244
244
244
244
244
244
244
244
244
244
244
244
244
244
244
244
244
244
244
244
244
244
244
244
244
244
244
244
244
244
244
244
244
244
244
244
244
244
244
244
244
244
244
244
244
244
244
244
244
244
244
244
244
244
244
244
244
244
244
244
244
244
244
244
244
244
244
244
244
244
244
244
244
244
244
244
244
244
244
244
244
244
244
244
244
244
244
244
244
244
244
244
244
244
244
244
244
244
244
244
244
244
244
244
244
244
244
244
244
244
244
244
244
244
244
244
244
244
244
244
244
244
244
244
244
244
244
244
244
244
244
244
244
244
244
