391
360
423
432
329
699
436
407
370
457
349
395
376
483
494
481
393
366
438
428
406
349
315
377
401
554
390
331
329
388
374
364
395
365
355
371
324
417
360
362
385
395
446
422
539
424
405
353
397
441
341
290
405
405
345
329
405
359
305
360
429
379
377
360
361
352
341
401
413
422
377
347
309
368
317
348
362
358
316
472
344
419
413
316
354
340
373
380
373
337
356
306
339
1083
500
334
341
347
307
299
340
327
357
305
347
481
293
353
476
323
377
335
342
385
374
342
318
296
304
354
425
326
366
327
322
397
318
311
332
300
308
352
351
316
346
357
357
410
348
289
313
318
281
498
326
334
305
351
284
339
333
317
555
351
389
341
482
303
287
334
341
346
331
280
328
281
368
347
297
368
317
283
360
324
343
312
276
442
333
293
321
312
319
276
327
523
293
310
335
286
505
308
329
421
455
317
309
371
286
303
335
294
467
309
385
288
281
413
310
345
291
305
303
305
296
337
304
330
367
486
411
390
401
302
279
363
319
270
294
320
391
339
311
298
317
267
333
414
337
347
295
288
396
448
301
324
272
306
256
400
495
276
282
350
301
271
309
351
309
279
328
310
292
295
282
319
315
361
278
304
260
305
314
230
304
431
269
296
272
268
290
317
283
302
291
326
446
271
263
335
303
296
279
312
413
285
344
274
288
393
340
275
288
309
313
328
286
286
252
304
428
322
264
271
285
289
315
327
294
318
266
313
404
300
294
306
312
270
281
288
270
251
267
301
284
331
332
299
300
319
344
241
337
254
295
478
307
290
331
254
265
281
295
341
288
295
458
306
279
300
282
295
330
293
289
304
268
325
314
321
293
332
264
289
272
275
284
262
294
302
280
291
261
287
352
281
340
291
347
283
274
296
269
312
291
276
288
257
300
251
294
269
288
305
271
267
296
275
242
267
287
293
240
260
306
271
285
291
256
315
349
361
294
285
302
243
242
344
258
294
327
367
264
238
334
258
301
275
339
359
292
295
269
293
295
270
268
262
274
308
277
243
287
292
272
285
357
355
285
608
338
288
272
263
330
248
282
263
273
341
325
247
293
265
264
287
235
473
272
333
256
303
292
275
255
279
286
282
272
291
348
205
297
270
329
305
274
299
347
337
275
268
303
275
343
283
308
290
268
269
271
254
311
232
295
252
247
321
271
282
261
475
269
262
341
268
282
375
278
231
401
297
254
278
262
269
261
277
240
330
282
312
267
299
369
243
265
267
291
367
270
284
392
307
257
262
294
286
280
259
288
253
344
314
315
254
283
355
256
266
280
271
308
267
322
250
280
325
278
238
248
237
287
336
266
251
284
244
280
297
309
274
323
263
294
276
216
250
245
291
303
236
270
266
263
224
305
262
296
236
281
335
276
362
258
390
282
225
328
271
246
301
330
285
263
306
266
275
298
277
283
202
265
262
289
271
214
222
315
297
255
268
266
235
280
261
241
235
238
244
241
241
230
245
287
221
264
239
257
389
246
270
220
303
236
337
268
259
263
234
256
302
329
294
243
300
495
282
237
271
284
254
255
269
380
274
392
339
245
257
330
234
275
331
261
288
255
238
236
310
253
233
213
271
386
215
243
258
234
273
242
254
442
282
273
221
218
276
288
254
250
241
608
328
266
282
243
251
238
237
253
287
271
230
347
248
296
265
253
245
251
358
324
259
316
237
232
219
262
218
231
227
253
250
240
230
237
232
285
230
249
213
255
231
255
258
267
229
259
388
247
234
234
250
256
232
279
250
224
237
233
280
344
261
251
338
239
217
221
278
251
239
495
259
248
220
307
237
284
228
230
219
254
230
230
314
262
252
310
289
231
250
246
242
252
274
217
287
236
257
251
350
270
238
259
229
239
227
210
263
240
301
281
239
204
253
249
262
203
256
273
236
269
248
253
237
254
268
287
239
262
246
232
232
375
271
241
144
295
220
226
266
230
220
225
304
315
252
257
225
245
214
349
265
273
220
344
341
288
226
232
248
241
278
244
250
271
229
262
226
226
268
242
244
257
228
270
231
275
242
235
274
299
199
240
230
242
244
238
279
259
220
280
238
239
228
199
286
249
253
277
267
321
272
221
312
254
204
240
260
193
202
249
239
243
427
269
263
225
249
236
275
238
186
236
242
244
290
219
253
236
264
272
304
302
342
247
235
243
301
212
248
224
224
247
230
233
275
184
222
259
217
232
309
209
212
226
223
242
263
255
255
223
189
338
224
264
224
244
274
268
271
233
276
210
208
187
236
237
266
264
271
218
242
209
234
245
248
179
228
240
228
227
208
287
260
231
212
215
263
225
255
262
229
279
206
187
223
249
194
209
253
241
272
284
236
227
271
225
190
225
236
217
251
218
284
200
224
263
205
225
248
249
234
221
310
397
211
245
240
196
284
195
200
243
200
114
211
208
347
245
279
239
230
270
195
226
229
228
334
284
194
199
249
251
202
231
226
226
265
225
216
260
224
258
211
209
224
172
264
208
521
244
213
199
254
288
296
193
199
225
187
224
236
223
197
308
176
203
227
194
245
231
176
203
201
210
277
226
257
200
261
209
209
196
186
198
239
212
221
232
310
226
228
215
247
221
191
232
228
222
222
250
209
230
215
243
211
285
227
216
176
221
204
239
210
265
214
249
248
198
211
233
211
213
239
245
341
181
218
208
217
225
200
202
267
234
265
287
291
215
127
185
232
228
248
223
280
278
202
216
223
203
178
197
217
207
174
233
207
219
228
194
249
198
213
241
255
245
259
154
234
232
202
247
246
223
231
155
230
224
181
205
212
209
225
189
260
210
191
231
194
219
181
148
335
253
243
220
188
359
243
209
293
264
255
220
236
213
187
225
189
232
155
213
205
245
198
210
222
290
163
311
268
227
250
194
228
202
265
229
231
333
269
208
178
203
225
222
302
155
221
199
204
196
260
228
235
180
237
196
215
172
242
221
188
210
228
223
208
204
240
213
247
208
222
243
212
200
129
237
225
228
232
400
197
209
174
219
204
190
260
288
219
213
201
257
176
264
184
216
209
225
231
204
188
215
221
220
252
283
244
219
215
233
227
240
172
170
205
249
231
218
169
265
242
427
215
195
263
207
218
156
254
254
163
227
204
188
209
206
197
238
200
247
212
195
207
224
202
198
212
229
209
239
216
202
226
201
196
204
135
197
235
202
185
213
201
261
199
311
171
187
172
173
189
205
228
207
194
171
214
224
192
196
212
211
220
288
172
199
175
235
183
175
240
217
242
257
230
212
242
174
197
163
283
234
225
248
189
208
247
351
194
255
204
217
188
193
209
157
209
191
237
223
351
211
216
195
258
221
193
243
215
221
223
216
211
207
207
218
203
187
239
207
226
183
263
301
231
201
253
227
198
159
171
210
178
133
250
200
170
199
243
199
240
190
212
237
221
224
219
230
140
150
197
207
234
192
206
235
182
201
204
400
216
211
193
214
272
141
201
173
199
208
194
224
211
244
159
231
182
212
196
173
207
221
226
206
147
257
211
150
153
244
192
201
400
400
229
205
197
194
216
143
241
223
224
196
221
245
211
217
172
230
175
184
213
203
169
132
231
152
204
201
155
167
114
209
238
214
240
235
141
240
252
243
221
191
196
173
205
400
215
215
207
215
311
200
231
172
187
107
204
214
218
216
214
109
160
195
208
199
230
218
179
169
229
280
180
215
288
191
230
256
235
209
229
189
202
232
177
279
194
181
201
220
205
182
207
250
168
198
182
203
233
237
174
235
192
195
191
193
194
201
223
164
179
223
228
218
145
204
162
198
214
181
172
223
167
227
258
255
221
152
139
192
191
185
199
197
198
188
118
201
188
205
188
211
177
181
206
167
236
175
197
180
235
207
196
190
197
258
206
143
144
197
161
143
164
188
192
225
181
203
149
400
181
192
130
238
185
175
400
217
250
255
234
212
197
250
194
211
227
213
190
247
214
170
233
183
177
188
208
210
222
120
214
197
186
189
177
229
218
197
270
217
400
190
203
228
213
199
172
197
213
400
227
207
194
202
202
144
185
211
178
150
197
199
193
235
219
215
198
118
214
151
400
258
204
240
264
225
282
176
226
236
200
206
197
199
237
232
158
160
199
173
200
201
180
189
216
194
190
198
400
213
400
205
177
181
144
275
182
187
140
192
286
157
199
265
212
192
193
196
191
179
205
162
226
184
278
194
400
215
192
227
206
207
200
198
206
212
171
172
211
192
165
197
203
193
209
184
140
193
258
262
232
109
154
400
190
147
206
203
185
211
205
229
188
178
207
212
192
164
195
166
196
177
177
234
158
192
192
157
140
257
188
217
168
146
215
136
280
116
400
204
241
222
159
228
109
192
161
217
202
211
183
227
174
209
182
211
162
172
222
220
173
175
197
140
176
165
207
231
197
240
191
196
174
148
102
135
190
251
151
180
168
230
187
208
161
181
169
202
400
175
190
201
210
177
256
212
154
128
131
400
253
210
130
171
119
148
169
172
182
269
400
216
208
161
182
177
190
147
190
197
215
166
145
218
215
199
170
183
137
228
213
226
179
174
179
221
175
239
218
202
203
154
146
122
195
170
400
202
170
193
400
216
215
192
209
169
178
107
178
250
193
252
228
168
188
400
145
191
225
188
226
162
135
189
176
223
151
249
142
152
182
168
185
154
161
188
188
199
106
158
171
165
178
400
137
178
186
182
157
159
221
165
151
175
206
276
213
128
188
171
149
183
400
400
110
192
400
227
400
269
208
168
150
223
159
180
212
400
178
179
101
400
220
197
120
400
210
163
196
115
400
173
181
151
222
175
217
238
175
193
163
187
203
126
156
164
185
231
273
190
163
113
400
400
400
119
187
400
178
198
199
202
191
176
180
124
146
133
199
188
204
179
205
115
400
184
171
158
152
224
174
142
286
194
183
129
111
174
148
181
138
176
128
190
400
186
151
400
400
181
196
209
150
169
148
400
216
199
182
175
227
182
233
400
400
183
229
176
168
117
203
205
207
191
279
152
100
169
186
174
113
188
167
181
152
168
184
190
155
400
164
145
172
177
207
136
194
176
186
153
221
200
214
266
121
400
141
138
223
188
400
242
199
160
275
193
179
194
222
191
172
142
158
211
190
183
196
194
100
149
136
184
138
233
198
151
185
400
226
400
177
123
400
188
204
210
111
224
142
192
120
165
177
400
199
169
147
221
160
144
174
400
207
400
156
104
182
164
400
400
100
131
210
111
172
273
154
192
161
220
400
179
400
117
400
196
172
400
140
251
135
186
172
400
205
155
100
199
188
152
191
115
400
154
125
249
208
231
129
132
202
187
167
224
149
183
150
205
230
110
182
203
146
215
200
137
199
400
108
400
400
103
221
191
400
214
193
136
147
153
133
400
185
400
163
194
163
400
110
158
178
171
218
141
166
132
400
208
172
400
193
100
116
196
182
198
190
138
199
400
222
143
172
129
400
400
126
102
103
188
222
149
104
188
165
400
184
178
130
122
103
194
400
210
162
400
400
211
400
163
179
114
400
176
207
147
400
140
196
232
400
400
194
166
132
400
131
205
140
179
156
202
166
400
139
198
100
143
147
100
168
169
400
153
144
129
181
189
209
400
257
162
149
219
219
190
172
216
197
153
174
149
120
149
198
108
144
164
400
178
400
153
118
159
155
400
139
179
400
174
135
204
400
146
147
159
158
148
187
104
203
170
400
169
167
133
161
400
160
137
400
400
207
143
183
109
204
199
119
138
130
190
192
400
127
171
128
134
134
143
206
232
193
400
161
144
187
195
152
202
176
400
205
153
164
161
101
149
200
400
141
188
400
400
400
124
400
177
400
165
166
153
117
184
400
238
143
188
137
141
190
114
170
148
156
400
400
222
166
400
140
180
156
148
100
400
157
400
115
173
400
400
400
235
164
146
400
102
140
159
400
400
127
119
400
198
400
141
132
187
400
185
220
400
146
400
180
400
141
160
400
213
188
203
156
215
183
240
246
400
191
186
174
188
400
104
177
400
400
186
147
400
139
195
162
112
291
148
146
161
135
400
400
400
102
400
164
206
400
142
400
144
112
159
180
145
135
169
139
114
400
148
179
152
223
191
166
242
183
400
200
400
193
284
100
189
166
196
105
400
400
198
119
400
400
134
400
186
139
195
145
188
172
241
164
121
118
400
134
161
170
105
400
400
400
182
400
153
139
187
179
400
400
176
400
109
104
127
238
400
157
208
400
109
133
400
166
125
400
101
164
146
164
164
400
176
170
133
170
204
124
132
400
148
177
400
150
100
112
180
127
100
193
182
119
158
162
180
400
400
400
400
153
171
158
117
400
212
400
114
400
139
218
194
180
400
400
400
203
400
400
138
400
400
400
103
103
177
400
150
106
230
145
112
400
161
111
183
108
400
400
400
192
217
400
400
148
156
400
400
139
153
130
114
117
159
138
188
169
144
188
206
400
186
400
187
117
180
100
157
175
400
153
196
166
188
400
122
104
125
400
400
400
400
141
167
400
400
194
179
156
182
110
249
125
112
186
145
136
181
400
400
146
182
400
152
400
260
138
160
124
400
146
138
138
400
115
105
400
400
178
194
177
170
400
400
100
400
163
193
193
400
161
400
151
400
400
100
180
197
158
169
400
169
102
400
160
156
147
163
129
400
241
118
252
187
140
157
400
400
108
185
400
400
400
156
400
192
184
115
400
122
101
164
400
130
183
137
103
144
101
218
400
132
188
150
152
126
155
130
163
400
198
155
136
167
400
149
400
157
135
400
400
400
400
400
158
400
228
189
155
400
400
400
106
130
400
400
400
143
400
160
400
400
144
138
135
137
158
183
175
181
400
111
232
105
155
400
119
139
160
121
400
133
180
136
110
400
129
148
137
400
192
187
187
400
163
125
219
100
154
400
220
130
168
400
165
100
170
108
151
400
166
400
152
102
400
104
226
197
400
161
100
400
400
210
164
134
400
130
400
400
400
131
400
154
101
400
179
149
400
148
139
110
199
400
165
400
400
141
400
111
148
185
400
400
142
104
400
400
146
400
400
136
184
400
167
137
196
400
142
400
400
199
400
164
400
400
130
188
184
118
183
100
164
129
141
156
400
132
400
400
147
160
100
400
165
153
178
400
165
400
166
145
187
122
169
400
151
159
170
400
400
149
400
429
112
400
131
400
400
400
400
161
177
129
162
400
100
400
400
191
400
400
128
130
400
102
151
400
400
133
203
165
400
100
146
145
163
148
400
400
400
400
400
167
160
400
400
400
144
148
155
149
400
400
400
101
400
111
131
120
400
215
400
400
169
200
400
400
400
400
126
142
154
400
400
400
400
141
222
400
126
155
400
169
400
400
173
400
400
400
134
400
109
400
158
400
400
400
400
141
116
400
137
400
400
400
400
100
114
157
152
103
158
113
100
400
400
112
115
119
110
245
400
103
191
118
108
127
400
169
400
400
165
400
171
400
172
154
133
400
400
400
146
400
400
400
240
400
192
186
138
179
119
400
114
400
143
168
400
400
400
123
169
108
250
158
400
142
161
400
163
138
103
140
132
136
400
156
100
400
129
400
124
400
400
227
146
134
400
172
400
146
400
400
131
400
140
100
111
186
122
111
400
400
400
400
400
400
400
400
143
134
113
400
400
400
400
123
172
400
400
106
125
400
154
400
400
400
400
153
129
400
100
215
117
165
152
400
104
105
159
191
400
126
400
400
139
400
400
400
400
400
400
124
167
166
166
145
122
144
142
106
400
400
105
400
400
100
400
400
236
400
400
115
400
157
400
400
400
400
119
400
400
400
400
400
400
400
400
400
400
400
400
400
400
150
115
400
400
146
400
400
400
178
400
400
400
101
148
400
119
122
145
400
123
400
158
400
400
103
400
103
400
152
400
400
109
179
400
400
400
400
138
400
400
400
400
176
149
192
400
162
400
400
400
177
103
400
400
127
400
400
143
400
400
147
128
400
400
400
158
153
400
160
102
400
147
400
400
109
111
400
400
400
400
173
400
168
400
400
106
400
400
106
217
400
102
400
400
400
105
113
186
155
150
400
400
400
400
153
400
400
400
107
400
400
400
400
400
175
400
400
149
400
400
400
400
167
400
159
400
196
400
400
400
400
107
400
400
400
400
400
195
400
400
101
100
400
400
400
151
400
400
400
207
400
400
150
203
100
400
400
400
400
400
400
400
400
400
400
400
174
141
103
159
148
163
104
400
400
110
159
202
400
400
144
400
101
138
400
100
105
104
400
159
400
400
400
400
400
132
400
400
128
400
207
400
400
400
115
400
160
400
183
400
400
400
400
144
400
400
400
115
119
400
400
400
400
400
400
400
133
400
103
400
400
400
400
400
146
400
400
400
400
400
103
400
400
400
120
400
138
177
400
400
400
400
400
107
116
189
131
400
167
400
400
126
400
100
400
400
400
400
148
120
400
400
400
101
400
109
107
400
128
400
151
400
400
164
144
400
400
400
400
400
159
400
124
400
400
400
165
106
400
400
400
117
174
400
400
128
141
400
400
400
400
400
400
400
400
400
192
400
118
400
150
400
145
400
400
400
400
400
400
400
139
123
148
136
400
130
189
171
400
157
113
400
400
400
400
400
189
400
138
400
114
400
400
400
400
119
400
100
104
400
400
400
400
400
400
400
400
114
400
104
400
400
400
400
400
400
116
400
142
400
136
400
400
400
400
400
400
400
111
400
400
400
400
104
400
400
400
158
400
400
130
100
100
400
191
118
400
129
103
400
400
400
400
400
400
400
119
400
400
400
172
400
198
400
400
400
400
400
400
170
400
132
400
101
400
400
400
400
400
400
145
123
400
400
400
132
400
400
400
164
400
400
113
400
400
107
400
400
125
400
127
400
147
400
400
400
400
185
400
152
400
400
400
400
400
400
111
400
400
400
400
153
194
154
400
400
400
400
400
400
400
400
101
105
400
400
400
400
400
400
400
400
181
400
400
400
116
400
100
400
400
400
129
400
400
400
400
400
400
400
400
169
400
400
400
400
400
400
272
400
107
400
106
400
400
132
400
101
400
495
104
400
400
400
400
400
101
400
400
400
400
400
400
400
400
400
120
400
400
400
400
129
400
400
174
400
400
117
142
400
400
400
400
400
400
400
400
400
400
117
130
137
186
100
400
100
139
400
159
400
127
207
133
100
104
400
400
100
191
400
400
105
400
400
400
145
114
400
400
400
400
400
400
400
178
400
400
400
400
400
188
400
400
400
400
400
400
154
400
400
400
138
400
400
400
400
400
113
400
135
400
400
400
400
400
400
400
400
400
137
400
400
400
400
400
400
100
400
400
400
400
113
400
400
106
400
400
400
400
400
400
400
107
400
400
400
127
400
400
400
400
400
400
158
400
400
400
400
400
400
400
400
400
400
400
114
400
400
168
400
400
400
149
144
400
400
118
400
400
400
400
155
190
400
400
400
400
400
400
400
400
400
400
114
118
400
400
400
400
400
400
120
400
400
400
400
400
400
400
400
400
400
400
400
400
400
400
400
400
400
400
400
400
400
400
400
400
400
400
400
127
400
400
400
400
400
400
400
170
400
400
400
400
400
400
400
400
400
400
400
400
400
400
400
400
400
100
400
400
400
156
400
400
400
161
400
400
400
102
107
400
400
400
400
400
400
400
400
400
400
400
123
400
400
400
400
400
400
400
400
400
128
400
400
400
400
400
400
113
400
400
400
400
400
400
400
400
400
109
400
400
400
117
110
400
104
400
103
161
400
400
101
400
400
400
400
400
194
400
400
400
400
400
400
113
400
400
400
106
400
400
400
400
400
134
400
400
400
400
400
400
400
400
400
400
400
400
400
442
134
400
400
136
400
400
400
400
202
126
400
142
400
400
400
400
400
400
400
400
178
400
400
400
400
400
400
400
127
400
400
400
400
400
400
400
400
400
400
400
400
400
400
400
115
124
400
400
400
400
400
400
126
400
400
177
400
400
400
400
400
400
130
400
400
400
400
105
400
400
400
400
105
400
400
400
400
115
400
400
400
400
400
400
109
400
400
400
164
400
400
400
400
400
400
400
400
135
400
169
400
400
104
106
400
400
132
400
400
400
400
400
138
114
400
400
400
400
400
400
120
400
400
400
136
400
400
400
400
131
400
400
400
400
400
400
400
400
400
400
400
400
400
400
400
400
400
400
400
108
189
400
400
400
400
400
400
400
400
400
400
400
400
400
400
400
400
400
400
400
400
400
400
126
400
400
102
400
400
400
400
145
400
400
400
400
400
400
400
164
172
400
400
400
400
400
400
233
400
400
400
400
400
400
400
400
400
400
103
400
100
400
400
106
400
400
400
400
400
400
400
400
400
400
400
189
400
144
400
400
400
400
400
400
400
400
400
400
400
400
400
400
167
400
400
112
103
400
400
400
400
400
400
100
100
400
400
400
400
102
118
136
165
400
386
400
400
400
400
400
400
400
400
400
400
400
400
400
400
400
400
400
400
400
400
400
400
400
147
400
400
117
400
400
400
400
400
400
400
400
400
400
133
400
400
400
400
400
400
400
100
400
400
400
400
400
400
400
400
400
400
400
400
400
486
400
400
400
400
400
400
400
128
400
400
400
400
400
400
400
400
400
400
400
145
400
400
400
400
400
400
400
400
400
195
400
400
400
400
400
400
126
102
400
400
400
146
400
400
400
162
100
400
400
400
400
400
400
400
400
400
400
400
400
400
400
400
130
400
400
400
400
400
400
400
400
400
400
188
400
400
400
400
400
400
400
132
400
400
400
400
400
400
400
400
400
400
190
400
400
400
400
400
400
121
400
134
142
400
400
400
400
400
115
400
400
400
400
400
400
400
400
400
141
400
400
400
400
400
400
127
106
400
400
400
400
400
400
400
400
400
400
400
1083
400
400
158
400
400
400
400
400
400
174
400
400
400
400
400
400
400
400
400
400
129
400
400
400
400
400
400
400
400
400
400
400
400
400
400
400
400
400
187
400
400
400
400
400
400
400
400
400
400
400
400
400
400
400
170
400
400
400
400
127
400
400
400
400
100
400
400
400
400
400
400
400
400
400
400
400
400
400
400
400
170
132
400
400
400
400
400
400
128
400
400
400
400
400
400
138
400
400
400
400
400
400
400
400
205
100
155
400
400
147
400
400
400
400
400
400
400
400
158
400
400
400
400
400
400
400
400
400
400
268
400
400
400
400
400
400
400
400
400
106
400
143
400
400
400
100
400
400
400
400
400
400
400
400
400
400
400
400
400
400
400
400
400
400
400
400
400
400
400
400
400
400
400
400
400
400
400
400
400
400
400
400
400
400
400
400
400
400
400
400
400
400
400
400
400
158
179
400
400
400
400
400
400
400
400
400
400
400
400
400
400
400
400
400
400
400
400
400
400
400
400
400
400
400
400
400
400
400
400
400
400
400
400
400
400
400
400
400
400
400
400
400
400
400
400
400
400
185
400
400
400
400
400
400
400
400
400
400
400
200
400
400
400
400
400
400
400
126
400
400
400
400
400
107
400
195
400
400
400
100
375
400
400
400
400
400
400
400
400
112
400
400
400
400
400
400
400
400
400
400
400
400
400
400
400
400
400
400
400
400
400
400
400
400
400
400
109
400
400
400
400
400
400
400
143
400
400
400
400
400
400
400
400
400
400
400
400
400
116
400
400
400
400
400
400
400
400
400
400
400
400
400
400
400
150
400
400
400
400
400
400
400
400
400
400
120
112
400
400
400
400
400
400
400
400
153
400
400
400
400
400
400
400
400
400
400
400
400
400
400
400
400
400
400
400
120
400
114
400
400
400
400
400
400
400
400
400
400
400
400
400
400
400
400
400
400
400
400
400
400
400
400
400
400
400
400
400
400
400
400
400
400
400
400
400
180
400
400
400
400
400
400
400
400
400
400
400
400
400
400
400
400
400
400
400
400
400
400
400
400
400
400
400
400
400
400
400
400
400
400
400
400
400
400
400
400
400
400
400
400
400
144
400
135
400
400
400
400
400
400
400
400
400
400
400
400
400
400
400
400
400
400
400
400
400
400
400
400
400
400
400
400
400
400
101
400
400
400
400
400
400
400
400
400
400
400
400
400
400
400
400
400
400
400
400
400
400
400
400
400
400
400
400
400
400
400
400
400
400
400
400
400
400
400
400
400
400
400
400
148
400
400
400
114
400
400
400
400
400
400
400
400
400
400
132
400
400
400
400
400
400
400
400
400
400
400
400
400
400
400
400
400
400
400
400
400
400
400
183
400
400
400
400
400
400
400
400
400
400
400
400
400
400
400
400
400
400
400
400
100
400
400
400
400
400
400
400
400
400
400
400
400
400
400
400
400
400
400
400
400
400
400
400
400
400
400
400
400
125
400
400
400
400
400
400
400
400
137
400
400
400
400
400
400
400
400
400
400
400
400
400
400
400
400
400
400
400
400
400
400
400
400
400
400
400
400
400
400
400
400
400
400
400
400
400
400
400
400
400
400
400
400
400
400
400
400
400
400
400
400
400
133
400
400
400
400
400
400
400
400
400
400
400
400
400
400
400
400
400
400
400
400
400
400
400
400
400
400
400
400
400
400
400
400
400
400
400
400
400
400
400
400
400
128
103
400
400
400
400
400
113
400
400
400
400
400
105
400
400
400
400
400
400
400
400
400
400
400
400
117
400
400
400
400
400
137
400
400
400
400
400
400
400
400
400
400
400
400
400
400
400
400
400
400
400
400
400
400
400
400
400
150
152
400
400
400
400
400
103
400
400
400
400
400
400
400
400
400
400
400
400
400
400
400
400
400
400
400
400
400
400
400
400
400
400
400
400
400
400
400
400
400
100
400
400
400
400
400
400
400
100
400
400
400
400
400
400
400
400
400
400
400
400
400
400
400
400
400
400
400
400
400
400
400
400
400
400
400
400
400
400
400
400
400
400
400
400
400
400
400
400
400
400
400
400
400
111
400
400
400
400
400
400
400
400
400
400
400
400
400
400
400
400
400
400
133
131
400
400
400
400
400
400
400
400
400
400
400
400
400
400
400
400
400
400
400
400
400
400
400
400
400
400
400
106
400
400
400
400
400
400
400
400
400
400
400
400
400
400
400
400
400
400
400
400
400
400
400
400
400
400
400
400
144
400
400
400
400
400
400
400
400
400
400
400
400
400
400
400
156
400
400
400
400
400
400
400
400
400
400
122
400
400
400
400
400
400
400
400
400
400
400
400
400
400
400
400
400
400
400
400
400
400
400
400
400
400
400
400
400
400
400
400
400
400
148
400
400
400
400
400
400
400
400
400
400
400
400
400
400
400
400
120
400
400
400
400
400
400
400
400
400
400
400
400
400
400
400
400
400
400
400
400
400
400
400
400
400
400
400
400
400
400
400
400
400
400
400
400
400
109
400
400
400
400
400
400
400
400
400
400
400
400
400
400
164
400
400
400
400
400
400
400
400
400
400
400
400
400
400
400
400
400
400
400
400
400
400
400
400
400
400
400
400
400
400
400
400
400
400
400
400
400
400
400
400
400
400
400
400
400
400
400
400
400
400
400
400
400
400
400
400
400
400
400
400
400
400
400
400
157
400
400
400
400
104
110
111
400
400
400
400
400
400
400
400
400
400
400
400
400
400
400
400
400
400
400
400
400
400
400
400
400
400
400
400
400
400
400
400
400
400
400
400
400
400
400
400
400
400
400
400
400
400
400
400
400
400
400
400
400
400
400
400
400
400
400
400
400
400
400
400
400
400
400
400
400
400
400
400
400
400
400
400
400
400
400
400
400
400
400
400
400
400
400
400
400
100
400
400
400
400
400
400
400
400
400
400
400
400
400
400
400
400
400
400
400
400
400
400
400
400
400
400
109
400
400
400
400
400
400
400
400
400
400
400
400
400
400
400
400
400
400
400
400
400
400
107
400
400
400
400
400
400
400
400
400
400
400
400
400
400
400
400
400
400
400
400
400
400
400
400
400
400
400
400
400
400
400
400
400
400
400
400
400
102
400
400
400
400
400
400
400
400
400
400
400
400
400
400
400
400
400
400
400
400
400
400
400
400
400
400
400
400
400
400
400
400
400
400
149
400
400
400
400
400
400
400
105
400
400
400
400
400
400
400
400
400
400
400
400
400
400
400
400
400
400
400
400
400
400
400
400
400
400
400
400
400
400
400
400
400
400
400
400
400
400
400
400
400
400
400
400
400
400
400
400
400
400
400
400
400
400
400
400
400
400
400
400
400
400
400
400
400
400
400
400
400
400
400
400
400
400
400
400
400
400
400
400
400
400
400
400
400
400
400
400
400
400
400
400
400
400
400
400
400
400
400
400
400
400
400
400
400
400
400
121
400
400
400
400
400
400
400
400
400
400
400
400
400
400
400
400
400
400
400
400
400
113
400
400
400
400
400
400
400
400
400
400
221
400
400
400
400
400
400
400
400
400
400
400
400
400
400
400
400
400
400
400
400
400
400
400
400
400
400
400
400
400
400
400
400
400
400
400
400
400
137
400
400
400
400
400
400
400
400
400
400
400
400
400
400
400
400
400
101
400
400
400
400
400
400
400
400
400
400
400
400
400
400
400
400
400
400
400
400
400
400
400
400
400
400
400
400
400
400
400
400
400
400
400
400
136
400
400
400
400
400
400
400
400
400
400
400
400
400
400
400
400
400
400
400
400
400
400
400
164
400
400
400
400
400
400
400
400
400
215
400
400
400
400
400
400
400
400
400
400
400
400
400
400
400
400
400
400
400
400
400
400
400
400
400
400
400
400
400
400
400
400
400
400
400
400
400
400
400
400
400
142
400
400
400
400
400
400
400
400
400
400
400
400
400
400
400
400
400
400
400
400
400
400
400
400
400
100
400
400
400
400
400
400
400
400
400
400
400
400
400
400
400
400
400
400
400
400
400
400
400
400
400
400
400
400
400
400
400
400
400
400
400
400
400
104
400
400
400
400
400
400
400
400
400
400
400
400
400
400
400
400
400
400
400
400
400
400
400
400
400
400
400
400
400
400
400
400
400
400
400
400
400
400
400
400
400
400
400
400
400
400
400
400
400
400
400
400
400
400
400
400
400
400
400
400
400
400
400
400
400
400
400
400
400
400
400
400
140
400
400
400
400
400
142
400
400
400
400
400
400
400
400
400
400
400
400
400
400
400
400
400
400
400
400
400
400
400
400
400
400
400
400
400
400
400
400
400
400
400
400
400
400
400
400
400
400
400
400
400
400
400
400
400
400
400
400
400
400
107
400
400
400
400
400
400
400
400
400
400
400
400
400
400
400
400
400
400
400
400
400
400
400
400
400
400
400
400
400
400
400
400
400
400
400
400
400
400
400
400
400
400
400
400
400
400
113
400
400
400
400
400
400
400
400
400
400
400
400
400
400
400
400
400
400
400
400
400
400
400
400
400
400
400
400
400
127
400
400
400
400
400
400
400
400
400
400
400
400
400
400
400
400
400
400
400
400
400
400
400
400
400
400
400
400
400
400
400
400
400
400
400
400
400
400
400
400
400
400
400
400
400
400
400
400
400
400
237
400
400
400
400
400
400
400
400
400
400
400
400
400
400
400
400
400
400
400
400
400
400
400
400
400
400
400
400
400
400
400
400
400
400
400
400
400
400
400
400
400
400
400
400
400
400
400
400
400
400
400
400
400
400
400
400
400
400
400
400
400
400
400
400
100
400
400
400
400
400
400
400
400
400
400
400
400
400
400
400
400
110
400
400
400
400
400
400
400
400
400
400
400
400
400
400
400
400
400
400
400
400
400
400
400
400
400
400
400
400
400
400
400
400
400
400
400
400
109
400
400
400
400
400
400
400
400
400
400
400
400
400
400
400
400
400
400
400
400
400
400
400
400
400
400
400
400
400
400
400
400
400
400
400
400
400
400
400
400
400
400
400
400
400
400
400
400
400
400
400
400
400
400
400
400
400
400
400
400
400
400
400
400
400
400
400
400
400
400
400
400
400
400
400
400
400
400
400
400
400
400
400
400
400
400
400
400
400
400
400
400
400
400
400
400
400
400
400
400
400
400
400
400
400
400
400
400
400
400
400
400
400
400
400
400
400
400
400
400
400
400
400
400
400
400
400
400
400
400
400
400
400
400
400
400
400
400
400
400
400
400
400
400
400
400
400
400
400
107
400
400
400
400
400
400
400
400
400
400
400
400
400
400
400
400
400
400
400
400
400
400
400
400
400
400
400
400
400
400
400
400
400
400
400
400
400
400
400
400
400
400
400
400
400
400
400
109
400
400
400
400
400
400
400
400
400
400
400
400
400
400
400
400
400
400
400
400
400
400
400
400
400
400
400
400
400
400
400
400
400
400
400
400
400
400
400
400
400
400
400
400
400
400
400
400
400
400
400
400
400
400
400
400
400
400
400
400
400
400
400
400
400
400
400
400
400
400
400
400
400
400
400
400
400
400
400
400
400
400
400
400
400
400
400
400
400
400
400
400
400
400
400
400
400
400
400
400
400
400
400
400
400
400
400
400
400
400
400
400
400
400
400
400
400
400
400
400
400
400
400
400
400
400
400
400
400
400
400
400
400
400
400
400
400
400
400
400
400
400
400
400
400
400
400
400
400
400
400
400
400
400
400
400
400
400
400
400
400
400
400
400
400
400
400
400
400
400
400
400
400
400
400
400
400
400
400
400
400
400
400
400
400
400
400
400
400
400
400
400
400
400
400
400
400
400
400
400
400
400
400
400
400
400
400
400
400
400
400
400
400
120
400
400
400
400
400
400
400
400
400
400
400
400
400
400
400
400
400
400
400
400
400
400
400
400
400
400
400
400
400
400
400
400
400
400
400
400
400
400
400
400
400
400
400
400
400
400
400
400
106
400
400
400
400
400
400
400
400
400
400
400
400
400
400
400
400
126
400
400
400
400
400
400
400
400
400
400
400
400
400
400
400
400
400
400
400
400
400
400
400
400
400
400
400
400
400
400
400
400
400
400
400
400
400
400
400
400
400
400
400
400
400
400
400
400
400
400
400
400
400
400
400
400
400
400
400
400
400
400
400
400
400
400
400
400
400
400
400
400
400
400
400
400
400
400
400
400
400
400
400
400
400
400
400
400
400
400
400
400
400
400
400
400
400
400
400
400
400
400
400
400
400
400
400
400
400
400
400
400
400
400
400
400
400
400
400
400
400
400
400
400
400
400
400
400
400
400
400
400
400
400
400
400
400
400
400
400
400
400
400
400
400
400
400
400
400
400
400
400
400
400
400
400
400
400
400
400
400
400
400
400
400
400
400
400
400
400
400
400
400
400
400
400
400
400
400
400
400
400
400
400
400
400
400
400
400
400
400
400
400
400
400
400
400
400
400
400
400
400
400
400
400
400
400
400
400
400
400
400
400
400
400
400
400
400
400
400
400
400
400
400
400
400
400
400
400
400
400
400
400
400
400
400
400
400
400
400
400
400
400
400
400
400
400
400
400
400
400
400
400
400
400
400
400
400
400
400
400
400
400
400
400
400
400
400
400
400
400
126
400
400
400
400
400
400
400
400
400
400
400
400
400
400
400
400
400
400
400
400
400
400
400
400
400
400
400
400
400
400
400
400
400
400
400
400
400
400
400
400
400
400
400
400
400
400
400
400
400
400
400
400
400
400
400
400
400
400
400
400
400
400
400
400
400
400
400
400
400
400
400
400
400
400
400
400
400
400
400
400
400
400
400
400
400
400
400
400
400
400
400
400
400
400
400
400
400
400
400
400
400
400
400
400
400
400
400
400
400
400
400
400
400
400
400
400
400
400
400
400
400
400
400
400
400
400
400
400
400
400
400
400
400
400
400
400
400
400
400
400
400
400
400
400
400
400
400
400
400
400
400
400
400
400
400
400
400
400
400
400
400
400
400
400
400
400
400
400
400
400
400
400
400
400
400
400
400
400
400
400
400
400
400
400
400
400
400
400
400
400
400
400
400
400
400
400
400
400
400
400
400
400
400
400
400
400
400
400
400
400
400
400
404
400
104
400
400
400
400
400
400
400
400
400
400
400
400
400
400
400
400
400
400
400
400
400
400
400
400
400
400
400
400
400
400
400
400
400
400
400
400
400
400
400
400
400
400
400
400
400
400
400
400
400
400
400
400
400
400
400
400
400
400
400
400
400
400
400
400
400
400
400
400
400
400
400
400
400
400
400
400
400
400
400
400
400
400
400
400
400
400
400
400
400
400
400
400
400
400
400
400
400
400
400
400
400
400
400
400
400
400
400
400
400
400
400
400
400
400
400
400
400
400
400
400
400
400
400
400
400
400
400
400
400
400
400
400
400
400
400
400
400
400
400
400
400
400
400
400
400
400
400
400
400
400
400
400
400
400
400
400
400
400
400
400
400
400
400
400
400
400
400
400
400
400
400
400
400
400
400
400
400
400
400
400
400
400
400
400
400
400
400
400
400
400
400
400
400
400
400
400
400
400
400
400
400
400
400
400
400
400
400
400
400
400
400
400
400
400
400
400
400
400
400
400
400
400
400
400
400
400
400
400
400
400
400
400
400
400
400
400
400
400
400
400
400
400
400
400
400
400
400
400
400
400
400
400
400
400
400
400
400
400
400
400
400
400
400
400
400
400
400
400
400
400
400
400
400
400
400
400
400
400
400
114
400
400
400
400
400
400
400
400
400
400
400
400
139
400
400
400
145
400
400
400
400
117
400
400
400
400
400
400
400
400
400
400
400
400
400
400
400
400
400
400
400
400
400
400
400
400
400
400
400
400
400
400
400
400
400
400
400
400
400
400
400
400
400
400
400
400
400
400
400
400
400
400
400
400
400
400
400
400
400
400
400
400
400
400
400
400
400
400
400
400
400
400
400
400
400
400
400
400
400
400
400
400
400
400
400
400
400
400
400
400
400
400
400
400
400
400
400
400
400
400
400
400
400
400
400
400
400
400
400
400
400
400
400
400
400
400
400
400
400
400
400
400
400
400
400
400
400
400
400
400
400
400
400
400
400
100
400
400
400
400
400
400
400
400
400
400
400
400
400
400
400
400
400
400
400
400
400
400
400
400
400
400
400
400
400
400
400
400
400
400
400
400
400
400
400
400
400
400
400
400
400
400
400
400
400
400
400
400
400
400
400
400
400
400
400
400
400
400
400
400
400
400
400
400
400
400
400
400
400
400
400
400
400
400
400
400
400
400
400
400
400
400
400
400
400
400
400
400
400
400
400
400
400
400
400
400
400
400
400
400
400
400
400
400
400
400
400
400
400
400
400
400
400
400
400
400
400
400
400
400
400
400
400
400
400
400
400
400
400
400
400
400
400
400
400
400
400
400
400
400
400
400
400
400
400
400
400
400
400
400
400
400
400
400
400
400
400
400
473
400
400
400
400
400
400
400
400
400
400
400
400
400
400
400
400
400
400
400
400
400
400
400
400
400
400
400
400
400
400
400
400
400
400
400
400
400
400
400
400
400
400
400
400
400
400
400
400
400
400
400
400
400
400
400
400
400
400
400
400
400
400
400
400
400
400
400
400
400
400
400
400
400
400
400
400
400
400
400
400
400
400
400
400
400
400
400
400
400
400
400
400
400
400
400
400
400
400
400
400
400
400
400
400
400
400
400
400
400
400
400
400
400
400
400
400
400
400
400
400
400
400
400
400
400
400
400
400
400
400
400
400
400
400
400
400
400
400
400
400
400
400
400
400
400
400
400
400
400
400
400
400
400
400
400
400
400
400
400
400
400
400
400
400
400
400
400
400
400
400
400
400
400
400
400
400
400
400
400
400
400
400
400
400
400
400
400
400
400
400
400
400
400
400
400
400
400
400
400
400
400
400
400
400
400
400
400
400
400
400
400
400
400
400
400
400
400
400
400
400
400
400
400
400
400
400
400
400
400
400
400
400
400
400
400
400
400
400
400
400
400
400
400
400
400
400
175
400
400
400
400
400
400
400
400
400
400
400
400
400
400
400
400
400
400
400
400
400
400
400
400
400
400
400
400
400
400
400
400
400
400
400
400
400
400
400
400
400
400
400
400
400
400
400
400
400
400
400
400
400
400
400
400
400
400
400
400
400
400
400
400
400
400
400
400
400
400
400
400
400
400
400
400
400
400
400
400
400
400
400
400
400
400
400
400
400
400
400
400
400
400
400
400
400
400
400
400
400
400
400
400
400
400
400
400
400
400
400
400
400
400
400
400
400
400
400
400
400
400
400
400
400
400
400
400
400
400
400
400
400
400
400
400
400
400
400
400
400
400
400
400
400
400
400
400
400
400
400
400
400
400
400
400
400
400
400
400
400
400
400
400
400
400
400
400
400
400
400
400
400
400
400
400
400
400
109
400
400
400
400
400
400
400
400
400
400
400
400
400
400
400
400
400
400
400
139
400
400
400
400
400
400
400
400
400
400
400
400
400
400
400
400
400
400
400
400
400
400
400
400
400
400
400
400
400
400
400
400
400
400
400
400
400
400
400
400
400
400
400
400
400
400
400
400
400
400
400
400
400
400
400
400
400
400
400
400
400
400
118
400
400
400
400
400
400
400
400
400
400
400
400
400
400
400
400
400
400
400
400
400
400
400
400
400
400
400
400
400
400
400
400
400
400
400
400
400
400
400
400
400
400
400
400
400
400
400
400
400
400
400
400
400
400
400
400
101
400
400
400
400
400
400
400
400
400
400
400
400
400
400
400
400
400
400
400
400
400
400
400
400
400
400
400
400
400
400
400
400
400
400
400
400
400
400
400
400
400
400
400
400
400
400
400
400
400
400
400
400
400
400
400
400
400
400
400
400
400
400
400
400
400
400
400
400
400
400
400
400
400
400
400
400
400
400
400
400
400
400
400
400
400
400
400
400
400
400
400
400
400
400
400
400
400
400
400
400
400
400
400
400
400
400
400
400
400
400
400
400
400
400
400
400
400
400
400
400
400
400
400
400
400
400
400
400
400
400
400
400
400
400
400
400
400
400
400
400
400
400
400
400
400
400
400
400
400
400
400
400
400
400
400
400
400
400
400
400
400
400
400
400
400
400
400
400
400
400
400
400
400
400
400
400
400
400
400
400
400
400
400
400
400
400
400
400
400
400
400
400
400
400
400
400
400
400
400
400
400
400
400
400
400
400
400
400
400
400
400
400
400
400
400
400
400
400
400
400
400
400
400
400
400
400
400
400
400
400
400
400
400
400
400
400
400
400
400
400
400
400
400
400
400
400
400
400
400
400
400
400
400
400
400
400
400
400
400
400
400
400
400
400
400
400
400
400
400
400
400
400
400
400
400
400
400
400
400
400
400
400
400
400
400
400
400
400
400
400
400
400
400
400
400
400
400
400
400
400
400
400
400
400
400
400
400
400
400
400
400
400
400
400
400
400
400
400
400
400
400
400
400
400
400
400
400
400
400
400
400
400
400
400
400
400
400
400
400
400
400
400
400
400
400
400
400
400
400
400
400
400
400
400
400
400
400
400
400
400
400
400
400
400
400
400
400
400
400
400
400
400
400
400
400
400
400
400
400
400
400
400
400
400
400
400
400
400
400
400
400
400
400
400
400
400
400
400
400
400
400
400
400
400
400
400
400
400
400
400
400
400
400
400
400
400
400
400
400
400
400
400
400
400
400
400
400
400
400
400
400
400
400
400
400
400
400
400
400
400
400
400
400
400
400
400
400
400
400
400
400
400
400
400
400
400
400
400
400
400
400
400
400
400
400
400
400
400
400
400
400
400
400
400
400
400
400
400
400
400
400
400
400
400
400
400
400
400
400
400
400
400
400
400
400
400
400
400
400
400
400
400
400
400
400
400
400
400
400
400
400
400
400
400
400
400
400
400
400
400
400
400
400
400
400
400
400
400
400
400
400
400
400
400
400
400
400
400
400
400
400
400
400
400
400
400
400
400
400
400
400
400
400
400
400
400
400
400
400
400
400
400
400
400
400
400
400
400
400
400
400
400
400
400
400
400
400
400
400
400
400
400
400
400
400
400
400
400
400
400
400
400
400
400
400
400
400
400
400
400
400
400
400
400
400
400
400
400
400
400
400
400
400
400
400
400
400
400
400
400
400
400
400
400
400
400
400
400
400
400
400
400
400
400
400
400
400
400
400
400
400
400
400
400
400
400
400
400
400
400
400
400
400
400
400
400
400
400
400
400
400
400
400
400
400
400
400
400
400
400
400
400
400
400
400
400
400
400
400
400
400
400
400
400
400
400
400
400
400
400
400
400
400
400
400
400
400
400
400
400
400
400
400
400
400
400
400
400
400
400
400
400
400
400
400
400
400
400
400
400
400
400
400
400
400
400
400
400
400
400
400
400
400
400
400
400
400
400
400
400
400
400
400
400
400
400
400
400
400
400
400
400
400
400
400
400
400
400
400
400
400
400
400
400
400
400
400
400
400
400
400
400
400
400
400
400
400
400
400
400
400
400
400
400
400
400
400
133
400
400
400
400
400
400
400
400
400
400
400
400
400
400
400
400
400
400
400
400
400
400
400
400
400
400
400
400
400
400
400
400
400
400
400
400
400
400
400
400
400
400
400
400
400
400
400
400
400
400
400
400
400
400
400
400
400
400
400
400
400
400
400
400
400
400
400
400
400
400
400
400
144
400
400
400
400
400
400
400
400
400
400
400
400
400
400
400
400
400
400
400
400
400
400
400
400
400
400
400
400
400
400
400
400
400
400
400
400
400
400
400
400
400
400
400
400
400
400
400
400
400
400
400
400
400
400
400
400
400
400
400
400
400
400
400
400
400
400
400
400
400
400
400
400
400
400
400
400
400
400
400
400
400
400
400
400
400
400
400
400
400
400
400
400
400
400
400
400
400
400
400
400
400
400
400
400
400
400
400
400
400
400
400
400
400
400
400
400
400
400
400
400
400
400
400
400
400
400
400
400
400
400
400
400
400
400
400
400
400
400
400
400
400
400
400
400
400
400
400
400
400
400
400
400
400
400
400
400
400
400
400
400
400
400
400
400
400
400
400
400
400
400
400
400
400
400
400
400
400
400
400
400
400
400
400
400
400
400
400
400
400
400
400
400
400
400
400
400
400
400
400
400
400
400
400
400
400
400
400
400
400
400
400
400
400
400
400
400
400
400
400
400
400
400
400
400
400
400
400
400
400
400
400
400
400
400
400
178
400
400
400
400
400
400
400
400
400
400
400
400
400
400
400
400
400
400
400
400
400
400
400
400
400
400
400
400
400
400
400
400
400
400
400
400
400
400
400
400
400
400
400
400
400
400
400
400
400
400
400
400
400
400
400
400
400
400
400
400
400
400
400
400
400
400
400
400
400
400
400
400
400
400
400
400
400
400
400
400
400
400
400
400
400
400
400
400
400
400
400
400
400
400
400
400
400
400
400
400
400
400
400
400
400
400
400
400
400
400
400
400
400
400
400
400
400
400
400
400
400
400
400
400
400
400
400
400
400
400
400
400
400
400
400
400
400
400
400
400
400
400
400
400
400
400
400
400
400
400
400
400
400
400
400
400
400
400
400
400
400
400
400
400
400
400
400
400
400
400
400
400
400
400
400
400
400
400
400
400
400
400
400
400
400
400
400
400
400
400
400
400
400
400
400
400
400
400
400
400
400
400
400
400
400
400
400
400
400
400
400
400
400
400
400
400
400
400
400
400
400
400
400
400
400
400
400
400
400
400
400
400
400
400
400
400
400
400
400
400
400
400
400
400
400
400
400
400
400
400
400
400
400
400
400
400
400
400
400
400
400
400
400
400
400
400
400
400
400
400
400
400
400
400
400
400
400
400
400
400
400
400
400
400
400
400
400
400
400
400
400
400
400
400
400
400
400
400
400
400
400
400
400
400
400
400
400
400
400
400
400
102
400
400
400
400
400
400
400
400
400
400
400
400
400
400
400
400
400
400
400
400
400
400
400
400
400
400
400
400
400
400
400
400
400
400
400
400
400
400
400
400
400
400
400
400
400
400
400
400
400
400
400
400
400
400
400
400
400
400
400
400
400
400
400
400
400
400
400
400
400
400
400
400
400
400
400
400
400
400
400
400
400
400
400
400
400
400
400
400
400
400
400
400
400
400
400
400
400
131
400
400
400
400
400
400
400
400
400
400
400
400
400
400
400
400
400
400
400
400
400
400
400
400
400
400
400
400
400
400
400
400
400
400
400
400
400
400
400
400
400
400
400
400
400
400
400
400
400
400
400
400
400
400
400
400
400
400
400
400
400
400
400
400
400
400
400
400
400
400
400
400
400
400
400
400
400
400
400
400
400
400
400
400
400
400
400
400
400
400
400
400
400
400
400
400
400
400
400
400
400
400
400
400
400
400
400
400
110
400
400
400
400
400
400
400
400
400
400
400
400
400
400
400
400
400
400
400
400
400
400
400
400
400
400
400
400
400
400
400
400
400
400
400
400
400
400
400
400
400
400
400
400
400
400
400
400
400
400
400
400
400
400
400
400
400
400
400
400
400
400
400
400
400
400
400
400
400
400
400
178
400
400
400
400
400
400
400
400
400
400
400
400
400
400
400
400
400
400
400
400
400
400
400
400
400
400
400
400
400
400
400
400
400
400
400
400
400
400
400
400
400
400
400
400
400
400
400
400
400
400
400
400
400
400
400
400
400
400
400
400
400
400
400
400
400
400
400
400
400
400
400
400
400
400
400
400
400
400
400
400
400
400
400
400
400
400
400
400
400
400
400
400
400
400
400
400
400
400
400
400
400
400
400
400
400
400
400
400
400
400
400
400
400
400
400
400
400
400
400
400
400
400
400
400
400
400
400
400
400
400
400
400
400
400
400
400
400
400
400
400
400
400
400
400
400
400
400
400
400
400
400
400
400
400
400
400
400
400
400
400
400
400
400
400
400
400
400
400
400
400
400
400
400
400
400
400
400
400
400
400
400
400
400
400
400
400
400
400
400
400
400
400
400
400
400
400
400
400
400
400
400
400
400
400
400
400
400
400
400
400
400
400
400
400
400
400
400
400
400
400
400
400
400
400
400
400
400
400
400
400
400
400
400
400
400
400
400
400
400
400
400
400
400
400
400
400
400
400
400
400
400
400
400
400
400
400
400
400
400
400
400
400
400
400
400
400
400
400
400
400
400
400
400
400
400
400
400
400
400
400
400
400
400
400
400
400
400
400
400
400
400
400
400
400
400
400
400
400
400
400
400
400
400
400
400
400
400
400
400
400
400
400
400
400
400
400
400
400
400
400
400
400
400
400
400
400
400
400
400
400
400
400
400
400
400
400
400
400
400
400
400
400
400
400
400
400
400
400
400
400
400
400
400
400
400
400
400
400
400
400
400
400
400
400
400
400
400
400
400
400
400
400
400
400
400
400
400
400
400
400
400
400
400
400
400
400
400
400
400
400
400
400
400
400
400
400
400
400
400
400
400
400
400
400
400
400
400
400
400
400
400
400
400
400
400
400
400
400
400
400
400
400
400
400
400
400
400
400
400
400
400
400
400
400
400
400
400
400
400
400
400
400
400
400
400
400
400
400
400
400
400
400
400
400
400
400
400
400
400
400
400
400
400
400
400
400
400
400
400
400
400
400
400
400
553
400
400
400
400
400
400
400
400
400
400
400
400
400
400
400
400
198
400
400
400
400
400
400
400
400
400
400
400
400
400
400
400
400
400
400
400
400
400
400
400
400
400
400
400
400
400
400
400
400
400
400
400
400
400
400
400
400
400
400
400
400
400
400
400
400
400
400
400
400
400
400
400
400
400
400
400
400
400
400
400
400
400
400
400
400
400
400
400
400
400
400
400
400
400
400
400
400
400
400
400
400
400
400
400
400
400
400
400
400
400
400
400
400
400
400
400
400
400
400
400
400
400
400
400
400
400
400
400
400
400
400
400
400
400
400
400
400
100
400
400
400
400
400
400
400
400
400
400
400
400
400
400
400
400
400
400
400
400
400
400
400
400
400
400
400
400
400
400
400
400
400
400
400
400
400
400
400
400
400
400
400
400
400
400
400
400
400
400
400
400
400
400
400
400
400
400
400
400
400
400
400
400
400
400
400
400
400
400
400
400
400
400
400
400
400
400
400
400
400
400
400
400
400
400
400
400
400
400
400
400
400
400
400
400
400
400
400
400
400
400
400
400
400
400
400
400
400
400
400
400
400
400
400
400
400
400
400
400
400
400
400
400
400
400
400
400
400
400
400
400
400
400
400
400
400
400
400
400
400
400
400
400
400
400
400
400
400
400
400
400
400
400
400
400
400
400
400
400
400
400
400
400
400
400
400
400
400
400
400
400
400
400
400
400
400
400
400
400
400
400
400
400
400
400
400
400
400
400
400
400
400
400
400
400
400
400
400
400
400
400
400
400
400
129
400
400
400
400
400
400
400
400
400
400
400
400
400
400
400
400
400
400
400
400
400
400
400
400
400
400
400
400
400
400
400
400
400
400
400
400
400
400
400
400
400
400
400
400
400
400
400
400
400
400
400
400
400
400
400
400
400
400
400
400
400
400
400
400
400
400
400
400
400
400
400
400
400
400
400
400
400
400
400
400
400
400
400
400
400
400
400
400
400
400
400
400
400
400
400
400
400
400
400
400
400
400
400
400
400
400
400
400
400
400
400
400
400
400
400
400
400
400
400
400
400
400
400
400
400
400
400
400
400
400
400
400
400
400
400
400
400
400
400
400
400
400
400
400
400
400
400
400
400
400
400
400
400
400
400
400
400
400
400
400
400
400
400
400
400
400
400
400
400
400
400
400
400
400
400
400
400
400
400
400
400
400
400
400
400
400
400
400
400
400
400
400
400
400
400
101
400
400
400
400
400
400
400
400
400
400
400
400
400
400
400
400
400
400
400
400
400
400
400
400
400
400
400
400
400
400
400
400
400
400
400
400
400
400
400
400
400
400
400
400
400
400
400
400
400
400
400
400
400
400
400
400
400
400
400
400
400
400
400
400
400
400
400
400
400
400
400
400
400
400
400
400
400
400
400
400
400
400
400
400
400
400
400
400
400
400
400
400
400
400
400
400
207
400
400
400
400
400
400
400
400
400
400
400
400
400
400
400
400
400
400
400
400
400
400
400
400
400
400
400
400
400
400
400
400
400
400
400
400
400
400
400
400
400
400
400
400
400
400
400
400
400
400
400
400
400
400
400
400
400
400
400
400
400
400
400
400
400
400
400
400
400
400
400
400
400
400
400
400
400
400
400
400
400
400
400
400
400
400
400
400
400
400
400
400
400
400
400
400
400
400
400
400
400
400
400
400
400
400
400
400
400
400
400
400
400
400
400
400
400
400
400
400
400
400
400
400
400
400
400
400
400
400
400
400
400
400
400
400
400
400
400
400
400
400
400
400
400
400
400
400
400
400
400
400
400
400
400
400
400
400
400
400
400
400
400
400
400
400
400
400
400
400
400
400
400
400
400
400
400
400
400
400
400
400
400
400
400
400
400
400
400
400
400
400
400
400
400
400
400
400
400
400
400
400
400
400
400
400
400
400
400
400
400
400
400
400
400
400
400
400
400
400
400
400
400
400
400
400
400
400
400
400
400
400
400
400
400
400
400
400
400
400
400
400
400
400
400
400
400
400
400
400
400
400
400
400
400
400
400
400
400
400
400
400
400
400
400
400
400
400
400
400
400
400
400
400
400
400
400
400
400
400
400
400
400
400
400
400
400
400
400
400
400
400
400
400
400
400
400
400
400
400
400
400
400
400
400
400
400
400
400
400
400
400
400
400
400
400
400
400
400
400
400
400
400
400
400
400
400
400
400
400
400
400
400
400
400
400
400
400
400
458
400
400
400
400
400
400
400
400
400
400
400
400
400
400
400
400
400
400
400
400
400
400
400
400
400
400
400
400
400
400
400
400
400
400
400
400
400
400
400
400
400
400
400
400
400
400
400
400
400
400
400
400
400
400
400
400
400
400
400
400
400
400
400
400
400
400
400
400
400
400
400
400
400
400
400
400
400
400
400
400
400
400
400
400
400
400
400
400
400
400
400
400
400
400
400
400
400
400
400
400
400
400
400
400
400
400
400
400
400
400
400
400
400
400
400
400
400
400
400
400
400
400
400
400
400
400
400
400
400
400
400
400
400
400
400
400
400
400
400
400
400
400
400
400
400
400
400
400
400
400
400
400
400
400
400
400
400
400
400
400
400
400
400
400
400
400
400
400
400
400
400
400
400
400
400
400
400
400
400
400
400
400
400
400
400
400
400
400
400
400
400
400
400
400
400
400
400
400
400
400
400
400
400
400
400
400
400
400
400
400
400
400
400
400
400
400
400
400
400
400
400
400
400
400
400
400
400
400
400
400
400
400
400
400
400
400
400
400
400
400
400
400
400
400
400
400
400
400
400
400
400
400
400
400
400
400
400
400
400
400
400
400
400
177
400
400
400
400
400
400
400
400
400
400
400
400
400
400
400
400
400
400
400
400
400
400
400
400
400
400
400
400
400
400
400
400
400
400
400
400
400
400
400
400
400
400
400
400
400
400
400
400
400
400
400
400
400
400
400
400
400
400
400
400
400
400
400
400
400
400
400
400
400
400
400
400
400
400
400
400
400
400
400
400
400
400
400
400
400
400
400
400
400
400
400
400
400
400
400
400
400
400
400
400
400
400
400
400
400
400
400
400
400
400
400
400
400
400
400
400
400
400
400
400
400
400
400
400
400
400
400
400
400
400
400
400
400
400
400
400
400
400
400
400
400
400
400
400
400
400
400
400
400
400
400
400
400
400
400
400
400
400
400
400
400
400
400
400
400
400
400
400
400
400
400
400
400
400
400
400
400
400
400
400
400
400
400
400
400
400
400
400
400
400
400
400
400
400
400
400
400
400
400
400
400
400
400
400
400
400
400
400
400
400
400
400
400
400
400
400
400
400
400
400
400
400
400
400
400
400
400
400
400
400
400
400
400
400
400
400
400
400
400
400
400
400
400
400
400
400
400
400
400
400
400
400
400
400
400
400
400
400
400
400
400
400
400
400
400
400
400
400
400
400
400
400
400
400
400
400
400
400
400
400
400
400
400
400
400
400
400
400
400
400
400
400
400
400
400
400
400
400
400
400
400
400
400
400
400
400
400
400
400
400
400
400
400
400
400
400
400
400
400
400
400
400
400
400
400
400
400
400
400
400
400
400
400
400
400
400
400
400
400
400
400
400
400
400
400
400
400
400
400
400
400
400
400
400
400
400
400
400
400
400
400
400
400
400
400
400
400
400
400
400
400
400
400
400
400
400
400
400
400
400
400
400
400
400
400
400
400
400
400
400
400
400
400
400
400
400
400
400
400
400
400
400
400
400
400
400
400
400
400
400
400
400
400
400
400
400
400
400
400
400
400
400
400
400
400
400
400
400
400
400
400
400
400
400
400
400
400
400
400
400
400
400
400
400
400
400
400
400
400
400
400
400
400
400
400
400
400
400
400
400
400
400
400
400
400
400
400
400
400
400
400
400
400
400
400
400
400
400
400
400
400
400
400
400
400
400
400
400
400
400
400
400
400
400
400
400
400
400
400
400
400
400
400
400
400
400
400
400
400
400
400
400
400
400
400
400
400
400
400
400
400
400
400
400
400
400
400
400
400
400
400
400
400
400
400
400
400
400
400
400
400
400
400
400
400
400
400
400
400
400
400
400
400
400
400
400
400
400
400
400
400
400
400
400
400
400
400
400
400
400
400
400
400
400
400
400
400
400
400
400
400
400
400
400
400
400
400
400
400
400
400
400
400
400
400
400
400
400
400
400
400
400
400
400
400
400
400
400
400
400
400
400
400
400
400
400
400
400
400
400
400
400
400
400
400
400
400
400
400
400
400
400
400
400
400
400
400
400
400
400
400
400
400
400
400
400
400
400
400
400
400
400
400
400
400
400
400
400
400
400
400
400
400
400
400
400
400
400
400
400
400
400
400
400
400
400
400
400
400
400
400
400
400
400
400
400
400
400
400
400
400
400
400
400
400
400
400
400
400
400
400
400
400
400
400
400
400
400
400
400
400
400
400
400
400
400
400
400
400
400
400
400
400
400
400
400
400
400
400
400
400
400
400
400
400
400
400
400
400
400
400
400
400
400
400
400
400
400
400
400
400
400
400
400
400
400
400
400
400
400
400
400
400
400
400
400
400
400
400
400
400
400
400
400
400
400
400
400
400
400
400
400
400
400
400
400
400
400
400
400
400
400
400
400
400
400
400
400
400
400
400
400
400
400
400
400
400
400
400
400
400
400
400
400
400
400
400
400
400
400
400
400
400
400
400
400
400
400
400
400
400
400
400
400
400
400
400
400
400
400
400
400
400
400
400
400
400
400
400
400
400
400
400
400
400
400
400
400
400
400
400
400
400
400
400
400
400
400
400
400
400
400
400
400
400
400
400
400
400
400
400
400
400
400
400
400
400
400
400
400
400
400
400
400
400
400
400
400
400
400
400
400
400
400
400
400
400
400
400
400
400
400
400
400
400
400
400
400
400
400
400
400
400
400
400
400
400
400
400
400
400
400
400
400
400
400
400
400
400
400
400
400
400
400
400
400
400
400
400
400
400
400
400
400
400
400
400
400
400
400
400
400
400
400
400
400
400
400
400
400
400
400
400
400
400
400
400
400
400
400
400
400
400
400
400
400
400
400
400
400
400
400
400
400
400
400
400
400
400
400
400
400
400
400
400
400
400
400
400
400
400
400
400
400
400
400
400
400
400
400
400
400
400
400
400
400
400
400
400
400
400
400
400
400
400
400
400
400
400
400
400
400
400
400
400
400
400
400
400
400
400
400
400
400
400
400
400
400
400
400
400
400
400
400
400
400
400
400
400
400
400
400
400
400
400
400
400
400
400
400
400
400
400
400
400
400
400
400
400
400
400
400
400
400
400
400
400
400
400
400
400
400
400
400
400
400
400
400
400
400
400
400
400
400
400
400
400
400
400
400
400
400
400
400
400
400
400
400
400
400
400
400
400
400
400
400
400
400
400
400
400
400
400
400
400
400
400
400
400
400
400
400
400
400
400
400
400
400
400
400
400
400
400
400
400
400
400
400
400
400
400
400
400
400
400
400
400
400
400
400
400
400
400
400
400
400
400
400
400
400
400
400
400
400
400
400
400
400
400
400
400
400
400
400
400
400
400
400
400
400
400
400
400
400
400
400
400
400
400
400
400
400
400
400
400
400
400
400
400
400
400
400
400
400
400
400
400
400
400
400
400
400
400
400
400
400
400
400
400
400
400
400
400
400
400
400
400
400
400
400
400
400
400
400
400
400
400
400
400
400
400
400
400
400
400
400
400
400
400
400
400
400
400
400
400
400
400
400
400
400
400
400
400
400
400
400
400
400
400
400
400
400
400
400
400
400
400
400
400
400
400
400
400
400
400
400
400
400
400
400
400
400
400
400
400
400
400
400
400
400
400
400
400
400
400
400
400
400
400
400
400
400
400
400
400
400
400
400
400
400
400
400
400
400
400
400
400
400
400
400
400
400
400
400
400
400
400
400
400
400
400
400
400
400
400
400
400
400
400
400
400
400
400
400
400
400
400
400
400
400
400
400
400
400
400
400
400
400
400
400
400
400
400
400
400
400
400
400
400
400
400
400
400
400
400
400
400
400
400
400
400
400
400
400
400
400
400
400
400
400
400
400
400
400
400
400
400
400
400
400
400
400
400
400
400
400
400
400
400
400
400
400
400
400
400
400
400
400
400
400
400
400
400
400
400
400
400
400
400
400
400
400
400
400
400
400
400
400
400
400
400
400
400
400
400
400
400
400
400
400
400
400
400
400
400
400
400
400
400
400
400
400
400
400
400
400
400
400
400
400
400
400
400
400
400
400
400
400
400
400
400
400
400
400
400
400
400
400
400
400
400
400
400
400
400
400
400
400
400
400
400
400
400
400
400
400
400
400
400
400
400
400
400
400
400
400
400
400
400
400
400
400
400
400
400
400
400
400
400
400
400
400
400
400
400
400
400
400
400
400
400
400
400
400
400
400
400
400
400
400
400
400
400
400
400
400
400
400
400
400
400
400
400
400
400
400
400
400
400
400
400
400
400
400
400
400
400
400
400
400
400
400
400
400
400
400
400
400
400
400
400
400
400
400
400
400
400
400
400
400
400
400
400
400
400
400
400
400
400
400
400
400
400
400
400
400
400
400
400
400
400
400
400
400
400
400
400
400
400
400
400
400
400
400
400
400
400
400
400
400
400
400
400
400
400
400
400
400
400
400
400
400
400
400
400
400
400
400
401
400
400
400
400
400
400
400
400
400
400
400
400
400
400
400
400
400
400
400
400
400
400
400
400
400
400
400
400
400
400
400
400
400
400
400
400
400
400
400
400
400
400
400
400
400
400
400
400
400
400
400
400
400
400
400
400
400
400
400
400
400
400
400
400
400
400
400
400
400
400
400
400
400
400
400
400
400
400
400
400
400
400
400
400
400
400
400
400
400
400
400
400
400
400
400
400
400
400
400
400
400
400
400
400
400
400
400
400
400
400
400
400
400
400
400
400
400
400
400
400
400
400
400
400
400
400
400
400
400
400
400
400
400
400
400
400
400
400
400
400
400
400
400
400
400
400
400
400
400
400
400
400
400
400
400
400
400
400
400
400
400
400
400
400
400
400
400
400
400
400
400
400
400
400
400
400
400
400
400
400
400
400
400
400
400
400
400
400
400
400
400
400
400
400
400
400
400
400
400
400
400
400
400
400
400
400
400
400
400
400
400
400
400
400
400
400
400
400
400
400
400
400
400
400
400
400
400
400
400
400
400
400
400
400
400
400
400
400
400
400
400
400
400
400
400
400
400
400
400
400
400
400
400
400
400
400
400
400
400
400
400
400
400
400
400
400
400
400
400
400
400
400
400
400
400
400
400
400
400
400
400
400
400
400
400
400
400
400
400
400
400
400
400
400
400
400
400
400
400
400
400
400
400
400
400
400
400
400
400
400
400
400
400
400
400
400
400
400
400
400
400
400
400
400
400
400
400
400
400
400
400
400
400
400
400
400
400
400
400
400
400
400
400
400
400
400
400
400
400
400
400
400
400
400
400
400
400
400
400
400
400
400
400
400
400
400
400
400
400
400
400
400
400
400
400
400
400
400
400
400
400
400
400
400
400
400
400
400
400
400
400
400
400
400
400
400
400
400
400
400
400
400
400
400
400
400
400
400
400
400
400
400
400
400
400
400
400
400
400
400
400
400
400
400
400
400
400
400
400
400
400
400
400
400
400
400
400
400
400
400
400
400
400
210
400
400
400
400
400
400
400
400
400
400
400
400
400
400
400
400
400
400
400
400
400
400
400
400
400
400
400
400
400
400
400
400
415
400
400
400
400
400
400
400
400
400
400
400
400
400
400
400
400
400
400
400
400
400
400
400
400
400
400
400
400
400
400
400
400
400
400
400
400
400
400
400
400
400
400
400
400
400
400
400
400
400
400
400
400
400
400
400
400
400
400
400
400
400
400
400
400
400
400
400
400
400
400
400
400
400
400
400
400
400
400
400
400
400
400
400
400
400
400
400
400
400
400
400
400
400
400
400
400
400
400
400
400
400
400
400
400
400
400
400
400
400
400
400
400
400
400
400
400
400
400
400
400
400
400
400
400
400
400
400
400
400
400
400
400
400
400
400
400
400
400
400
400
400
400
400
400
400
400
400
400
400
400
400
400
400
400
400
400
400
400
400
400
400
400
400
400
400
400
400
400
400
400
400
400
400
400
400
400
400
400
400
400
400
400
400
400
400
400
400
400
400
400
400
400
400
400
400
400
400
400
400
400
400
400
400
400
400
400
400
400
400
400
400
400
400
400
400
400
400
400
400
400
400
400
400
400
400
400
400
400
400
400
400
400
400
400
400
400
400
400
400
400
400
400
400
400
400
400
400
400
400
400
400
400
400
400
400
400
400
400
400
400
400
400
400
400
400
400
400
400
400
400
400
400
400
400
400
400
400
400
400
400
400
400
400
400
400
400
400
400
400
400
400
400
400
400
400
400
400
400
400
400
400
400
400
400
400
400
400
400
400
400
400
400
400
400
400
400
400
400
400
400
400
400
400
400
400
400
400
400
400
400
400
400
400
400
400
400
400
400
400
400
400
400
400
400
400
400
400
400
400
400
400
400
400
400
400
400
400
400
400
400
400
400
400
400
400
400
400
400
400
400
400
400
400
400
400
400
400
400
400
400
400
400
400
400
400
205
400
400
400
400
400
400
400
400
400
400
400
400
400
400
400
400
400
400
400
400
400
400
400
400
400
400
400
400
400
400
400
400
400
400
400
400
400
400
400
400
400
400
400
400
400
400
400
400
400
400
400
400
400
400
400
400
400
400
400
400
400
400
400
400
400
400
400
400
400
400
400
400
400
400
400
400
400
400
400
400
400
400
400
400
400
400
400
400
400
400
400
400
400
400
400
400
400
400
400
400
400
400
400
400
400
400
400
400
400
400
400
400
400
400
400
400
400
400
400
400
400
400
400
400
400
400
400
400
400
400
400
400
400
400
400
400
400
400
400
400
400
400
400
400
400
400
400
400
400
400
400
400
400
400
400
400
400
400
400
400
400
400
400
400
400
400
400
400
400
400
400
400
400
400
400
400
400
400
400
400
400
400
400
400
400
400
400
400
400
400
400
400
400
400
400
400
400
400
400
400
400
400
400
400
400
400
400
400
400
400
400
400
400
400
400
400
400
400
400
400
400
400
400
400
400
400
400
400
400
400
400
400
400
400
400
400
400
400
400
400
400
400
400
400
400
400
400
400
400
400
400
400
400
400
400
400
400
400
400
400
400
400
400
400
400
400
400
400
400
400
400
400
400
400
400
400
400
400
400
400
400
400
400
400
400
400
400
400
400
400
400
400
400
400
400
400
400
400
400
400
400
400
400
400
400
400
400
400
400
400
400
400
400
400
400
400
400
400
400
400
400
400
400
400
400
400
400
400
400
400
400
400
400
400
400
400
400
400
400
400
400
400
400
400
400
400
400
400
400
400
400
400
400
400
400
400
400
400
400
400
400
400
400
400
400
400
400
400
400
400
400
400
400
400
400
400
400
400
400
400
400
400
400
400
400
400
400
400
400
400
400
145
400
400
400
400
400
400
400
400
400
400
400
400
400
400
400
400
400
400
400
400
400
400
400
400
400
400
400
400
400
400
400
400
400
400
400
400
400
400
400
400
400
400
400
400
400
400
400
400
400
400
400
400
400
400
400
400
400
400
400
400
400
400
400
400
400
400
400
400
400
400
400
400
400
400
400
400
400
400
400
400
400
400
400
400
400
400
400
400
400
400
400
400
400
400
400
400
400
400
400
400
400
400
400
400
400
400
400
400
400
400
400
400
400
400
400
400
400
400
400
400
400
400
400
400
400
400
400
400
400
400
400
400
400
400
400
400
400
400
400
400
400
400
400
400
400
400
400
400
400
400
400
400
400
400
400
400
400
400
400
400
400
400
400
400
400
400
400
400
400
400
400
400
400
400
400
400
400
400
400
400
400
400
400
400
400
400
400
400
400
400
400
400
400
400
400
400
400
400
400
400
400
400
400
400
400
400
400
400
400
400
400
400
400
400
400
400
400
400
400
400
400
400
400
400
400
400
400
400
400
400
400
400
400
400
400
400
400
400
400
400
400
400
400
400
400
400
400
400
400
400
400
400
400
400
400
400
400
400
400
400
400
400
400
400
400
400
400
400
400
400
400
400
400
400
400
400
400
400
400
400
400
400
400
400
400
400
400
400
400
400
400
400
400
400
400
400
400
400
400
400
400
400
400
400
400
400
400
400
400
400
400
400
400
400
400
400
400
400
400
400
400
400
400
400
400
400
400
400
400
400
400
400
400
400
400
400
400
400
400
400
400
400
400
400
400
400
400
400
400
400
400
400
400
400
400
400
400
400
400
400
400
400
400
400
400
400
400
400
400
400
400
400
400
400
400
400
400
400
400
400
400
400
400
400
400
400
400
400
400
400
400
400
400
400
400
400
400
400
400
400
400
400
400
400
400
400
400
400
400
400
400
400
400
400
400
400
400
400
400
400
400
400
400
400
400
400
400
400
400
400
400
400
400
400
400
400
400
400
400
400
400
400
400
400
400
400
400
400
400
400
400
400
400
400
400
400
400
400
400
400
400
400
400
400
400
400
400
400
400
400
400
400
400
400
400
400
400
400
400
400
400
400
400
400
400
400
400
400
400
400
400
400
400
400
400
400
400
400
400
400
400
400
400
400
400
400
400
400
400
400
400
400
400
400
400
400
400
400
400
400
400
400
400
400
400
400
400
400
400
400
400
400
400
400
400
400
400
400
400
400
400
400
400
400
400
400
400
400
400
400
400
400
400
400
400
400
400
400
400
400
400
400
400
400
400
400
400
400
400
400
400
400
400
400
400
400
400
400
400
400
400
400
400
400
400
400
400
400
400
400
400
400
400
400
400
400
400
400
400
400
400
400
400
400
400
400
400
400
400
400
400
400
400
400
400
400
400
400
400
400
400
400
400
400
400
400
400
400
400
400
400
400
400
400
400
400
400
400
400
400
400
400
400
400
400
400
400
400
400
400
400
400
400
400
400
400
400
400
400
400
400
400
400
400
400
400
400
400
400
400
400
400
400
400
400
400
400
400
400
400
400
400
400
400
400
400
400
400
400
400
400
400
400
400
400
400
400
400
400
400
400
400
400
400
400
400
400
400
400
400
400
400
400
400
400
400
400
400
400
400
400
400
400
400
400
400
400
400
400
400
400
400
400
400
400
400
400
400
400
400
400
400
400
400
400
400
400
400
400
400
400
400
400
400
400
400
400
400
400
400
400
400
400
400
400
400
400
400
400
400
400
400
400
400
400
400
400
400
400
400
400
400
400
400
400
400
400
400
400
400
400
400
400
400
400
400
400
400
400
400
400
400
400
400
400
400
400
400
400
400
400
400
400
400
400
400
400
400
400
400
400
400
400
400
400
400
400
400
400
400
400
400
400
400
400
400
400
400
400
400
400
400
400
400
400
400
400
400
400
400
400
400
400
400
400
400
400
400
400
400
400
400
400
400
400
400
400
400
400
400
400
400
400
400
400
400
400
400
400
400
400
400
400
400
400
400
400
400
400
400
400
400
400
400
400
400
400
400
400
400
400
400
400
400
400
400
400
400
400
400
400
400
400
400
400
400
400
400
400
400
400
400
400
400
400
400
400
400
400
400
400
400
400
400
400
400
400
400
400
400
400
400
400
400
400
400
400
400
400
400
400
400
400
400
400
400
400
400
400
400
400
400
400
400
400
400
400
400
400
400
400
400
400
400
400
400
400
400
400
400
400
400
400
400
400
400
400
400
400
400
400
400
400
400
400
400
400
400
400
400
400
400
400
400
400
400
400
400
400
400
400
400
400
400
400
400
400
400
400
400
400
400
400
400
400
400
400
400
400
400
400
400
400
400
400
400
400
400
400
400
400
400
400
400
400
400
400
400
400
400
400
400
400
400
400
400
400
400
400
400
400
400
400
400
400
400
400
400
400
400
400
400
400
400
400
400
400
400
400
400
400
400
400
400
400
400
400
400
400
400
400
400
400
400
400
400
400
400
400
400
400
400
400
400
400
400
400
400
400
400
400
400
400
400
400
400
400
400
400
400
400
400
400
400
400
400
400
400
400
400
400
400
400
400
400
400
400
400
400
400
400
400
400
400
400
400
400
400
400
400
400
400
400
400
400
400
400
400
400
400
400
400
400
400
400
400
400
400
400
400
400
400
400
400
400
400
400
400
400
400
400
400
400
400
400
400
400
400
400
400
400
400
400
400
400
400
400
400
400
400
400
400
400
400
400
400
400
400
400
400
400
400
400
400
400
400
400
400
400
