766
877
721
856
647
686
818
817
977
952
1135
632
814
782
570
698
912
640
618
1082
769
718
1173
696
859
911
672
802
697
670
827
609
729
806
725
750
591
753
717
736
851
881
658
599
1049
621
611
854
793
868
558
1025
547
922
622
658
584
1308
853
890
778
599
603
524
725
578
1032
542
787
872
891
732
656
793
792
726
550
586
842
669
743
715
777
600
664
571
487
643
559
603
763
625
634
592
659
503
548
714
647
649
575
1108
754
585
783
711
562
545
599
1078
684
790
679
541
812
897
605
575
643
1173
520
865
626
644
669
739
718
818
666
657
1154
609
600
950
605
606
767
624
690
627
1096
836
615
802
750
787
692
900
697
656
693
630
704
624
556
575
664
783
567
734
591
606
538
661
620
818
838
596
618
756
547
638
505
864
490
838
924
584
714
900
576
1008
834
656
551
744
644
531
520
489
646
663
594
812
961
583
603
526
661
873
685
572
802
742
621
779
812
1007
567
645
709
551
592
741
814
1146
624
698
885
641
790
501
591
575
696
533
633
809
473
689
577
542
587
728
508
626
706
738
620
785
921
604
703
638
841
592
598
1197
643
565
648
694
541
463
604
877
665
671
552
702
705
733
499
442
514
779
564
686
516
460
518
566
570
899
718
863
538
573
584
422
441
593
577
481
605
482
450
501
652
564
478
518
598
525
514
977
602
498
1138
611
466
573
648
593
568
952
609
762
754
708
648
453
470
639
566
476
484
445
835
498
559
629
647
635
621
421
488
451
495
642
623
584
574
569
541
640
608
746
638
858
475
697
555
719
511
826
803
679
460
532
465
668
703
812
544
933
467
559
671
490
607
622
519
968
703
554
1298
939
694
701
567
492
621
483
641
446
527
398
448
586
496
567
477
592
843
562
795
483
557
573
546
832
527
752
439
462
436
474
502
595
568
651
644
527
727
533
473
569
830
593
885
632
528
1099
579
501
469
689
470
411
811
445
513
450
488
469
516
534
601
939
483
1008
447
482
497
495
517
665
594
466
625
456
564
713
438
482
452
1080
752
464
495
536
614
1300
540
456
509
453
476
619
736
513
609
493
982
568
581
562
626
503
642
928
749
727
475
654
604
685
579
485
886
582
499
732
606
725
765
532
475
462
798
551
479
438
658
621
521
598
499
571
541
473
618
580
602
666
1039
557
505
657
564
542
610
689
529
552
602
612
420
483
643
561
476
551
635
458
767
558
557
474
831
554
465
715
676
447
484
904
565
723
777
457
471
736
472
542
603
586
469
530
779
763
480
657
526
447
605
474
421
855
439
633
754
615
543
456
455
544
581
600
696
689
450
528
493
500
419
589
499
488
423
581
460
538
756
427
483
1298
869
535
481
522
513
511
407
885
449
399
908
468
454
850
476
560
512
491
439
460
527
548
459
464
1049
510
515
492
1135
829
673
497
517
419
652
479
485
407
484
630
627
493
772
585
448
383
813
557
437
604
382
546
449
459
467
481
489
895
511
875
580
718
734
429
455
1378
562
533
484
493
434
483
573
609
1197
538
781
748
486
535
502
507
559
718
559
567
410
669
415
471
515
419
459
736
933
453
466
678
572
492
747
550
479
503
408
473
545
464
579
496
440
576
468
670
554
410
465
433
455
564
443
810
481
503
461
536
466
661
549
396
500
429
818
445
510
577
510
511
656
628
512
496
390
580
468
591
757
422
513
537
631
523
566
441
396
541
549
661
776
477
608
690
444
559
468
501
444
426
441
435
559
441
596
514
1146
488
666
650
455
974
445
582
793
493
550
482
449
478
719
478
547
475
575
670
520
439
457
581
679
405
427
460
527
429
708
481
435
1163
644
485
397
446
457
553
541
509
376
552
556
445
403
589
883
453
646
414
487
454
988
480
582
430
490
446
455
1273
598
519
695
592
460
433
500
474
466
490
859
604
573
618
580
974
361
528
825
440
649
526
552
553
679
499
630
386
554
872
464
564
495
427
555
487
1057
756
562
446
377
547
465
444
482
407
521
546
544
518
498
543
494
734
508
535
633
619
484
432
501
402
490
646
501
1093
580
407
383
690
589
407
457
465
807
609
493
569
441
501
520
719
572
435
428
451
538
394
391
487
473
413
421
520
387
495
422
441
433
482
832
475
434
425
554
531
563
487
448
480
693
448
409
510
478
518
463
410
396
485
389
457
504
466
440
600
363
396
818
590
446
501
739
724
386
620
464
437
402
496
598
637
621
545
470
447
440
470
455
463
454
563
389
382
397
911
737
403
367
478
412
582
410
478
714
819
421
427
551
427
401
452
607
461
604
454
348
581
361
698
387
426
507
414
438
546
385
493
421
390
516
583
458
450
446
478
495
457
587
460
616
585
437
533
503
468
528
496
394
556
442
444
412
462
427
709
405
473
460
515
447
498
414
578
592
468
427
711
465
499
547
525
764
461
575
481
460
492
397
403
436
462
469
523
457
702
424
411
406
472
478
740
549
455
537
464
539
448
576
427
479
499
424
710
456
497
642
503
545
510
533
468
496
458
528
412
426
521
511
451
396
453
466
405
441
485
468
383
495
388
623
564
515
506
506
492
586
462
562
469
456
954
497
416
486
433
402
518
383
531
471
398
388
663
439
714
456
695
544
435
444
454
371
392
467
395
447
426
427
443
376
446
532
462
868
689
757
423
466
435
408
404
730
486
362
510
537
465
610
436
612
492
493
398
641
453
597
524
441
595
395
619
403
385
464
378
487
363
396
480
701
456
432
406
519
411
430
440
410
410
924
474
415
466
323
455
693
407
407
449
594
425
539
476
599
612
508
501
718
466
470
835
388
515
438
795
410
696
494
460
885
434
449
495
469
488
605
425
401
503
576
525
412
464
485
469
517
448
756
485
433
437
689
396
505
457
433
368
498
702
424
435
684
385
749
591
403
513
451
386
425
484
432
539
400
457
663
521
442
440
540
465
572
395
421
460
386
465
503
541
609
597
409
444
346
437
566
424
366
432
626
380
345
424
406
529
418
367
457
729
515
385
377
583
539
428
427
444
405
495
389
510
401
853
416
497
366
430
366
434
607
490
428
392
457
598
531
470
389
467
472
422
570
399
435
471
639
540
448
367
405
524
358
535
521
556
379
606
562
754
522
347
853
448
478
668
353
434
476
611
454
424
389
517
508
414
430
952
368
387
544
360
463
463
819
716
466
404
393
434
447
373
615
399
756
429
776
493
370
385
377
434
632
483
392
459
466
377
539
631
763
474
366
442
447
448
461
428
371
433
358
574
531
738
455
393
693
476
529
736
445
382
614
457
534
449
661
376
403
395
387
743
350
371
438
492
386
417
371
480
526
521
407
467
482
481
486
463
453
434
543
530
414
423
505
638
376
473
933
475
342
420
937
382
284
504
701
968
489
570
371
549
414
325
427
656
363
478
369
715
532
487
572
377
538
383
762
421
457
395
429
442
392
405
738
385
559
649
412
505
416
516
495
580
491
373
444
818
418
464
422
521
384
377
469
590
406
259
421
354
459
462
527
425
471
405
412
467
482
398
559
503
480
653
371
445
370
375
465
392
452
452
345
372
466
542
493
365
389
695
317
394
423
803
405
390
523
480
396
537
436
502
397
500
394
460
495
365
421
474
498
331
361
373
518
473
392
423
407
503
423
349
365
350
399
387
436
503
404
388
628
366
436
380
577
393
485
431
412
451
397
601
607
378
415
415
337
418
666
535
421
634
383
779
387
499
361
499
675
346
510
455
443
462
348
401
644
382
392
527
412
406
578
583
409
369
351
289
428
455
479
697
394
432
488
401
446
712
377
388
411
676
421
372
422
501
391
384
383
366
564
401
420
379
445
597
460
434
419
643
391
468
359
377
452
658
409
341
407
363
1484
404
695
736
803
415
528
413
373
897
546
381
335
445
482
431
518
743
343
469
503
373
499
491
364
429
390
487
427
478
419
585
594
355
324
466
473
440
433
430
386
499
404
477
635
446
728
520
349
368
448
335
427
322
387
437
345
370
376
371
329
645
416
714
493
332
406
439
424
750
494
283
394
383
561
810
361
375
502
401
380
406
384
541
365
655
773
779
321
350
464
417
386
367
568
442
628
444
437
420
379
345
418
362
424
429
420
542
425
413
351
376
509
368
459
1057
961
355
358
379
409
389
414
373
376
451
390
334
367
517
352
343
459
382
455
348
342
371
517
628
409
507
369
689
403
393
724
782
350
493
406
349
313
1300
416
370
749
439
357
424
424
361
369
515
372
413
414
539
352
389
593
367
426
393
370
340
346
389
378
316
377
371
459
479
429
391
420
443
470
353
416
425
398
485
417
467
604
349
435
287
516
392
377
348
357
401
438
386
401
354
825
472
335
393
398
468
453
1032
328
476
390
327
464
441
632
426
364
380
398
359
356
380
335
389
360
358
445
435
419
382
373
395
530
629
516
338
389
982
664
365
405
426
425
407
378
468
443
475
395
440
392
426
306
405
351
436
377
501
350
345
555
315
369
328
395
912
379
508
463
802
373
288
454
532
689
886
400
382
613
508
383
379
303
431
380
458
493
574
412
329
403
921
357
352
326
338
384
369
490
598
469
384
376
368
428
382
498
379
436
412
310
504
369
511
387
493
437
405
494
725
358
423
669
407
455
371
1074
368
372
377
317
372
321
552
456
430
498
375
360
397
420
454
359
393
377
539
632
396
452
355
814
370
377
462
375
532
374
382
541
498
477
358
388
446
408
387
382
865
424
416
672
396
690
352
409
345
413
576
572
679
384
346
338
374
379
411
561
441
317
366
357
362
343
323
290
373
474
323
574
487
361
369
388
471
354
448
357
449
350
516
486
474
347
383
473
358
419
305
309
337
739
366
478
416
333
336
307
334
340
490
384
388
369
260
358
379
382
690
361
352
348
382
451
317
429
714
366
477
307
354
387
327
374
344
353
341
433
405
322
315
415
636
895
332
342
375
439
457
371
332
265
368
432
256
508
362
418
347
425
370
413
435
322
327
321
326
401
510
338
1378
431
347
368
374
378
424
314
387
726
378
415
388
374
403
439
386
718
393
428
378
428
321
373
322
331
312
435
356
345
370
321
340
338
437
319
552
352
509
369
339
312
286
438
461
310
348
343
564
371
446
425
412
334
340
398
476
404
336
379
988
460
434
370
462
592
367
380
674
361
363
498
393
326
353
379
813
323
371
361
355
343
328
419
581
369
834
445
373
331
527
356
398
323
461
341
540
831
334
370
731
811
356
381
426
446
356
374
451
357
400
336
397
954
375
367
576
389
357
424
368
468
419
329
374
411
382
466
359
529
424
483
405
711
408
382
351
880
308
429
398
414
380
321
355
676
354
448
330
388
391
838
525
1273
382
645
579
342
372
320
375
742
315
408
400
708
387
287
455
375
335
366
596
411
375
356
337
488
371
371
419
302
388
405
343
370
359
323
301
458
314
351
313
334
379
344
359
437
341
522
336
363
699
325
266
319
282
399
467
393
704
463
346
327
329
483
324
423
352
355
576
363
393
386
382
332
811
448
366
373
899
642
376
402
550
375
540
366
316
367
398
370
339
341
636
545
390
374
377
316
318
341
428
379
338
322
377
332
365
484
337
705
342
790
334
475
395
344
315
341
373
358
344
319
324
442
449
297
429
361
382
321
328
380
342
432
297
369
410
357
347
341
508
372
486
537
351
337
343
409
344
363
399
498
434
309
368
463
321
320
542
522
419
614
940
292
571
316
370
431
359
366
436
382
354
419
415
352
452
335
354
568
297
638
460
371
359
343
420
174
416
371
287
422
332
582
490
470
351
439
391
206
400
503
326
348
351
361
376
314
335
323
324
383
343
321
724
388
749
297
326
1053
266
340
379
366
303
280
374
388
506
367
928
351
331
480
404
308
357
307
351
493
319
391
420
243
690
322
308
338
354
319
368
440
556
356
342
296
309
485
334
290
378
366
540
660
399
273
418
373
322
365
349
576
409
381
365
420
392
313
418
654
477
390
318
355
345
461
403
305
320
322
304
330
367
415
362
386
421
328
330
339
358
330
716
380
365
391
508
312
262
441
261
332
368
464
295
436
557
360
396
362
377
420
571
318
339
396
379
1108
499
361
285
436
349
337
392
398
350
322
332
321
595
324
714
307
367
849
798
631
458
300
430
394
470
298
387
432
307
309
718
363
781
479
388
423
436
342
366
330
359
469
311
285
633
421
370
484
315
346
515
421
763
475
333
646
390
702
312
326
509
333
314
447
473
350
365
394
424
818
338
317
292
389
331
309
355
344
298
659
341
352
372
431
428
341
385
328
297
335
291
368
502
446
337
437
357
376
465
779
512
382
404
288
350
773
375
318
309
365
322
246
316
345
372
363
410
434
325
335
303
325
620
272
421
336
288
1163
301
354
253
397
342
330
408
341
352
187
299
308
390
367
366
937
302
314
512
344
312
354
311
425
336
635
520
454
253
338
293
334
436
309
365
323
355
387
343
326
394
394
488
347
346
708
315
509
420
327
303
369
365
300
329
355
283
287
364
317
320
320
500
323
647
392
357
668
404
243
827
323
313
367
380
470
708
408
310
435
344
386
454
669
385
289
400
721
318
366
322
336
314
377
297
300
427
342
405
430
349
320
346
351
311
356
325
329
363
340
498
359
359
351
576
313
400
300
252
301
354
308
341
319
474
289
316
732
357
321
351
338
475
394
327
404
296
301
313
398
261
286
375
321
451
326
357
310
347
645
379
275
304
319
528
306
338
331
402
365
385
366
476
320
450
359
374
302
342
267
402
807
214
299
292
467
779
314
400
333
318
356
338
292
330
284
326
1039
351
251
309
329
311
300
325
576
326
626
337
340
396
294
403
399
435
615
367
402
349
555
429
316
307
342
347
401
505
446
401
304
494
307
328
289
445
702
311
296
340
359
328
753
303
382
369
362
430
660
578
923
353
316
465
374
288
265
379
331
300
320
398
296
321
308
1074
783
361
286
391
319
339
358
307
292
455
411
310
592
247
299
334
327
624
431
483
314
573
363
340
394
360
371
327
322
315
503
381
506
354
444
495
334
391
389
333
534
327
447
389
306
324
381
409
323
437
718
375
288
344
340
335
300
434
377
413
366
472
309
369
311
345
307
287
405
430
345
357
369
306
247
336
295
380
286
434
1138
419
440
377
328
349
338
371
334
291
236
325
342
310
396
307
308
312
286
356
316
166
408
333
362
362
300
491
294
275
299
306
641
420
366
239
312
428
343
495
410
331
661
296
340
336
364
345
298
300
652
293
499
379
336
318
399
543
440
362
336
390
242
333
385
239
289
344
266
350
402
364
345
337
407
383
350
576
212
343
326
542
351
342
313
335
336
349
273
373
309
324
300
607
347
465
304
323
763
300
286
346
334
307
326
287
245
334
313
310
290
391
572
403
310
542
474
376
289
280
430
398
382
407
348
314
311
304
342
307
343
298
318
297
462
334
315
348
319
367
483
357
292
409
360
569
287
297
296
266
414
310
331
435
313
289
370
297
368
333
576
282
298
307
287
340
367
394
321
348
364
354
319
283
275
387
340
441
301
344
698
305
286
301
370
383
307
367
401
306
421
292
291
346
307
311
401
358
380
258
271
317
367
370
352
358
329
351
323
448
373
304
326
370
217
362
305
327
318
377
377
321
315
304
352
331
324
272
275
275
213
305
433
438
351
346
891
298
643
303
299
486
470
436
402
329
320
284
345
283
314
342
301
301
328
231
433
307
333
384
372
337
386
302
258
330
320
334
360
331
364
309
308
416
373
452
841
320
324
269
351
324
327
299
324
718
391
527
303
293
305
316
377
332
412
254
392
277
319
379
286
391
386
349
296
287
288
252
262
600
286
407
377
312
407
272
324
341
345
621
472
284
310
307
372
144
293
301
451
673
282
292
347
479
338
331
333
346
283
330
347
333
351
426
435
279
391
333
289
335
376
306
317
298
292
603
325
322
331
356
322
335
287
345
246
295
438
367
402
389
328
284
247
374
282
299
571
312
346
312
303
206
274
355
353
359
189
276
361
341
287
309
332
349
299
306
339
303
218
466
583
366
244
459
321
403
262
342
576
319
238
490
363
274
596
323
315
374
277
368
301
1099
147
334
443
346
320
802
335
282
332
308
387
429
576
438
318
347
257
328
332
446
273
326
358
382
501
327
304
279
363
324
273
338
233
338
302
288
319
308
294
312
340
400
287
872
374
162
443
315
334
345
358
569
425
144
297
376
265
312
370
417
727
361
593
332
303
353
236
287
248
292
258
1300
251
386
289
311
300
322
144
338
334
309
268
272
369
270
695
576
348
333
397
357
334
341
269
335
255
297
347
351
340
255
310
278
382
285
249
289
576
359
441
321
265
273
331
236
825
330
336
373
242
316
299
315
337
288
300
338
253
271
400
382
291
294
314
543
212
227
274
312
333
252
373
377
269
318
357
340
284
340
341
305
305
456
341
170
344
269
445
334
248
298
413
336
201
295
312
319
402
360
383
322
253
321
293
330
281
390
431
323
448
787
499
342
291
299
323
475
280
312
282
287
317
290
595
327
366
315
391
311
338
359
288
363
330
288
279
353
270
320
317
315
214
382
295
314
355
219
292
260
274
210
314
327
324
286
369
300
368
300
287
281
365
315
274
299
865
313
286
370
265
309
494
266
280
297
445
370
576
156
389
327
218
337
324
328
349
264
328
660
292
273
322
316
310
317
401
288
320
336
259
741
298
276
706
459
339
379
375
303
297
285
741
280
292
460
207
345
336
258
645
402
269
322
560
331
344
527
282
366
295
321
264
329
576
296
576
360
337
299
309
277
289
347
585
195
311
200
304
323
284
355
250
314
312
641
576
345
523
315
277
286
243
298
360
320
301
323
289
229
279
660
374
289
334
287
293
303
328
858
277
164
317
292
596
287
250
290
332
316
304
272
299
339
373
250
308
494
339
320
764
285
231
476
368
242
256
453
320
306
254
277
317
348
287
233
576
259
328
342
411
553
277
280
300
479
224
329
361
732
299
247
337
267
280
269
576
197
665
290
539
239
321
309
240
576
322
325
243
295
269
564
277
320
579
273
324
331
304
279
594
227
663
271
267
316
322
614
349
287
292
253
198
283
283
303
1022
309
340
303
380
282
692
338
385
284
232
215
283
288
576
260
392
194
267
307
812
393
314
341
297
268
850
282
279
262
377
245
291
319
233
303
287
248
286
324
252
249
306
386
305
417
144
576
287
345
197
381
277
349
248
478
576
300
303
272
160
366
297
282
311
262
365
298
790
289
274
227
304
277
284
318
251
262
284
341
152
386
316
243
310
260
287
297
250
279
278
570
323
373
247
287
206
284
177
349
339
306
258
374
851
244
307
248
332
288
229
305
576
388
433
322
736
245
272
254
353
288
576
379
406
576
301
477
255
295
287
344
327
478
391
312
399
260
354
269
263
287
659
268
576
341
318
146
296
657
286
221
242
576
234
234
304
377
611
275
335
307
289
299
542
300
280
271
253
329
332
415
305
375
281
292
661
291
295
327
316
208
386
276
372
371
419
367
298
576
236
243
262
310
692
287
291
324
331
236
486
270
314
268
305
651
200
293
277
296
285
337
327
285
328
300
311
304
267
391
340
259
240
261
576
221
287
174
200
301
271
331
272
305
331
189
234
236
263
277
322
359
328
280
232
274
336
218
163
298
492
367
802
278
279
371
576
309
576
244
293
576
232
353
441
234
485
201
311
288
277
606
289
329
273
332
349
294
326
390
276
576
257
261
305
303
202
386
292
274
310
287
333
344
685
314
311
216
362
339
195
1078
269
290
316
274
327
335
276
297
300
288
266
308
292
260
300
309
352
288
273
290
576
301
294
297
329
570
233
287
317
515
165
298
550
220
572
327
277
144
747
457
285
277
265
169
254
257
300
331
196
337
194
830
316
272
305
290
302
585
290
454
576
493
261
346
576
240
223
328
209
371
349
302
144
308
286
252
289
287
282
211
222
286
335
259
430
214
201
290
270
364
208
268
283
295
605
290
756
375
470
409
269
285
240
361
223
396
546
2049
562
343
279
264
216
303
190
202
290
350
144
360
265
293
289
349
305
352
576
177
310
262
575
576
429
288
263
247
271
280
419
280
259
576
576
303
226
307
264
309
156
201
275
245
275
348
787
319
225
271
274
270
341
222
363
369
350
262
273
279
309
295
346
246
374
284
302
210
285
256
311
212
192
270
269
254
271
558
299
247
185
342
372
315
403
372
418
269
272
290
356
252
162
188
374
323
240
275
339
194
307
188
576
289
256
212
259
190
255
280
245
306
223
309
411
258
252
265
347
356
259
296
241
327
229
337
296
256
232
189
576
187
275
237
300
293
240
1176
202
317
320
285
276
241
248
301
264
295
290
253
516
239
263
229
329
285
310
297
334
372
234
213
317
536
331
293
225
716
265
218
146
265
401
391
395
627
329
242
284
248
330
267
262
200
374
288
310
288
298
344
210
228
450
267
236
240
231
380
379
271
358
385
339
380
576
144
260
276
149
285
246
488
280
190
350
649
330
269
302
250
215
291
339
386
290
231
576
247
270
335
606
661
145
242
290
262
576
243
289
144
292
310
576
241
339
282
266
302
268
528
345
293
441
424
280
223
239
576
550
265
364
271
212
257
277
262
244
237
318
274
304
259
271
294
316
374
814
576
282
265
230
288
576
273
213
302
292
576
208
406
509
242
626
279
239
341
317
276
289
242
236
357
269
399
576
606
268
260
701
240
303
301
291
553
326
268
311
367
227
239
324
323
267
251
576
668
292
178
316
236
260
397
251
288
702
756
152
258
293
270
247
576
351
295
242
346
689
200
271
275
190
249
263
224
311
576
277
299
262
1298
215
312
270
265
460
213
232
276
174
732
277
216
374
294
279
277
254
286
320
271
262
289
231
320
405
210
330
366
576
296
279
714
251
576
510
343
390
317
327
205
215
217
311
318
260
359
326
268
338
939
338
309
260
576
287
284
576
687
277
273
576
263
287
173
194
314
218
278
161
576
308
306
576
327
335
250
730
252
227
320
344
576
153
228
294
276
304
320
298
2049
284
301
229
269
313
576
258
805
322
262
266
243
377
281
285
247
180
692
291
277
288
282
274
155
306
251
258
231
267
274
280
208
265
302
333
286
286
576
340
296
288
234
250
551
279
194
294
218
284
339
241
250
211
145
500
286
200
289
316
269
321
198
236
236
146
542
241
215
225
249
576
193
326
576
543
338
304
340
311
654
327
254
302
576
407
395
282
491
576
210
422
626
192
323
204
372
576
576
267
263
250
485
227
346
241
258
174
611
576
531
169
316
291
172
219
170
340
217
357
576
283
541
428
209
576
265
260
279
750
260
287
239
275
576
203
279
271
503
318
201
609
327
260
285
229
274
255
288
263
213
576
244
576
301
269
188
283
164
185
312
216
267
301
257
288
274
237
872
576
520
328
288
377
288
261
359
252
284
325
305
212
532
222
283
330
576
315
286
341
204
460
319
283
576
264
302
242
307
281
344
230
285
952
230
310
276
225
238
576
272
255
313
256
265
576
576
258
576
178
576
192
587
215
289
280
353
269
576
282
273
228
151
576
211
218
307
278
277
210
195
233
299
304
316
576
218
279
1197
255
597
246
576
150
231
358
183
274
346
286
167
203
237
330
329
284
269
271
146
576
484
267
313
402
290
317
576
576
170
200
285
200
576
300
326
182
219
172
361
179
576
259
296
245
396
508
258
297
268
262
576
289
266
328
186
298
261
241
281
260
328
239
227
295
256
255
181
576
417
576
255
332
291
321
606
328
576
433
199
212
277
411
307
248
258
296
198
289
233
288
278
217
247
270
576
267
348
289
576
278
336
241
321
221
280
576
271
319
271
164
213
304
295
216
161
576
330
252
144
278
638
275
312
576
576
255
289
609
231
310
237
322
265
736
576
180
255
358
298
326
192
292
576
162
274
585
340
277
274
521
309
286
254
265
327
258
302
576
217
148
218
283
568
240
224
576
340
576
231
299
320
266
576
289
257
230
725
576
245
576
276
348
576
200
356
307
292
249
242
201
158
311
315
235
274
306
290
184
326
164
288
576
324
381
284
158
576
277
191
426
306
235
222
576
208
585
561
325
215
255
272
244
222
282
292
542
158
290
332
576
576
203
286
265
576
310
282
669
576
297
236
281
147
327
707
281
255
189
384
262
576
263
254
576
576
220
249
288
243
228
150
228
442
351
303
178
207
213
576
179
217
161
287
380
220
425
206
281
226
268
262
223
576
297
256
576
162
576
398
144
576
576
576
576
373
174
154
187
269
693
281
331
793
373
267
267
277
176
226
196
280
305
576
241
149
578
345
234
741
266
257
576
576
345
576
403
284
593
576
300
190
178
576
289
313
229
243
576
276
576
175
287
246
241
144
271
187
273
240
280
576
576
204
553
240
576
218
236
243
258
663
225
273
304
576
576
576
576
144
237
291
152
275
204
229
576
365
576
290
576
202
576
460
193
287
294
291
211
576
192
153
281
193
254
200
455
264
275
757
189
294
251
199
293
241
274
849
200
145
259
218
266
163
157
279
218
392
204
762
248
260
669
457
288
267
251
281
270
576
271
245
1273
380
576
612
211
234
184
576
576
310
248
211
183
229
333
310
274
195
282
576
229
242
255
255
217
323
384
235
256
303
302
250
285
280
167
576
273
287
316
268
576
241
190
267
156
285
323
576
180
502
284
271
278
360
336
222
180
300
242
258
216
148
243
171
479
278
216
299
273
354
350
192
259
441
290
244
271
247
294
289
196
327
301
146
254
576
252
629
170
144
295
271
576
576
274
150
224
268
280
855
201
285
218
261
280
258
318
191
242
189
230
576
213
189
732
576
292
274
209
316
277
236
237
220
216
487
171
618
231
576
245
331
652
576
576
318
245
230
576
576
305
576
246
1007
295
285
287
216
294
237
172
241
576
237
576
211
576
153
159
144
231
286
273
318
266
246
576
305
257
576
576
229
249
169
576
242
231
280
197
309
287
352
576
576
420
145
576
280
230
576
248
150
580
225
576
247
160
261
351
271
196
257
276
302
281
230
576
285
264
576
576
244
239
188
282
271
302
371
252
216
576
304
287
168
180
294
144
253
251
576
576
312
576
488
212
596
266
857
263
270
172
576
228
234
576
576
242
250
170
216
230
211
180
213
576
249
576
220
249
248
227
576
241
576
576
269
275
270
280
218
319
239
178
576
223
192
576
256
260
576
303
239
234
576
249
576
576
262
214
678
172
172
572
276
253
284
200
263
576
576
150
403
313
576
295
529
299
258
293
576
181
211
208
225
247
160
182
356
288
225
171
204
144
250
444
576
562
451
203
179
576
283
576
144
576
277
166
311
576
576
316
237
206
236
290
576
415
267
276
459
280
242
202
276
576
211
332
189
303
212
282
233
576
226
291
184
244
211
265
576
252
210
198
240
576
576
220
310
195
576
576
285
237
576
180
286
219
203
521
576
161
576
189
246
401
234
190
217
274
288
231
576
263
223
242
171
576
358
191
257
237
576
576
144
576
311
801
579
199
432
255
576
181
241
744
170
272
576
270
207
576
172
219
375
167
245
354
227
167
150
576
252
168
576
150
237
241
576
260
576
295
269
576
244
290
880
166
291
576
344
210
155
145
281
301
183
242
576
223
576
576
576
153
576
242
703
234
576
264
310
146
235
144
178
325
576
265
590
576
576
228
294
554
144
576
232
576
166
217
576
247
145
272
635
576
256
576
696
576
547
242
168
203
576
317
187
245
576
647
245
576
576
197
211
196
230
372
307
266
576
216
178
187
576
212
576
290
549
227
576
254
277
144
222
576
576
576
576
290
454
593
188
576
576
251
235
158
518
576
286
241
282
276
267
208
576
144
209
576
167
576
307
576
325
576
229
511
270
157
288
224
255
257
292
338
436
576
291
309
152
252
576
349
576
576
266
149
576
185
234
576
430
216
156
236
359
280
279
338
355
225
569
285
576
576
202
153
275
199
229
223
251
576
165
151
333
271
275
576
576
182
226
294
145
247
226
243
576
256
201
192
300
305
576
213
297
576
288
276
210
158
230
576
576
230
146
256
203
263
254
248
202
309
241
576
576
772
576
303
254
354
576
283
236
1154
219
258
237
281
222
576
146
284
576
284
248
576
169
576
577
645
217
576
198
262
258
576
286
216
576
389
576
576
276
213
225
625
245
147
576
197
249
186
576
236
576
232
144
576
221
283
481
576
144
576
159
253
211
160
181
177
216
217
576
177
212
183
576
169
278
191
234
304
211
576
160
194
576
554
576
205
165
576
576
281
272
259
206
557
576
204
228
178
182
576
182
239
535
160
330
228
347
285
576
576
260
272
166
334
258
298
203
576
576
407
206
288
233
144
576
276
178
265
576
183
156
159
175
250
686
227
219
218
360
232
576
225
576
166
276
205
576
576
350
576
291
212
576
576
144
576
299
576
576
238
301
576
176
196
345
192
254
348
244
172
576
200
243
455
148
152
576
235
217
237
576
222
576
576
576
207
286
217
207
576
250
237
290
259
333
152
287
278
311
260
216
230
181
576
263
272
163
576
238
229
249
165
559
576
576
252
576
150
269
657
576
576
371
576
507
246
576
240
576
589
228
576
207
576
195
209
235
309
576
215
250
576
391
576
248
576
326
576
215
819
245
576
239
187
199
268
576
269
477
183
576
576
316
576
594
525
259
174
144
576
204
194
329
199
237
153
146
183
576
243
576
202
576
238
576
576
576
576
287
272
395
240
576
154
194
242
576
144
264
241
233
310
255
748
173
226
576
238
145
287
739
224
576
576
576
236
402
249
279
576
218
576
205
205
576
576
576
316
226
576
576
263
576
165
211
256
203
182
260
604
719
257
576
341
576
208
232
576
310
254
576
193
579
576
294
576
283
561
225
214
274
144
176
576
576
308
270
390
171
246
230
576
181
272
301
576
210
151
288
280
472
576
576
206
215
177
279
214
576
242
576
267
287
202
239
264
262
237
576
297
576
562
160
280
268
398
210
144
576
183
576
224
260
512
323
576
306
576
576
181
167
298
576
242
576
576
144
542
576
576
234
576
576
219
576
632
576
243
576
576
156
176
198
576
576
253
675
279
576
154
576
289
254
163
203
576
155
576
288
237
576
576
152
145
576
275
212
167
243
576
172
152
223
545
576
154
535
144
576
178
576
576
226
211
576
271
576
178
144
576
249
207
347
246
593
144
576
176
576
327
175
183
576
252
576
201
576
231
217
576
292
576
164
647
576
168
576
144
655
298
576
196
274
346
180
576
180
576
576
147
293
271
200
169
144
286
576
576
191
1484
238
284
498
289
245
576
578
241
221
239
229
245
576
193
576
576
192
174
204
576
229
256
261
576
270
576
576
576
469
153
576
249
576
576
260
576
144
193
576
222
164
265
576
576
270
207
576
576
151
576
144
336
219
576
212
162
177
576
256
576
263
178
576
576
576
225
152
576
258
537
217
576
270
576
576
281
213
270
576
221
576
155
527
530
576
149
161
387
385
576
576
576
576
576
210
576
269
272
289
576
213
576
576
224
222
576
308
576
576
576
182
576
576
240
192
288
576
576
576
166
621
144
172
278
576
576
192
218
233
268
147
540
318
699
576
182
193
196
576
250
576
576
576
147
160
333
288
576
250
209
246
576
232
576
225
247
189
576
217
144
576
295
576
199
294
233
576
162
274
147
576
576
243
576
254
226
399
229
576
228
235
576
576
258
576
191
576
291
576
258
248
251
576
576
285
250
576
184
168
319
225
348
576
576
576
576
576
288
576
281
296
576
168
214
576
576
576
237
145
826
576
204
576
605
262
576
203
576
877
576
576
608
576
576
576
207
576
576
159
186
576
377
576
199
288
276
214
196
576
576
175
198
576
576
277
193
280
576
178
576
183
576
576
576
576
174
158
236
226
576
187
576
576
348
576
576
648
576
234
238
233
576
583
303
576
576
144
186
576
576
172
260
162
576
526
499
244
576
576
576
576
216
576
576
576
202
252
576
576
576
576
287
257
542
144
576
160
494
213
576
155
247
785
576
576
286
337
154
576
234
191
263
230
178
249
576
576
576
576
440
576
239
208
189
165
248
480
259
192
576
576
275
235
576
576
216
246
167
240
168
576
144
257
192
576
144
333
184
576
294
403
249
175
576
576
576
237
213
576
212
626
576
155
576
576
576
576
576
576
223
576
156
576
576
172
163
576
149
891
576
223
248
509
246
214
224
576
576
576
576
151
576
576
169
202
162
338
340
184
545
576
287
187
228
576
178
576
144
188
217
576
265
206
184
576
576
576
576
246
177
576
576
297
227
269
734
576
342
576
576
164
576
214
265
215
250
576
576
178
517
227
576
185
576
172
576
576
576
564
576
576
199
576
202
183
576
576
269
148
300
227
576
576
222
576
576
150
576
576
576
576
288
244
200
275
679
418
576
258
300
576
576
576
202
144
195
576
576
585
576
576
144
202
576
242
245
217
174
576
576
294
205
261
576
228
576
576
283
576
576
238
244
576
146
283
585
144
576
576
576
257
576
576
183
326
521
442
212
576
576
185
166
161
225
209
576
576
202
457
246
576
576
161
224
178
254
470
576
166
235
576
144
576
576
576
576
447
576
210
169
190
326
218
873
576
201
576
576
180
576
253
576
576
149
603
576
205
576
225
537
224
174
280
168
201
576
238
576
576
600
576
274
576
234
270
154
218
576
322
165
150
221
402
574
576
576
152
576
576
576
576
576
233
258
195
576
576
252
576
644
201
258
576
187
576
286
270
576
223
215
576
151
287
233
729
576
576
225
534
343
576
576
152
576
254
576
576
576
576
576
187
576
158
168
576
576
236
576
259
267
576
145
576
576
576
576
576
576
576
191
576
576
576
576
218
576
576
302
256
576
235
144
374
576
506
151
150
576
157
212
576
576
576
576
455
219
576
576
576
221
229
576
182
144
206
189
206
559
576
576
288
576
576
723
576
475
545
294
222
182
576
576
576
241
212
158
838
576
576
254
576
576
576
576
241
257
576
159
209
208
144
576
576
154
576
277
576
576
576
245
576
508
576
576
179
576
161
223
203
576
576
237
576
244
576
235
576
230
222
147
210
576
287
576
276
576
148
576
144
576
576
503
186
576
576
570
239
240
192
280
576
191
576
576
576
576
576
171
185
257
210
576
349
576
232
576
576
576
406
201
576
576
268
576
576
243
225
576
173
576
576
576
190
576
154
238
576
576
274
576
559
255
530
576
576
204
605
738
302
181
583
576
284
158
576
576
240
576
576
338
576
576
576
576
158
576
219
258
576
576
576
576
576
576
187
162
576
245
267
576
212
576
255
283
223
160
576
167
275
576
179
576
210
576
576
576
163
576
576
341
247
576
576
193
576
239
576
576
275
576
576
576
337
162
576
576
576
576
576
282
576
235
179
213
576
576
576
576
576
576
198
576
576
375
576
576
162
144
199
268
196
576
576
576
576
576
576
180
576
576
609
576
144
576
576
180
576
201
576
256
300
286
576
166
187
155
576
576
263
145
610
576
576
200
258
576
262
170
286
576
174
576
576
576
576
231
239
576
591
576
240
576
576
198
576
576
576
576
259
206
576
576
576
144
153
164
576
576
576
576
576
576
576
576
172
220
168
576
287
205
237
576
320
227
576
144
194
171
576
278
231
576
165
192
576
576
245
251
576
150
316
200
576
576
476
197
250
576
576
576
576
576
576
144
576
576
285
148
576
162
179
576
576
281
576
160
376
576
523
576
170
576
576
226
189
215
186
576
155
576
185
576
198
147
576
576
436
172
576
425
576
576
197
576
576
233
576
576
166
145
576
576
320
576
576
576
576
181
576
220
277
576
576
576
279
576
576
709
576
184
576
398
317
186
576
576
207
576
576
227
287
576
576
576
576
576
243
170
576
576
576
576
576
266
621
576
576
576
576
191
576
576
576
576
144
218
576
576
153
576
216
169
317
576
508
162
576
216
576
207
457
188
576
576
221
576
576
168
211
172
576
576
576
576
576
576
576
576
576
576
576
576
576
231
576
576
576
219
576
576
576
576
321
576
576
280
576
161
576
576
576
576
218
264
576
214
276
202
166
201
576
172
576
576
576
576
168
245
576
576
576
576
526
576
576
576
198
576
354
576
443
576
576
576
576
576
283
576
356
253
576
277
576
215
576
261
576
576
146
576
576
182
576
236
576
576
248
199
375
576
150
576
144
576
576
147
652
240
553
576
576
576
206
266
576
181
576
576
576
576
576
257
144
576
291
576
576
576
576
260
576
576
576
576
515
576
576
213
576
581
181
230
184
671
195
576
220
222
483
576
179
213
156
576
323
256
576
576
576
246
576
576
263
576
576
422
569
576
144
576
562
576
576
576
226
144
225
201
315
576
576
576
576
242
576
222
576
576
576
331
576
576
213
332
576
211
316
576
576
216
576
576
274
576
199
233
230
576
251
207
201
576
512
576
576
390
576
576
576
576
263
576
576
576
503
576
576
576
176
576
576
576
576
576
228
576
637
152
233
576
576
219
201
576
265
576
576
249
336
576
576
576
199
198
576
576
190
576
615
576
576
576
284
576
576
576
172
156
576
182
576
576
576
197
576
327
240
204
175
188
544
162
576
576
571
576
576
205
576
576
576
576
695
229
576
576
576
247
576
182
576
576
576
217
576
213
187
576
576
257
576
144
315
576
576
576
576
175
576
186
260
211
576
308
241
174
576
327
576
576
482
576
156
576
576
230
231
247
576
227
576
172
576
209
576
576
164
576
182
232
278
576
271
150
576
576
212
576
576
200
542
576
576
444
576
576
576
223
576
576
196
296
576
174
191
576
576
576
576
188
576
576
576
576
576
576
576
269
233
576
576
576
144
336
576
576
213
207
307
576
177
241
576
576
144
576
576
576
576
576
576
576
249
576
576
161
159
576
576
310
576
184
285
576
148
171
576
250
576
178
182
576
576
226
576
170
419
150
576
576
146
576
576
576
572
576
576
289
286
158
171
263
576
576
576
576
576
576
576
144
278
261
492
576
576
204
576
576
576
576
209
576
576
576
576
576
576
576
576
576
576
576
176
674
576
219
236
576
159
299
178
576
165
576
576
576
507
148
576
256
576
576
148
199
576
576
219
576
576
576
576
576
150
576
259
576
576
576
576
576
576
576
576
191
576
576
576
264
576
155
576
576
180
559
576
482
150
576
223
576
576
425
576
576
576
589
576
576
576
576
576
265
171
474
576
576
223
576
576
627
576
564
213
576
274
754
576
218
576
159
576
576
576
235
576
576
576
576
576
576
576
198
576
271
576
576
640
155
270
576
576
576
576
576
576
296
576
576
576
175
261
164
576
576
649
576
576
576
576
576
576
159
576
576
158
225
437
220
321
842
576
166
576
576
576
856
178
576
195
576
576
576
256
576
576
234
576
252
576
576
576
576
152
215
576
576
144
183
576
576
642
678
576
146
576
576
288
576
226
576
576
576
251
228
576
576
576
576
576
237
576
237
576
576
576
576
576
576
576
144
576
295
576
576
576
576
256
221
208
576
576
576
154
576
576
563
170
576
576
576
189
576
327
202
186
576
576
576
171
576
576
576
576
576
576
148
178
144
576
576
576
576
576
531
203
165
576
684
179
576
576
576
576
532
576
144
576
576
576
576
329
576
576
576
265
576
576
246
576
576
576
203
576
150
872
576
576
249
576
576
576
576
159
145
576
319
193
576
576
576
303
576
239
576
243
576
197
576
456
707
576
540
576
234
365
576
576
576
576
262
576
576
208
576
576
154
576
288
144
175
576
495
221
576
218
576
197
648
576
576
576
576
576
576
576
273
576
576
576
264
201
576
576
576
576
576
216
576
146
576
156
576
202
188
527
328
576
576
576
576
576
576
211
493
576
259
576
576
576
211
576
576
576
576
576
209
576
576
228
576
576
576
576
576
443
282
576
576
576
576
152
174
576
177
272
576
576
576
178
259
576
576
576
576
576
576
576
576
576
205
182
477
576
576
576
576
249
643
576
576
576
603
249
144
576
576
576
576
576
576
576
576
576
576
576
576
250
576
923
576
576
218
576
576
257
576
256
170
576
576
256
576
576
576
576
188
257
576
308
646
576
236
576
185
576
576
576
576
576
576
576
576
576
576
225
576
576
576
576
576
576
153
576
253
576
176
576
576
576
187
265
576
576
576
576
244
576
576
679
576
576
576
182
576
576
576
576
152
576
153
576
576
576
576
228
284
242
576
576
203
576
576
576
144
220
242
576
171
576
215
576
576
234
576
576
576
576
576
576
576
576
576
576
576
576
333
576
576
576
576
175
576
1016
161
576
576
568
576
576
576
576
249
243
576
576
576
416
272
576
576
576
149
576
576
576
576
155
576
182
182
576
144
576
226
576
576
495
576
576
787
576
576
576
576
576
576
576
576
167
576
214
576
628
228
576
284
576
576
576
576
576
576
576
576
252
576
576
576
576
576
576
576
576
576
302
576
576
576
576
576
576
576
576
576
576
576
576
576
378
576
576
144
576
576
576
576
576
576
238
1080
160
576
267
576
576
576
380
576
576
576
576
576
576
154
190
576
576
576
576
576
238
576
245
576
576
576
317
230
576
576
256
208
576
576
576
517
576
576
178
576
235
576
576
469
576
608
576
144
576
576
576
576
576
183
576
576
576
183
576
576
576
576
576
576
209
576
381
576
246
152
576
576
576
576
576
576
576
576
214
576
576
576
576
576
144
241
576
576
576
576
576
576
156
576
576
576
335
241
576
576
144
576
576
576
146
576
576
576
235
484
576
576
576
576
576
456
576
576
182
157
576
595
576
576
576
576
576
576
576
146
881
576
576
254
276
557
576
144
576
576
576
576
576
576
222
377
576
144
174
576
576
576
576
576
576
503
576
576
576
144
576
533
164
576
576
576
151
576
576
576
317
320
194
576
576
576
576
183
439
576
576
149
576
576
576
576
576
576
576
576
183
167
576
576
576
318
576
189
188
576
217
576
576
576
576
233
576
187
220
351
576
576
200
184
240
576
576
576
576
576
194
163
576
576
193
576
576
200
576
576
576
576
165
576
238
576
576
576
576
204
576
576
576
576
576
576
576
576
291
576
576
576
576
204
576
144
576
576
576
576
278
576
293
576
576
576
576
314
576
576
576
576
576
576
576
576
576
576
777
576
164
576
576
576
576
310
212
576
576
576
576
150
209
576
576
576
166
576
576
485
212
284
576
576
576
180
576
576
576
576
576
576
576
576
148
144
576
805
576
576
576
576
576
213
234
576
576
576
164
576
576
576
576
576
270
576
576
167
576
157
576
576
169
576
576
576
148
497
576
576
576
576
576
576
576
258
576
576
576
308
201
198
576
252
259
576
160
576
576
576
576
576
576
576
576
576
576
576
170
576
576
144
239
576
576
148
576
252
576
576
576
576
576
576
576
245
576
576
576
576
576
576
576
576
576
158
440
831
144
576
576
576
576
144
173
576
207
178
576
576
576
576
576
576
576
576
181
576
576
576
576
340
576
576
446
576
576
576
151
576
576
576
576
576
576
144
167
199
576
249
576
170
576
589
265
576
576
239
223
576
461
576
576
180
576
576
576
576
576
576
576
180
328
576
576
270
576
576
576
576
576
576
144
576
576
576
576
576
576
204
161
576
576
576
205
576
576
576
576
576
576
278
167
576
576
576
310
576
576
576
576
589
576
576
576
576
322
576
166
576
576
576
576
253
576
576
455
226
576
576
576
576
576
576
576
250
576
656
576
218
547
576
576
195
576
576
576
576
176
206
381
310
170
576
576
576
576
576
576
576
576
298
576
576
576
576
576
576
239
576
576
576
576
576
840
576
576
146
576
576
576
144
576
576
576
289
576
576
576
576
576
576
576
576
213
576
566
261
265
576
155
576
576
576
576
576
576
576
576
576
576
576
576
576
576
256
193
576
307
187
576
631
266
576
576
576
576
576
576
576
156
576
324
576
312
576
576
290
576
576
576
576
576
576
159
168
576
144
576
285
576
323
576
576
576
576
576
576
576
576
576
576
576
474
933
576
576
576
576
576
576
576
576
147
576
576
576
576
464
576
576
576
576
576
576
576
252
576
576
576
145
576
576
576
576
576
263
576
576
576
253
576
576
186
271
375
576
576
576
576
576
576
576
576
576
289
576
576
576
576
576
576
576
576
576
219
576
576
576
576
576
576
576
165
576
576
576
176
576
576
576
576
292
576
576
576
576
576
576
576
576
576
576
576
576
576
576
576
213
576
576
576
576
576
168
576
576
563
576
576
609
576
576
186
233
576
576
576
576
576
576
200
576
576
576
576
576
150
576
576
576
576
546
576
576
576
576
576
576
576
576
576
576
261
576
273
384
576
576
653
144
199
576
576
576
576
576
161
576
576
576
576
576
576
576
576
576
576
576
576
576
576
576
576
576
576
576
576
576
576
189
576
576
228
576
576
576
576
576
576
576
576
576
576
268
576
576
220
424
576
576
576
165
576
576
576
283
576
576
576
200
576
576
270
576
237
576
576
328
199
576
576
576
555
576
154
576
576
576
576
576
576
576
576
576
576
576
231
472
576
576
576
576
576
244
576
576
166
290
567
576
157
182
576
576
576
576
576
576
576
576
576
197
576
576
576
576
576
576
576
576
226
576
576
576
576
576
576
576
576
576
576
576
576
576
576
576
576
576
636
576
576
576
576
576
576
576
576
341
576
576
145
298
576
616
576
576
576
576
212
576
576
576
576
576
152
576
214
149
576
576
576
431
576
576
576
576
144
144
576
576
576
244
576
576
576
576
576
220
576
576
576
158
576
576
576
264
576
576
576
576
576
576
576
576
241
576
576
576
576
576
576
576
576
576
750
384
576
576
576
576
576
576
576
576
576
576
576
576
576
576
576
576
576
154
191
576
232
576
576
163
576
576
576
576
576
576
576
194
190
576
576
576
576
576
865
576
576
576
576
576
576
576
576
576
576
576
576
576
576
576
576
576
164
144
156
228
576
576
576
576
553
576
576
576
576
576
548
576
145
576
576
576
149
283
576
266
240
576
576
576
264
146
576
576
150
349
576
576
576
171
576
576
576
576
576
576
576
576
386
576
576
576
576
486
576
576
576
576
576
576
576
576
188
576
576
576
890
576
576
439
576
576
576
576
576
576
576
576
576
273
576
576
576
576
576
219
576
576
576
576
576
576
552
576
576
576
576
576
576
217
576
576
576
576
576
576
576
576
576
576
253
576
585
379
576
576
576
576
576
576
304
576
576
216
576
576
576
576
576
576
576
144
474
576
576
576
576
576
576
180
576
265
576
576
576
576
163
576
576
576
576
576
576
576
576
576
576
576
576
576
576
579
149
576
812
576
576
576
576
576
576
576
576
576
279
576
576
749
576
153
173
170
576
576
576
576
576
576
576
576
576
576
576
576
214
576
576
576
576
576
576
576
576
245
576
576
511
576
576
576
576
576
576
576
576
576
576
144
576
445
174
576
576
316
576
162
576
576
576
576
576
576
576
175
576
576
576
150
576
576
278
268
576
576
576
576
576
576
576
576
576
576
576
576
576
576
576
576
576
576
576
576
576
576
144
576
576
576
576
241
576
576
576
576
576
576
576
576
287
576
576
218
576
576
576
576
576
193
576
576
576
576
576
188
576
538
576
265
576
576
576
144
576
576
576
576
576
201
527
576
471
576
576
576
576
519
576
576
576
576
576
576
576
576
576
576
193
576
576
576
576
576
576
144
576
576
576
151
225
576
576
576
576
576
576
576
576
576
576
576
576
576
576
576
576
576
576
576
148
576
576
576
159
576
216
239
151
576
576
576
576
576
576
576
576
576
576
576
576
576
576
162
576
576
576
576
576
576
576
576
576
576
576
576
576
576
576
576
576
576
223
576
576
576
576
576
576
576
576
576
576
145
576
576
576
576
576
576
643
576
576
576
576
576
576
576
576
576
576
576
576
576
576
576
173
576
576
576
209
576
853
576
576
576
576
181
576
576
576
576
576
242
576
480
576
576
576
576
576
576
576
576
576
576
576
576
576
576
576
576
576
576
576
576
576
576
576
576
576
576
576
576
576
576
576
162
576
576
576
576
576
165
576
576
181
267
576
576
576
576
560
576
576
576
191
281
576
576
576
576
576
576
576
305
576
576
162
576
576
163
611
576
576
576
576
576
576
475
576
576
175
576
576
576
576
576
576
576
576
576
576
576
576
576
576
576
576
576
576
576
180
576
576
159
209
576
576
576
576
576
208
576
576
576
576
576
576
576
576
576
576
576
576
576
576
576
576
576
576
576
576
576
576
576
576
576
153
576
576
576
576
576
576
576
460
576
576
576
576
576
576
576
576
576
576
576
156
576
576
576
576
576
576
576
576
576
576
576
576
576
576
415
576
576
576
576
576
209
576
576
576
576
614
576
576
576
576
240
158
576
576
576
576
144
576
576
576
576
576
576
576
576
576
466
576
576
576
576
576
576
576
576
576
576
576
576
576
576
267
576
576
576
576
576
576
576
201
576
576
576
576
281
576
576
576
576
576
576
576
576
576
576
576
576
447
576
576
576
576
576
576
576
576
222
576
576
576
576
576
576
576
576
576
576
576
260
592
576
576
576
576
576
576
576
498
576
576
576
576
576
161
576
576
576
576
576
576
576
576
576
576
576
576
576
314
576
576
154
576
576
576
576
576
576
144
576
576
576
576
576
576
165
576
576
576
148
144
576
272
576
576
576
576
576
207
153
576
576
576
576
576
612
576
158
576
185
576
576
576
576
576
576
576
576
576
576
576
576
576
575
576
576
576
576
571
576
576
576
302
576
576
576
576
576
576
576
576
576
213
281
576
576
176
576
576
576
576
576
576
576
576
576
169
576
576
576
576
576
576
307
576
576
576
576
576
576
576
576
576
576
576
576
576
576
576
576
576
576
576
146
576
576
576
576
576
576
576
576
576
576
576
576
576
576
266
576
576
576
576
576
576
576
576
576
576
576
520
576
576
576
576
576
576
576
576
576
576
576
576
576
576
151
576
576
576
180
576
576
340
576
576
576
576
576
576
576
576
576
576
576
227
576
576
576
576
218
576
576
576
576
576
576
576
576
576
576
237
576
576
576
576
576
543
576
576
145
576
576
576
576
576
576
576
576
576
576
576
576
576
576
576
576
576
156
576
254
576
576
576
576
576
576
576
576
576
576
576
147
576
576
576
576
576
153
576
576
576
576
576
576
576
425
576
576
576
576
576
231
576
576
576
576
576
576
576
181
576
576
576
576
576
576
576
576
576
576
576
576
576
576
576
576
576
576
439
576
576
576
576
576
576
869
576
144
576
576
576
576
576
576
576
576
576
576
184
576
249
576
274
576
576
576
576
457
576
576
148
156
576
576
576
576
576
576
576
576
576
576
287
174
576
576
257
233
576
576
576
576
576
576
576
576
576
576
576
576
576
576
576
576
195
155
576
576
576
576
576
576
280
576
576
576
576
576
576
155
576
576
211
576
576
576
576
576
576
576
576
207
576
144
576
576
576
576
576
576
576
576
576
576
576
576
576
576
183
576
576
576
576
156
576
576
576
576
576
576
576
576
576
576
576
428
576
576
576
825
576
192
460
515
576
576
576
576
576
216
576
576
576
576
576
576
576
576
576
576
576
576
576
221
576
576
576
576
576
576
576
576
576
571
576
576
576
576
576
184
576
576
576
576
576
576
576
576
576
165
576
576
576
576
576
576
576
576
576
576
576
576
576
576
576
576
576
576
158
186
576
576
576
576
216
576
576
248
576
576
576
576
576
576
576
576
576
576
576
559
576
576
576
576
576
576
576
576
576
576
576
576
576
576
576
576
576
576
576
576
576
576
576
576
576
576
162
576
576
576
576
219
576
146
576
576
576
576
274
576
576
576
576
576
598
576
576
576
576
576
576
576
576
576
576
576
576
576
576
576
576
576
576
576
576
159
576
576
576
576
576
576
576
508
576
576
576
576
576
576
576
576
576
576
144
272
177
576
576
576
576
576
576
576
576
576
576
576
576
160
576
576
576
214
576
576
576
280
576
163
576
576
576
576
576
576
576
576
227
576
576
576
576
576
576
576
576
576
576
576
576
576
576
576
576
576
576
576
576
576
576
186
576
576
576
576
576
576
576
576
576
174
576
576
576
576
576
208
576
576
576
576
576
576
576
576
576
576
576
576
576
576
576
576
576
576
576
576
183
576
459
576
576
576
576
576
576
576
576
576
576
576
576
576
576
576
576
576
576
608
576
576
576
576
576
576
576
576
576
576
576
576
503
576
576
576
576
498
576
576
576
576
576
227
576
576
576
576
576
576
576
163
576
576
576
576
162
576
576
576
576
576
576
576
576
576
147
576
576
576
576
576
576
576
576
576
576
515
576
576
576
576
576
576
576
576
576
576
576
150
576
576
576
576
576
576
576
576
576
576
576
576
576
576
576
576
576
189
576
598
576
576
576
576
576
576
576
576
576
144
576
576
576
576
576
530
576
576
576
194
576
576
198
209
576
200
480
576
576
153
576
576
576
576
483
233
576
576
576
576
186
576
576
293
576
576
576
576
576
576
285
576
576
576
576
576
576
576
576
576
576
576
576
576
576
576
413
149
576
576
576
576
576
576
576
576
576
576
382
576
576
576
576
576
462
576
576
576
576
576
576
697
153
576
147
211
576
576
576
220
576
576
576
576
576
576
576
576
576
576
576
576
576
576
576
576
576
576
576
576
576
883
576
576
576
144
576
576
576
576
576
576
160
576
576
576
576
576
225
576
576
144
576
576
576
576
576
298
212
576
576
576
374
576
576
576
576
576
576
576
576
576
576
576
576
576
576
576
576
576
576
576
576
576
576
576
576
576
576
576
213
246
576
576
576
576
576
576
576
576
576
576
576
576
576
576
576
576
576
576
576
576
576
576
576
576
576
576
576
173
576
576
576
576
576
576
576
576
576
576
576
576
576
576
153
576
576
576
576
166
576
576
576
576
576
576
576
576
147
576
576
576
272
576
576
304
576
576
576
311
576
576
576
255
576
576
170
576
576
576
576
576
576
576
576
576
576
576
576
576
576
576
576
576
576
576
576
576
348
576
576
576
576
576
576
576
576
576
576
576
409
576
576
576
576
576
576
576
576
576
576
576
576
576
576
576
576
576
576
576
576
576
576
576
576
576
576
576
576
576
576
576
576
576
576
576
576
576
576
183
576
576
576
576
576
576
576
576
576
576
576
576
576
576
576
576
576
576
576
576
576
576
576
144
576
576
576
576
576
576
576
576
576
576
576
576
146
576
576
576
576
576
576
207
576
202
576
576
576
576
576
576
576
576
576
576
576
576
576
576
576
576
576
154
576
576
576
576
190
576
576
576
576
576
179
576
576
576
576
576
576
576
576
576
576
576
576
576
576
576
576
576
576
576
576
576
576
576
175
576
576
495
576
576
576
576
576
576
576
266
576
576
576
144
576
576
403
576
576
576
576
576
576
576
576
576
576
576
576
417
148
576
576
576
576
576
576
576
576
576
576
576
576
576
576
576
576
576
576
576
576
185
576
576
576
576
576
576
576
576
576
576
509
631
576
576
576
576
576
576
576
576
570
576
576
576
576
201
576
576
576
576
576
576
576
576
576
576
469
576
697
576
576
442
576
576
576
576
576
576
576
576
433
348
220
576
576
576
576
347
370
576
576
400
524
576
576
576
576
576
576
576
576
576
576
576
361
576
404
576
576
576
283
576
576
576
576
576
576
576
576
160
576
576
576
576
576
191
576
576
576
576
576
576
576
576
576
576
182
510
576
576
576
576
576
576
576
576
576
576
501
576
576
576
156
576
576
576
576
576
576
576
576
576
576
576
576
576
576
576
576
576
576
576
576
576
576
576
576
576
576
576
576
576
576
576
576
576
527
576
576
576
576
576
576
576
576
576
214
153
576
576
576
576
576
576
566
576
576
576
576
309
177
576
576
615
576
576
219
576
576
576
576
576
576
576
576
576
576
576
576
576
576
200
576
154
576
576
576
576
576
718
576
576
576
576
576
576
576
576
576
146
576
576
576
576
576
576
576
576
576
576
576
576
576
576
576
576
576
576
576
576
154
576
576
576
576
576
576
576
576
576
178
576
576
576
576
150
576
157
576
576
576
576
576
576
576
576
576
576
576
541
576
576
576
576
576
576
576
576
192
576
576
576
540
576
576
576
576
576
576
576
475
576
576
576
576
576
576
576
576
576
576
576
576
145
576
576
576
576
576
576
576
576
576
576
576
576
576
576
161
576
576
211
576
576
576
576
576
576
576
576
576
576
576
576
576
576
576
576
576
576
576
576
576
576
576
576
576
576
576
576
576
576
576
576
576
576
576
576
576
576
576
193
576
188
576
576
576
576
576
576
576
576
576
576
576
576
576
576
207
204
576
576
576
217
576
576
576
576
576
233
576
576
576
576
576
576
576
576
576
576
576
576
576
309
576
576
576
576
576
576
576
576
576
576
576
576
248
576
576
576
576
576
231
576
576
576
576
576
576
576
576
200
576
576
576
322
576
426
576
576
576
576
576
576
576
576
576
576
576
576
169
576
576
576
576
576
576
576
576
576
576
576
576
481
576
576
576
576
576
576
235
576
576
576
576
576
479
576
576
576
576
576
576
576
576
576
576
576
576
444
186
576
576
576
576
576
385
488
576
576
576
576
576
576
576
576
576
576
576
576
576
576
576
576
576
576
576
576
576
576
576
576
576
576
576
576
576
576
576
576
576
576
576
576
576
576
576
576
576
576
452
576
576
576
576
576
576
576
576
576
576
576
576
576
199
576
576
576
576
576
576
2049
576
576
576
576
576
576
145
576
576
576
576
576
576
576
576
576
576
576
576
576
576
576
576
576
576
581
576
576
576
576
576
576
576
576
576
576
576
576
576
576
576
576
576
576
576
576
576
576
576
576
576
576
576
576
576
576
576
576
576
576
576
576
576
576
576
576
576
145
576
576
576
558
576
576
576
576
576
576
576
576
576
380
576
576
576
576
576
147
576
576
576
576
576
576
576
576
215
576
576
145
576
576
576
576
576
576
576
576
576
576
576
576
576
576
576
576
576
576
576
576
576
576
576
576
576
576
576
576
576
576
576
576
576
576
576
576
576
576
576
576
175
576
576
576
230
576
224
576
576
576
576
576
576
576
161
576
576
576
576
576
576
576
576
576
576
2049
576
576
576
576
576
576
576
576
576
576
576
576
576
576
576
576
576
192
576
576
576
576
576
576
576
576
576
576
576
576
576
576
576
576
306
576
576
576
576
576
576
576
576
576
576
576
576
155
576
576
576
576
576
576
213
576
576
576
576
576
576
576
576
576
576
576
576
576
576
576
576
576
576
576
576
576
576
576
576
576
576
266
576
576
576
576
576
397
576
576
576
576
576
576
576
576
576
397
576
576
576
576
576
576
576
576
576
576
576
576
576
576
576
576
576
576
410
576
576
576
230
247
576
576
576
576
576
576
576
576
576
205
576
576
576
576
576
576
576
198
576
576
576
576
576
576
576
576
576
186
576
576
576
576
576
506
576
576
576
576
576
576
576
576
576
864
576
576
576
576
576
576
576
576
576
576
576
576
576
576
576
576
576
576
576
576
576
576
244
576
576
576
576
619
360
576
576
535
552
576
576
576
576
576
576
576
576
576
576
576
576
576
576
576
576
576
576
576
576
576
576
576
576
576
576
576
474
576
576
576
576
576
576
576
576
576
576
576
576
162
576
576
576
576
576
576
576
576
576
576
576
576
576
576
576
576
576
576
576
576
576
576
576
576
576
576
576
576
576
576
576
576
576
576
576
576
576
144
576
576
576
576
576
576
576
576
576
576
576
576
225
576
576
576
576
576
576
576
576
209
576
214
576
576
576
576
576
576
576
576
576
576
576
576
576
576
576
576
144
576
576
310
653
576
145
576
576
576
576
576
268
576
576
576
576
576
576
576
576
576
576
172
576
576
576
576
576
576
576
576
576
576
144
576
576
576
576
576
576
576
188
576
576
576
576
576
576
576
576
576
576
576
576
576
576
576
576
447
576
576
576
576
576
576
576
576
215
576
576
576
576
576
576
576
576
146
576
576
576
576
576
576
576
576
576
576
576
576
576
576
576
576
576
576
576
576
576
576
576
491
576
576
576
576
576
576
576
576
576
576
576
576
576
576
576
576
576
576
576
576
576
478
576
576
576
576
576
576
539
285
576
576
576
576
576
576
576
576
576
576
576
147
576
576
576
576
576
576
576
576
576
576
576
576
576
576
576
576
576
164
576
576
576
576
576
576
576
576
576
576
576
576
576
576
576
576
576
373
576
576
576
576
403
576
576
576
576
576
576
576
576
576
576
576
576
576
576
167
576
576
147
356
576
576
576
576
576
576
576
576
576
576
576
576
576
576
576
576
576
576
576
576
576
576
576
576
576
576
576
576
576
576
576
576
576
576
576
576
576
576
576
576
576
576
576
576
576
263
576
576
152
576
576
576
576
576
576
576
576
576
576
576
576
576
576
522
576
576
576
576
576
576
576
576
576
576
576
576
576
576
576
576
576
576
576
576
576
576
576
576
219
576
576
162
212
576
576
576
576
576
576
576
576
576
576
576
576
576
576
576
576
576
576
576
576
576
576
576
562
576
576
576
576
576
576
576
576
576
576
576
576
576
576
576
576
576
576
576
576
576
576
576
182
576
576
576
452
576
576
576
576
576
576
576
576
576
576
576
576
459
576
576
576
576
576
576
576
576
145
576
576
576
576
576
576
576
576
576
576
1099
576
576
576
275
576
576
576
576
576
576
576
576
576
576
576
576
576
576
576
576
576
576
576
576
576
314
576
576
576
576
576
576
576
576
576
576
576
576
576
576
576
160
576
576
576
576
576
576
576
576
576
373
576
576
576
576
576
576
576
576
576
576
576
576
576
576
576
576
576
576
576
576
576
576
576
576
580
576
576
576
576
576
576
576
576
576
576
576
576
576
576
576
576
576
333
576
576
576
576
576
576
576
576
576
576
576
576
576
576
576
576
576
576
576
576
576
576
576
576
576
576
576
576
576
576
576
576
576
576
576
576
576
576
576
576
576
576
173
576
576
576
576
251
576
576
576
576
576
576
218
576
576
576
576
576
576
234
576
576
576
576
367
576
576
576
576
576
576
576
576
576
576
576
576
576
457
576
576
576
576
576
576
576
576
576
576
442
576
576
576
576
576
576
576
576
576
576
428
576
576
576
576
576
576
576
576
576
576
576
576
576
576
576
576
576
576
418
576
576
576
576
576
576
576
576
576
576
576
576
576
576
576
576
576
576
576
521
576
576
576
576
461
576
576
576
576
576
576
576
173
576
576
478
576
576
576
576
576
576
576
576
576
576
576
576
576
576
576
576
576
576
576
576
576
576
576
576
576
576
576
576
576
576
576
576
576
576
576
576
576
576
576
576
576
576
576
220
576
576
576
576
576
576
576
576
191
576
419
576
164
576
576
576
276
576
576
576
576
576
576
576
576
576
470
576
576
576
576
576
576
576
576
576
576
576
576
576
576
576
576
353
576
576
576
576
576
576
168
576
576
576
576
576
576
576
576
576
576
576
576
576
296
576
576
576
576
576
486
576
576
576
576
576
576
576
576
576
270
193
576
576
576
576
576
576
576
576
576
576
607
576
576
576
576
576
576
576
179
576
576
576
576
576
576
576
576
576
576
576
576
576
576
576
576
576
576
576
576
576
576
576
576
576
576
576
576
576
219
576
576
576
238
576
576
576
576
576
576
576
576
576
576
576
576
576
576
576
576
576
576
576
576
576
576
576
576
576
576
576
364
576
294
576
576
576
576
209
474
576
183
576
576
576
576
576
576
576
576
576
576
576
576
576
576
576
576
576
169
576
576
576
576
576
576
576
564
576
576
576
576
576
576
576
576
576
576
576
576
576
576
576
576
576
576
576
576
576
576
576
576
576
576
576
576
576
576
576
576
576
576
576
576
576
576
576
576
576
206
576
576
576
576
576
576
576
576
576
576
576
576
576
576
576
576
576
576
576
263
576
576
576
576
576
576
576
576
576
576
576
576
576
576
576
576
576
576
576
576
576
576
576
576
576
576
576
576
576
576
576
576
576
576
576
576
576
576
576
576
576
576
576
576
576
576
576
576
576
576
576
576
576
576
576
576
576
576
189
576
347
576
576
576
576
576
576
576
576
576
576
576
576
247
576
576
576
576
576
576
576
480
576
576
576
576
576
226
576
576
576
576
576
576
576
576
576
576
576
576
576
229
162
576
576
576
576
576
576
576
576
576
576
576
921
576
576
576
576
576
576
576
576
576
576
576
576
576
576
231
576
576
576
576
576
576
576
576
576
576
612
576
576
576
576
576
576
576
218
576
576
576
576
576
205
576
576
576
213
576
576
576
576
576
576
576
576
576
576
576
576
576
576
576
576
576
576
576
576
576
576
576
576
576
576
576
576
576
576
576
576
576
576
576
576
576
576
576
172
576
576
576
576
576
576
576
576
158
576
576
576
576
576
576
576
576
576
576
576
576
576
576
576
576
576
576
576
168
576
576
576
576
576
576
576
576
576
576
576
576
576
576
576
576
576
576
576
576
576
576
576
576
576
576
576
576
576
576
210
576
576
576
576
576
576
576
576
576
576
576
576
576
576
576
576
576
576
576
576
651
249
576
576
576
576
576
576
576
576
144
576
576
576
576
576
576
576
576
576
576
576
576
576
576
576
576
576
576
221
576
576
576
576
576
576
576
576
576
576
258
576
576
576
576
576
576
576
576
576
576
576
576
576
576
576
576
576
576
576
576
576
576
144
576
576
576
576
576
576
576
576
576
576
576
576
576
576
576
576
576
576
576
576
576
576
218
576
576
576
152
576
492
576
576
576
576
576
576
576
576
576
576
576
576
576
576
576
576
576
576
576
576
576
261
576
576
191
576
576
576
576
576
576
576
576
576
576
576
576
576
576
576
576
576
576
576
576
576
576
299
576
576
576
576
576
576
576
576
576
576
576
576
576
576
576
576
576
576
576
576
576
576
144
576
576
576
576
576
317
576
576
576
576
576
576
576
576
576
576
576
348
576
576
576
396
192
576
576
576
576
576
576
494
576
576
576
249
576
576
160
576
576
576
576
576
576
305
576
576
576
576
576
576
576
576
576
576
576
576
576
576
576
576
576
576
576
576
196
576
576
576
576
576
576
576
576
576
576
576
576
576
576
576
576
576
576
576
576
576
576
576
576
576
576
576
576
576
576
576
576
672
576
421
576
576
576
576
576
576
576
576
576
576
576
576
582
576
576
576
576
576
576
576
576
576
576
576
445
576
576
576
576
195
576
576
576
576
576
576
576
576
576
576
576
576
576
576
359
576
576
576
576
576
576
576
576
576
576
576
576
576
576
576
576
576
576
576
576
576
576
576
576
576
576
556
576
576
576
576
576
156
576
576
576
576
576
576
576
576
576
576
576
153
576
576
576
576
576
576
576
576
576
576
576
576
576
576
576
576
576
576
576
576
576
576
576
576
576
576
576
576
576
576
771
576
576
518
576
576
576
576
576
576
576
576
576
576
576
576
576
576
576
576
576
576
244
576
576
576
576
576
576
576
576
317
576
576
576
576
576
576
576
576
576
576
576
576
576
576
576
576
576
576
576
576
576
576
576
576
576
576
576
576
461
576
576
576
576
576
576
576
576
576
576
576
576
576
576
576
576
576
576
576
576
576
576
576
576
576
576
576
576
576
576
576
576
576
576
576
576
576
186
576
576
576
576
576
576
576
576
576
576
576
576
576
576
576
576
576
576
576
576
276
576
576
479
576
576
576
576
576
576
576
576
576
576
576
576
576
576
576
576
497
576
576
576
576
576
576
576
576
576
576
576
576
576
576
576
576
576
576
576
576
576
576
576
576
576
576
576
576
576
576
576
576
576
576
576
576
576
576
576
576
576
576
576
576
576
576
576
576
576
576
576
576
576
576
576
602
576
576
576
576
576
576
576
576
576
576
576
576
576
576
576
576
576
576
576
576
576
576
576
576
576
576
576
576
576
576
576
576
576
576
576
576
576
576
576
576
342
576
576
576
576
576
576
604
576
576
576
576
576
576
576
576
576
576
576
576
576
576
576
576
576
576
576
576
576
576
576
618
576
576
576
576
576
576
576
576
576
576
576
576
576
576
576
576
576
576
576
576
576
576
576
576
576
576
576
576
576
576
576
576
576
576
576
576
576
576
576
576
576
576
576
576
576
576
576
576
576
576
576
576
576
576
576
576
576
231
576
576
576
576
576
576
576
576
576
576
576
576
576
576
576
576
576
576
191
472
576
576
144
576
576
576
576
576
576
576
576
576
576
576
576
576
576
576
576
576
576
576
576
576
576
576
576
576
576
576
576
576
576
576
576
576
576
576
576
576
576
576
576
576
576
1176
576
576
576
576
576
576
576
576
576
576
576
576
576
576
576
576
576
576
576
576
576
576
576
576
576
576
179
576
576
576
576
576
576
576
576
576
576
576
576
576
576
576
576
576
576
576
576
576
576
576
576
576
576
201
576
576
576
576
576
576
576
260
576
576
576
576
576
576
576
278
576
576
576
576
576
576
576
576
576
576
576
576
576
576
576
576
576
576
576
576
175
576
576
576
576
576
576
576
576
576
576
576
576
576
576
576
576
576
576
576
576
576
404
576
202
576
576
576
576
576
576
576
576
576
576
576
576
576
576
576
576
576
576
576
640
576
576
576
576
576
576
576
576
511
576
576
576
576
576
576
576
576
576
576
197
576
576
576
214
576
576
576
792
576
576
576
576
576
166
576
576
568
576
576
576
576
576
576
576
576
576
576
576
576
576
576
144
576
576
576
576
157
576
576
576
576
576
576
576
576
576
576
144
576
576
576
576
576
576
576
576
576
576
576
576
576
576
576
576
576
576
576
576
576
576
576
576
576
576
576
576
576
576
576
576
576
576
576
576
576
576
576
576
576
576
576
576
576
576
576
576
576
576
576
576
199
576
576
576
576
576
576
576
576
576
576
576
576
150
576
576
576
576
576
576
576
576
576
576
576
576
576
576
576
576
576
576
576
576
576
576
576
576
576
576
576
576
576
576
576
576
576
576
576
576
576
576
576
576
576
576
576
490
576
487
576
576
576
576
548
576
576
576
576
576
576
576
576
576
576
576
576
576
576
576
576
576
576
576
576
576
576
576
576
482
576
576
148
576
576
576
576
576
576
576
576
576
576
576
576
576
576
576
576
576
576
576
576
576
576
576
576
576
576
576
576
576
453
576
576
576
576
203
576
576
576
576
576
576
576
576
576
576
576
576
576
576
576
528
576
576
576
576
434
576
576
576
576
576
576
576
576
576
576
576
576
576
576
576
576
576
576
576
576
576
576
576
576
576
576
576
576
576
576
576
576
576
576
576
576
576
576
576
576
576
576
576
576
169
576
576
576
576
261
576
576
576
576
576
576
576
576
576
576
576
150
576
576
576
459
576
576
576
576
278
576
392
576
576
576
576
576
576
260
576
576
576
576
576
576
576
576
576
576
576
576
576
576
576
576
576
576
576
576
576
576
576
576
576
576
576
576
576
576
576
621
576
576
576
531
576
576
576
576
576
576
576
576
576
576
576
576
576
144
576
576
576
407
576
576
576
576
469
576
576
576
576
576
576
576
576
472
576
576
576
550
576
576
576
576
576
576
576
576
576
576
576
576
576
576
576
576
576
576
569
576
576
576
576
576
576
576
576
576
576
576
576
576
576
576
150
576
576
576
576
576
576
576
576
576
576
576
550
576
576
576
576
576
576
576
576
493
169
576
576
576
576
576
576
576
576
576
455
287
576
576
576
576
576
576
576
576
576
576
464
576
576
576
576
576
576
576
576
576
576
576
576
576
576
576
576
576
576
576
225
576
576
576
576
576
576
576
576
461
576
576
576
576
576
576
576
576
576
576
576
576
576
576
576
576
576
576
576
576
576
576
576
576
576
576
576
576
576
576
576
576
576
576
576
576
576
576
576
576
576
576
576
576
576
576
576
576
576
576
576
576
576
576
576
576
576
576
576
576
576
576
576
459
576
576
453
576
576
576
576
576
576
576
806
576
576
576
576
576
576
576
576
576
576
199
576
576
576
576
576
576
576
576
169
576
576
576
576
576
576
576
576
576
576
576
576
576
576
576
576
576
576
576
576
576
576
576
576
576
576
576
576
576
178
576
576
576
576
576
154
576
576
576
576
576
576
576
576
576
576
576
576
466
576
621
576
576
576
576
576
576
576
576
576
576
576
576
576
576
576
576
576
576
576
365
576
576
576
644
576
576
576
576
576
576
576
576
576
576
576
209
576
576
576
576
576
576
576
576
212
576
576
576
576
576
576
576
576
576
576
576
576
280
576
576
576
576
576
576
576
576
576
576
146
576
576
576
576
576
576
576
576
576
279
576
576
576
576
576
576
576
576
576
576
576
576
576
576
576
576
576
576
576
576
576
576
576
576
576
576
576
576
576
576
576
576
576
576
576
576
576
576
576
576
576
576
576
576
576
576
576
576
576
576
576
576
576
576
576
576
576
576
576
576
576
576
576
576
576
576
576
576
576
576
576
576
576
576
576
576
576
576
576
576
576
576
576
576
576
576
576
576
576
576
576
576
576
576
576
576
576
576
576
576
576
576
638
576
576
576
576
576
1308
576
576
576
576
576
452
576
576
576
576
576
576
144
576
576
576
576
576
576
576
576
576
576
576
576
576
576
445
576
576
576
576
576
576
576
576
576
576
576
576
576
576
576
576
576
576
576
576
576
576
576
576
576
576
576
576
576
576
196
576
576
576
576
576
576
576
576
576
576
576
576
576
576
576
576
576
576
576
576
576
576
576
576
576
576
576
576
576
576
576
576
576
576
576
576
576
576
576
576
576
576
576
576
576
576
576
576
576
576
576
576
576
281
145
576
576
576
576
576
576
576
576
576
576
576
576
576
265
576
576
576
576
576
576
576
576
398
576
576
576
576
576
576
576
576
576
576
576
567
576
576
576
576
576
576
145
576
576
576
576
576
576
576
576
576
576
576
576
576
576
576
576
576
576
576
576
576
576
576
576
576
576
576
576
576
576
576
576
576
543
576
152
576
576
576
576
576
576
576
576
576
576
576
576
576
576
576
576
576
576
576
576
576
576
576
576
576
576
576
576
576
576
576
576
576
576
576
576
576
576
576
189
576
576
576
576
576
576
576
576
576
576
576
576
576
576
576
576
576
576
576
576
576
576
576
576
576
576
576
576
576
576
576
576
576
576
576
576
576
576
428
157
576
576
576
576
576
576
576
576
576
576
576
576
576
576
576
576
576
529
576
576
576
576
576
576
185
576
576
576
576
576
576
576
576
576
576
576
576
576
576
576
576
553
576
576
221
576
576
576
576
576
576
576
576
576
576
576
576
576
576
576
576
576
576
576
576
576
696
576
576
576
576
576
576
576
576
576
576
576
576
576
576
576
576
576
576
576
576
576
516
576
576
576
576
576
576
576
576
503
576
576
576
576
576
576
576
576
576
576
576
576
576
576
576
576
178
576
576
576
576
576
576
576
576
576
576
576
576
576
576
576
576
576
576
576
576
576
576
241
576
576
576
576
576
576
576
576
576
576
576
576
576
576
576
576
478
576
576
576
576
576
576
576
576
576
576
576
576
576
576
576
576
576
576
576
576
576
576
576
576
576
576
576
576
576
576
279
576
576
576
576
576
576
576
576
576
576
576
576
576
576
576
576
576
576
576
576
576
576
576
576
576
576
576
576
576
576
409
576
576
576
576
576
576
305
576
576
576
576
576
576
576
576
576
576
576
576
576
576
576
576
576
576
576
576
576
576
199
576
144
576
576
576
576
576
576
576
576
576
576
576
576
155
576
576
576
287
576
576
576
576
576
576
576
576
184
584
576
576
576
576
576
576
576
576
576
576
576
576
954
576
576
576
576
576
576
576
576
576
576
576
576
576
576
576
576
576
576
576
576
576
576
576
576
576
576
576
576
576
576
576
576
576
576
576
175
576
157
576
576
576
576
576
576
576
576
576
576
576
576
576
576
576
576
576
576
576
576
576
576
576
576
576
576
576
576
576
576
576
576
576
576
576
576
576
576
576
576
576
576
576
576
576
576
576
576
576
576
576
576
576
576
576
576
576
576
576
576
576
576
576
576
576
576
576
576
576
576
576
576
576
576
576
576
576
576
576
576
576
576
576
576
576
576
576
576
576
576
576
576
576
576
576
576
576
576
576
576
576
576
576
576
576
576
576
576
576
576
576
576
551
576
576
576
576
576
576
576
576
576
576
576
576
576
576
576
576
480
576
576
576
576
576
576
576
576
576
576
576
576
576
576
576
576
576
576
576
576
576
576
576
576
576
576
576
576
576
576
576
576
576
576
576
576
576
576
576
576
576
576
576
576
576
576
576
576
576
576
576
189
576
576
576
576
576
576
576
576
576
576
576
576
576
576
576
576
576
576
144
576
576
576
576
576
576
576
576
576
576
576
576
576
576
576
576
576
576
576
576
576
576
576
576
576
576
576
576
576
576
576
576
576
576
576
493
576
576
576
576
576
576
576
576
576
576
576
576
576
576
576
576
576
576
576
576
576
576
576
576
576
576
576
576
576
576
576
576
576
576
576
576
576
576
576
576
576
576
576
576
576
576
480
576
576
576
576
576
576
576
576
576
576
576
576
576
576
576
576
576
576
576
576
576
576
576
576
576
576
576
576
576
576
509
576
576
576
576
576
576
576
576
576
576
576
576
576
576
576
576
576
576
576
576
576
576
576
576
576
576
576
576
576
576
576
576
576
576
576
576
576
576
576
576
576
576
576
576
576
576
576
576
576
576
576
576
576
576
576
576
576
576
576
576
576
576
576
576
576
576
576
576
576
576
576
576
576
576
576
576
576
576
576
576
576
576
576
576
576
576
576
523
576
576
576
576
576
576
576
576
576
576
576
576
576
576
576
576
576
576
576
576
576
576
576
576
576
576
576
576
576
576
576
172
490
576
576
576
153
576
576
576
576
576
576
576
576
576
576
576
576
576
576
576
576
576
576
576
576
576
576
576
576
576
576
576
576
576
276
576
576
576
503
576
520
576
576
576
576
576
576
576
576
576
576
576
576
679
576
576
576
268
576
576
576
152
576
576
576
576
576
576
576
576
576
576
576
168
576
576
576
576
576
576
576
576
576
576
576
576
576
576
576
576
576
576
576
576
576
514
576
576
576
498
576
576
576
576
576
576
576
576
576
517
576
576
576
576
576
576
576
576
576
576
576
576
576
576
576
486
576
576
576
576
576
576
518
576
576
576
576
576
576
576
576
576
576
576
576
576
243
576
576
196
576
576
576
576
576
576
576
576
576
576
577
576
576
576
576
576
576
576
576
576
576
576
576
576
576
576
576
576
576
576
576
576
576
576
576
576
576
576
576
576
576
576
576
576
576
576
576
576
576
576
576
576
576
576
576
576
576
576
576
576
576
576
576
576
576
576
576
576
576
576
576
576
576
576
576
576
576
576
576
576
576
576
576
576
576
576
576
576
576
576
576
576
576
576
693
510
576
576
576
576
576
576
576
576
576
576
576
576
576
576
576
576
576
576
576
576
576
576
576
576
576
576
576
576
576
557
576
576
576
576
576
576
576
576
576
576
576
576
162
576
497
576
576
576
576
576
576
576
576
576
576
576
576
576
576
576
576
576
576
576
576
576
576
149
576
576
576
576
576
576
576
576
576
576
576
576
576
576
576
576
576
576
576
576
576
576
576
576
576
576
576
576
576
576
576
615
576
576
576
576
576
576
576
576
576
576
576
576
576
576
576
576
576
576
576
576
576
576
576
217
576
147
576
576
576
576
576
576
576
576
576
576
576
576
576
576
576
576
576
576
576
576
576
576
634
576
576
576
576
576
323
576
576
576
576
576
576
576
576
576
576
576
576
576
576
576
576
576
576
576
576
576
576
576
576
576
576
144
576
576
576
576
576
261
576
576
576
576
576
576
576
576
576
576
576
576
576
576
576
576
576
576
576
576
576
576
576
576
576
576
576
576
576
576
576
576
576
576
576
576
576
576
576
576
576
576
576
576
576
576
576
576
576
576
576
576
576
576
576
576
170
576
576
576
576
576
576
576
576
576
576
576
576
576
576
576
576
576
576
576
576
576
576
576
576
151
576
576
150
576
576
576
576
576
576
468
576
576
576
576
576
576
576
576
576
576
576
427
576
576
576
576
576
576
576
576
576
576
576
576
576
576
576
576
576
576
576
576
576
576
576
576
576
576
576
576
576
576
576
576
576
576
576
576
576
576
576
576
576
576
576
576
576
576
576
576
576
576
576
576
576
576
576
576
576
576
576
576
576
576
576
576
576
576
576
576
152
576
419
366
576
576
576
576
576
576
576
576
576
220
576
576
576
576
576
576
483
576
576
576
576
576
576
576
576
576
576
1378
576
576
576
576
576
576
576
576
576
576
576
576
576
576
576
576
576
576
576
576
576
576
576
576
576
576
576
922
576
576
576
576
576
576
576
706
576
576
576
576
576
576
576
576
576
576
576
576
576
576
576
576
576
576
576
576
576
576
576
576
576
576
576
576
576
576
576
576
576
576
576
576
576
576
576
576
576
576
576
576
576
576
576
576
576
576
576
576
576
576
576
576
576
576
576
576
602
576
576
576
576
576
576
576
576
576
576
930
576
576
576
576
576
576
576
576
576
576
576
576
576
576
576
576
576
576
576
576
576
529
576
576
144
576
576
400
576
576
576
576
576
576
576
576
576
576
576
576
576
576
576
576
576
576
576
576
576
576
576
576
576
576
576
576
576
576
576
576
576
576
576
576
576
576
576
576
576
220
576
576
576
576
576
576
576
576
576
576
576
576
576
576
576
576
576
576
576
576
576
576
576
576
576
576
576
576
144
576
576
576
576
576
576
576
576
576
576
576
576
576
576
576
576
576
576
576
576
576
576
576
576
576
576
576
576
576
576
576
576
576
576
576
576
576
576
576
576
576
576
423
576
576
576
576
576
576
576
576
576
576
576
576
576
576
576
576
576
576
576
576
576
318
576
576
576
576
576
576
576
576
576
576
576
576
576
576
576
576
576
576
576
576
576
576
576
576
576
576
576
576
576
576
576
576
427
576
576
576
576
576
576
576
576
576
576
576
576
576
576
576
576
576
576
447
576
576
576
576
576
576
193
576
576
576
576
576
576
576
576
576
576
576
576
676
576
576
576
576
576
576
576
576
576
576
576
576
576
576
576
576
576
576
576
576
576
182
576
576
576
576
576
576
576
576
576
576
576
576
576
576
576
576
576
576
576
576
576
576
576
576
518
576
576
576
576
576
576
576
576
576
576
576
576
576
576
576
576
576
576
576
576
576
576
576
576
576
576
576
576
576
576
576
576
576
576
154
576
576
576
576
576
576
576
576
576
576
576
576
576
576
576
576
576
253
576
627
576
576
145
576
576
576
363
576
257
576
576
576
576
576
576
576
576
576
576
576
576
576
576
576
576
576
576
576
576
576
576
576
576
576
576
576
576
576
576
576
576
576
576
576
576
576
576
576
576
576
576
576
413
576
576
576
576
576
576
576
437
576
576
576
576
576
576
576
576
576
520
576
576
576
576
576
576
576
576
576
576
576
576
576
576
576
576
576
576
576
576
576
576
576
576
576
576
576
576
576
576
576
576
576
576
576
756
576
576
576
576
576
576
576
576
576
576
576
576
576
576
576
576
576
576
576
576
576
576
576
576
576
723
448
576
576
576
576
576
576
576
576
576
576
576
576
576
576
576
576
576
576
576
576
576
576
576
576
576
576
576
576
576
576
576
576
576
576
576
576
576
576
576
576
576
576
576
144
576
576
576
576
576
576
576
576
576
576
576
576
576
576
576
424
576
576
576
576
576
576
576
576
576
576
576
576
576
576
576
576
576
576
576
576
576
576
222
576
576
576
576
576
576
576
576
576
576
576
576
576
576
576
576
576
576
576
576
576
576
576
576
576
576
576
576
576
576
576
576
576
576
576
576
576
576
576
576
576
576
576
576
576
576
576
576
576
576
576
576
576
576
576
576
576
576
576
576
503
576
576
576
591
576
576
576
576
576
576
147
576
576
576
576
576
463
576
576
576
576
576
576
203
576
576
576
576
576
576
576
576
576
576
576
576
576
576
576
580
576
576
576
576
576
576
576
576
647
576
576
576
576
576
576
576
576
576
576
576
576
576
576
576
576
576
576
576
576
576
576
576
576
576
576
576
576
576
576
576
576
576
576
576
576
576
576
576
576
576
576
576
576
576
576
576
576
576
576
576
576
576
576
576
576
576
576
576
576
471
576
576
576
576
576
576
576
576
576
576
576
576
576
576
576
576
576
576
576
576
576
576
576
576
576
632
576
169
576
576
576
576
576
576
576
576
576
576
576
576
576
576
576
576
576
576
576
576
576
576
576
576
576
576
576
576
576
576
576
576
576
576
576
576
576
576
576
576
576
576
576
576
576
576
173
576
576
576
576
576
576
576
576
576
576
576
576
576
576
576
576
576
576
576
576
576
576
576
576
576
576
576
576
576
262
576
576
576
576
576
576
576
576
576
576
576
288
576
576
576
576
576
576
576
576
576
576
576
576
576
576
576
576
576
576
576
576
576
576
576
576
576
576
427
576
576
576
576
576
576
576
576
576
576
576
576
576
576
576
576
576
576
576
576
576
576
576
576
576
576
576
576
576
576
576
576
576
576
576
576
576
576
576
576
576
576
576
576
576
576
576
576
219
576
576
576
576
576
576
576
576
576
576
576
576
576
576
576
576
576
576
576
576
576
576
576
576
576
576
545
576
576
576
576
576
576
576
576
576
576
576
576
576
576
576
576
576
576
576
576
576
576
576
576
576
576
576
576
576
576
576
576
576
576
576
576
576
576
576
576
576
576
576
576
576
576
576
576
576
576
576
576
576
576
576
576
576
576
576
576
576
576
281
576
576
576
576
576
576
576
576
576
576
576
576
576
576
576
576
576
576
576
576
576
576
576
576
576
576
576
576
576
576
576
576
576
576
576
576
576
576
576
576
576
576
576
576
576
576
576
576
576
576
576
576
576
576
576
576
149
576
576
576
576
576
576
576
576
576
576
576
576
576
576
576
576
576
576
576
576
576
576
576
576
576
203
576
576
576
576
576
576
576
439
576
576
576
576
576
576
484
576
576
576
576
576
576
576
576
576
576
576
576
612
576
576
576
576
576
231
576
576
576
576
576
576
576
576
576
576
574
576
576
576
576
576
576
576
576
576
576
576
576
576
576
576
576
576
576
576
576
576
576
576
576
576
576
576
576
576
576
576
576
576
576
576
576
576
576
576
576
576
576
576
576
576
576
576
576
576
576
576
576
576
576
576
576
576
576
576
576
576
576
576
576
576
576
576
576
576
576
576
576
576
576
576
154
576
576
576
576
576
576
576
576
576
576
576
576
576
576
576
576
473
576
576
576
576
576
576
576
576
576
576
576
576
576
576
576
576
576
576
576
576
576
576
576
576
576
576
576
576
576
161
576
576
576
576
576
576
576
576
576
576
576
576
576
576
576
576
145
778
576
576
576
576
576
576
576
576
576
576
576
576
576
576
576
576
576
576
294
576
576
576
576
576
576
576
576
576
576
576
576
576
576
576
576
576
576
576
576
576
576
576
576
576
576
576
576
576
576
576
576
576
576
576
576
576
576
576
576
576
576
576
576
576
576
576
576
576
576
576
576
576
576
576
576
576
576
576
272
576
576
576
576
576
695
576
576
576
576
576
576
576
576
576
576
549
576
576
576
576
576
576
576
576
576
576
576
576
576
576
576
576
576
576
576
576
576
576
576
576
576
576
576
576
576
576
576
576
576
576
155
576
576
576
576
576
576
488
576
576
576
576
283
576
576
576
576
576
576
576
576
576
699
576
576
576
576
576
218
576
354
576
576
576
576
576
576
576
576
576
576
576
576
576
576
576
576
576
576
576
576
576
576
576
576
576
576
576
576
576
576
576
576
576
576
576
576
576
576
576
576
576
576
576
576
576
576
576
576
576
576
576
576
576
576
576
576
576
576
576
576
576
576
576
576
576
576
576
576
576
576
576
576
576
576
576
576
576
576
576
576
576
576
576
576
576
576
576
576
576
576
576
576
576
576
576
576
576
576
576
576
576
576
576
576
576
576
576
576
576
576
576
576
576
576
576
576
576
576
576
576
576
576
576
576
576
576
576
576
576
576
576
576
576
576
576
576
576
576
576
576
576
289
576
576
576
576
576
576
576
576
576
576
576
576
576
576
576
576
576
576
576
576
576
576
576
576
576
576
576
576
576
576
174
576
576
576
576
576
576
576
576
576
576
576
576
576
576
576
576
576
576
576
576
576
576
576
576
576
576
576
576
576
576
576
576
576
576
576
576
576
576
576
576
576
576
576
576
576
576
576
576
576
576
576
374
576
576
576
576
576
576
576
576
576
576
503
576
576
576
576
576
576
576
146
576
576
576
576
576
576
576
576
576
576
576
300
576
576
576
576
576
576
576
576
576
576
576
576
576
576
576
427
576
576
576
576
576
576
576
576
576
576
576
576
576
576
576
576
576
576
576
576
576
576
576
576
518
576
266
576
576
576
576
576
576
576
576
576
576
576
576
576
576
576
576
576
576
576
576
576
576
576
576
576
576
576
576
576
576
576
576
576
576
576
576
576
576
576
576
576
576
576
576
576
576
576
576
576
576
576
576
626
576
576
576
576
576
576
576
576
576
576
576
576
576
576
576
576
576
576
576
576
576
576
576
576
576
576
576
576
576
576
576
576
576
576
576
576
576
576
576
576
576
576
576
576
576
576
576
576
576
576
576
576
576
576
576
576
576
576
576
576
576
576
576
576
576
576
576
576
576
576
576
576
576
576
576
576
576
576
576
576
576
576
576
576
576
576
576
576
576
576
576
576
576
576
576
576
576
576
576
576
576
576
576
576
576
576
576
516
576
576
576
576
576
576
576
576
576
576
576
198
216
576
576
576
576
576
576
576
576
576
184
576
576
576
576
576
576
576
576
576
576
576
576
576
576
576
565
576
576
576
576
576
576
576
576
576
576
576
576
576
576
576
576
576
576
576
576
576
576
576
576
145
576
576
576
404
576
576
576
576
576
576
576
576
576
576
576
576
576
576
576
576
576
576
576
576
576
576
576
576
576
576
576
576
576
576
576
576
576
576
576
576
576
576
576
576
576
576
576
576
576
576
576
576
576
576
576
576
576
576
576
576
576
576
576
576
576
576
576
576
576
576
576
576
576
576
576
576
576
576
576
576
576
499
576
576
576
576
576
576
576
576
576
576
576
576
576
576
576
576
576
576
576
576
576
576
576
576
576
576
576
576
576
576
576
576
576
576
576
576
576
576
576
576
576
576
576
576
576
576
576
576
576
576
576
576
576
576
576
576
576
576
576
576
576
576
576
576
576
576
576
576
576
434
576
576
576
576
576
576
576
576
576
576
576
576
576
576
576
576
576
576
576
576
576
576
576
576
576
576
576
576
576
576
576
576
576
576
576
576
576
576
576
576
576
576
576
576
576
576
576
576
576
576
576
576
576
576
576
576
576
576
576
576
576
576
576
576
576
576
576
576
576
172
576
576
576
576
576
503
576
576
576
350
576
576
576
576
576
576
176
576
576
576
473
576
576
576
576
576
576
576
576
576
576
576
576
576
576
576
576
576
576
576
576
576
576
576
576
576
576
576
576
576
576
576
576
576
576
576
576
576
576
576
576
576
576
367
576
576
576
576
576
576
576
576
576
576
576
576
576
576
576
576
576
576
576
576
576
576
576
576
576
576
576
576
576
576
576
576
576
576
576
576
576
576
576
576
576
576
576
576
576
576
576
576
576
576
576
174
576
576
576
576
576
576
576
576
576
576
576
576
576
576
576
576
576
576
576
576
576
576
576
576
576
576
576
576
576
576
576
576
150
576
576
576
576
576
576
576
576
576
576
576
576
576
576
576
576
576
576
576
576
576
576
576
576
576
576
576
576
576
576
576
467
576
576
576
576
576
576
576
576
576
576
576
576
576
576
576
576
576
576
576
576
576
576
576
506
576
576
576
576
576
576
576
576
576
576
576
576
576
576
576
576
576
576
576
576
576
576
576
576
576
576
576
576
576
576
576
508
576
576
576
576
576
576
576
576
576
576
576
576
576
576
576
576
576
576
221
576
576
576
576
576
576
576
576
576
576
576
576
576
576
576
576
576
576
576
576
576
576
576
576
576
576
576
576
576
576
576
576
576
576
576
576
576
576
576
576
576
576
576
576
576
576
576
576
576
576
576
576
576
576
576
576
576
576
576
576
576
576
576
576
576
576
576
576
576
576
576
576
576
576
576
576
576
576
576
576
576
576
576
576
576
576
576
576
576
576
576
576
576
576
576
576
576
576
576
358
576
517
576
576
576
576
576
576
576
576
576
576
576
576
576
576
576
576
576
576
576
576
576
576
576
576
576
576
576
576
576
576
576
576
576
576
576
576
576
576
576
576
576
576
576
576
576
576
576
576
576
576
576
576
576
576
576
576
576
576
576
576
576
576
576
576
576
576
576
576
576
576
576
576
576
431
576
576
576
576
576
576
576
576
576
576
576
576
576
576
576
576
576
576
576
576
576
576
576
576
576
576
576
576
576
576
576
576
576
576
576
576
576
576
576
576
576
576
576
576
576
576
576
576
576
576
576
576
576
576
576
576
576
576
576
576
576
576
576
576
521
576
576
576
500
576
576
576
576
576
576
576
576
576
576
576
576
576
576
576
576
576
576
576
576
576
576
576
576
576
576
576
576
576
576
576
406
576
576
576
576
576
576
576
576
576
576
576
576
576
576
576
576
576
163
576
576
576
576
576
576
576
576
576
576
576
576
576
576
576
189
576
576
576
576
576
576
576
576
576
576
576
576
576
576
576
576
576
576
576
413
576
576
576
576
576
576
576
576
576
576
576
576
576
576
576
576
576
576
576
576
576
576
576
576
576
576
576
576
576
576
576
576
576
576
576
576
576
576
576
576
576
576
576
576
576
576
576
576
576
576
576
576
576
576
576
576
576
576
576
576
576
576
576
576
495
576
576
576
576
576
576
576
576
576
576
576
576
576
576
576
576
576
576
576
576
576
576
576
576
576
576
576
576
576
576
576
576
576
576
576
576
576
576
576
326
576
576
576
576
576
576
576
576
576
576
576
576
576
576
576
576
576
576
576
576
576
576
576
576
576
576
576
576
576
576
576
576
576
576
576
576
576
576
576
576
576
576
