1068
839
876
798
852
868
1005
786
913
1006
879
1180
947
869
820
975
866
827
473
412
470
446
939
630
626
409
6863
1200
845
883
345
794
370
731
484
474
805
796
445
433
424
523
420
384
409
665
348
439
1068
462
867
913
1196
418
415
352
514
754
1052
351
458
418
447
452
340
1040
1117
411
508
463
548
417
334
465
463
810
1169
856
353
500
717
419
479
405
377
892
412
425
733
666
909
561
399
434
368
505
413
608
393
396
481
376
572
1038
1735
430
832
463
581
680
439
761
396
417
454
365
575
367
734
351
435
356
381
741
466
426
800
635
443
817
330
380
371
319
344
440
378
350
474
358
410
350
372
798
8163
1132
829
388
430
393
376
385
561
343
364
472
343
419
359
378
338
686
343
429
383
432
944
3599
553
638
416
413
403
360
397
567
354
385
348
350
437
348
536
393
1546
342
329
342
400
794
359
528
378
363
353
347
4994
427
323
350
376
330
354
373
869
322
377
1553
376
690
338
338
313
529
807
487
442
314
366
341
361
1129
378
430
753
321
811
383
332
635
424
401
334
384
748
552
651
326
396
330
673
364
441
344
1067
415
360
1598
350
358
1409
341
399
6009
592
544
304
461
329
543
351
452
397
651
340
915
446
371
406
358
386
1631
318
322
478
390
342
386
533
348
391
369
380
328
542
996
339
1130
392
346
331
472
552
525
344
1407
387
315
457
327
403
350
318
414
493
321
617
296
441
343
458
793
352
443
1005
399
401
419
385
369
380
498
490
455
681
378
320
343
365
370
398
543
298
337
472
371
551
408
326
358
480
597
323
316
305
347
376
493
308
353
360
385
544
432
311
291
354
351
824
553
560
323
378
325
361
329
432
365
423
599
323
343
353
338
346
420
380
334
341
740
954
364
503
334
423
399
310
313
415
344
387
304
326
863
943
334
1117
445
647
400
323
338
374
1897
332
339
393
371
308
641
328
342
341
362
460
476
270
361
374
524
820
464
325
361
528
8163
303
400
371
382
323
537
374
330
334
305
514
315
312
434
468
805
305
441
284
312
1969
346
524
319
316
290
371
352
533
394
499
375
329
905
516
328
805
357
605
335
343
422
380
400
372
332
484
684
384
378
401
370
710
380
450
534
376
353
336
2008
385
353
293
621
359
338
638
305
314
402
511
351
425
823
363
306
840
399
344
317
389
387
335
2620
327
333
394
337
1431
346
1397
380
660
355
590
600
335
525
476
491
333
343
296
315
371
403
856
354
373
468
312
358
349
831
268
626
329
383
593
1548
511
414
283
353
495
294
355
311
322
468
418
492
375
317
511
311
300
361
377
323
345
485
656
310
505
390
308
571
329
395
482
423
615
485
349
576
564
331
308
330
420
327
483
345
459
340
317
372
356
900
328
427
744
444
281
304
357
310
410
314
703
404
336
296
354
346
570
348
255
361
413
470
359
428
596
692
540
410
606
371
321
396
299
1005
312
314
432
390
622
437
373
578
340
359
311
1564
549
328
317
348
379
327
330
585
332
333
298
786
275
572
406
447
577
316
342
401
323
702
324
431
479
718
353
438
1180
549
340
349
320
336
441
377
380
354
353
727
339
323
508
324
710
319
356
379
333
388
332
374
677
300
499
678
451
373
447
260
347
450
332
312
350
430
532
509
328
518
948
308
484
318
497
341
507
340
343
433
339
626
370
292
369
418
363
627
322
385
433
360
368
444
359
374
1519
725
365
1200
383
456
368
621
364
472
504
332
306
1442
382
457
331
288
306
370
1122
362
309
335
375
324
1543
347
341
516
939
515
341
648
535
334
6009
333
268
336
404
461
427
368
669
312
546
293
353
431
342
363
336
379
410
300
342
318
486
732
303
279
335
393
322
304
290
298
284
373
311
312
365
344
377
337
333
312
509
278
567
346
1592
462
323
538
390
594
344
387
297
399
322
614
532
392
343
366
428
303
723
322
331
288
311
1207
453
340
341
335
345
358
439
352
350
382
295
8163
744
412
380
566
270
288
334
285
535
364
322
294
397
340
400
398
1514
448
289
354
334
353
504
1410
290
307
419
293
431
322
306
412
331
282
329
344
498
332
507
302
665
322
319
387
415
8163
320
407
322
312
349
379
352
294
315
289
327
330
333
339
297
465
272
771
414
321
291
309
262
352
418
334
336
323
298
286
263
355
349
381
6009
329
317
1067
532
352
475
736
610
340
287
303
353
290
351
526
333
395
490
272
347
304
276
328
299
395
268
284
295
317
327
550
389
297
276
436
284
343
346
341
285
331
362
294
310
356
324
665
332
289
349
333
351
320
337
370
289
378
365
337
319
323
310
335
357
576
359
356
638
6009
293
1123
638
329
341
869
337
266
272
289
277
336
345
279
301
359
288
319
523
274
868
347
394
585
266
306
319
362
546
338
426
320
332
298
300
260
321
354
309
314
569
2264
464
487
313
302
567
408
293
418
306
1494
485
338
325
281
323
344
290
436
306
311
562
311
288
314
300
277
459
386
513
280
477
297
283
334
852
381
331
503
415
426
338
736
363
320
321
343
566
295
532
304
556
321
675
377
500
289
304
528
326
663
717
293
368
337
360
467
320
1516
324
534
466
337
374
360
500
298
457
515
525
358
357
306
312
371
351
349
331
423
396
336
400
523
653
386
399
368
317
412
503
341
329
287
775
416
317
304
363
287
494
324
381
299
317
420
324
374
329
320
420
366
365
579
775
313
319
345
296
1584
254
344
332
321
386
479
340
289
301
325
438
330
506
314
418
287
335
2133
284
349
355
290
490
275
327
320
354
312
320
299
435
315
359
666
312
309
374
294
380
681
300
368
300
420
406
309
546
415
416
431
367
317
369
328
370
325
369
314
393
377
269
443
319
336
363
371
347
350
287
344
337
320
337
355
489
337
344
315
279
406
393
370
336
289
303
562
1022
273
690
271
1331
318
453
316
360
339
434
308
613
302
409
431
359
363
287
580
312
377
340
322
314
315
331
341
339
294
336
1183
307
431
331
357
315
368
326
283
321
339
282
481
326
464
1051
552
288
334
312
665
340
332
310
319
358
307
324
295
327
361
290
311
273
354
344
432
329
318
491
560
479
299
390
6863
308
294
294
438
304
462
332
293
378
315
578
434
486
373
2100
365
320
444
389
301
269
826
358
296
335
567
305
282
359
361
362
321
321
292
323
518
477
507
319
287
479
322
397
270
536
352
400
295
349
348
289
318
331
311
326
465
314
301
318
313
554
303
283
543
368
347
484
297
346
340
328
419
492
370
351
365
309
396
269
350
380
481
323
345
285
330
350
314
326
342
363
261
507
313
781
309
535
541
429
487
289
312
297
314
511
270
286
324
285
294
410
775
725
342
509
412
334
302
307
257
283
514
354
335
324
326
269
296
942
365
290
1112
615
299
320
290
426
306
367
275
418
795
277
302
783
284
316
265
298
310
611
290
480
547
4994
277
334
316
331
337
360
415
331
899
380
520
412
451
445
278
332
314
411
359
345
275
1006
307
271
284
252
577
275
324
320
361
658
271
502
647
299
543
658
316
302
334
379
433
325
256
483
287
315
412
267
646
466
522
303
334
324
298
319
1513
346
496
266
287
329
312
323
280
387
367
340
270
353
292
318
354
400
594
313
286
536
320
343
398
315
343
314
287
286
368
402
328
344
504
616
281
335
330
283
356
370
326
337
328
289
385
397
302
317
294
308
400
365
338
295
281
270
257
334
352
412
1063
350
316
306
295
272
279
359
343
282
495
1023
273
318
278
702
380
310
380
320
427
294
296
350
279
469
473
309
350
316
286
422
282
310
317
327
414
316
604
289
299
318
307
556
345
335
562
675
420
284
345
299
316
265
285
323
292
463
268
822
316
306
282
291
349
347
294
288
483
655
622
309
250
271
338
335
344
337
286
351
441
322
323
433
276
253
430
336
530
298
572
377
316
612
310
417
529
291
305
392
265
342
334
317
291
451
306
430
307
296
289
408
338
344
496
496
247
728
362
277
500
321
365
350
342
349
366
282
3640
391
272
301
425
276
346
356
315
299
404
462
623
276
446
365
738
267
294
364
279
483
344
349
284
344
254
513
248
439
307
343
512
545
621
291
541
274
739
540
488
275
360
1515
309
321
1974
317
334
766
335
305
302
521
1102
550
313
307
579
535
404
369
264
272
393
294
353
309
331
309
304
361
301
451
6863
360
336
320
540
362
245
268
228
381
459
603
590
291
303
5356
543
607
383
381
251
314
485
326
271
340
365
346
304
410
369
357
913
396
345
455
293
383
300
8163
316
611
330
326
329
312
318
319
2264
329
319
490
342
283
278
307
333
288
336
499
456
1506
354
504
451
304
283
304
260
345
8163
465
302
319
313
495
446
354
298
319
381
975
294
433
291
330
265
322
328
308
379
333
505
344
316
542
330
500
322
270
566
359
297
546
316
282
601
322
298
1100
442
320
367
288
324
309
509
313
690
343
546
560
336
370
308
421
252
281
955
1385
450
470
489
370
454
304
314
411
275
286
311
539
415
289
288
297
515
471
382
416
443
274
380
303
297
282
462
1519
314
308
1038
554
303
368
1050
283
285
342
321
450
331
306
518
316
397
334
274
2523
336
289
269
320
310
329
278
341
332
303
398
272
559
386
294
624
550
329
332
701
514
348
250
284
260
477
555
257
336
300
273
389
503
283
328
354
311
340
278
284
280
529
321
320
268
279
338
245
413
377
420
618
389
253
277
284
334
1410
338
260
379
337
588
344
281
508
280
424
290
455
268
481
318
336
321
229
321
924
365
312
290
380
331
1479
308
317
326
331
524
250
332
371
382
361
330
300
884
265
282
362
248
286
6863
317
347
436
352
333
254
475
400
530
866
2442
368
262
452
3640
377
306
315
326
6863
456
955
759
315
254
294
305
319
531
311
376
389
284
320
567
333
281
324
540
466
337
295
269
268
308
259
376
324
481
294
316
339
244
488
292
321
360
268
325
398
291
655
285
280
372
446
403
252
343
297
393
248
270
351
523
265
533
442
506
313
255
297
245
315
606
426
296
285
250
263
536
271
310
311
331
335
380
355
304
512
558
286
333
324
586
369
300
483
261
287
250
281
244
277
351
367
268
986
322
310
549
325
281
286
271
316
312
346
1514
365
354
254
345
315
258
465
304
336
471
816
339
397
445
266
318
344
385
300
356
306
299
423
8163
319
319
280
269
485
465
232
312
371
253
338
335
256
385
316
320
302
340
909
295
624
296
262
439
319
262
256
453
341
339
381
542
338
3640
530
1174
646
238
417
333
256
323
294
255
277
398
385
337
289
263
315
297
263
308
298
272
314
386
272
1584
676
788
268
457
319
272
348
301
509
532
233
5356
278
278
242
269
343
533
377
286
485
545
438
266
253
456
309
282
314
274
503
289
271
272
369
546
312
288
556
454
491
412
326
277
288
310
348
270
350
291
316
519
367
301
354
310
313
312
280
270
302
309
281
326
312
300
298
315
304
277
434
364
283
362
332
280
307
327
290
307
309
260
308
392
326
369
502
270
286
296
328
394
359
264
322
330
321
270
424
391
289
305
305
380
428
274
1505
412
240
272
311
360
447
259
278
289
387
255
386
317
283
295
491
304
312
401
317
372
310
723
360
284
287
387
310
281
251
271
322
263
465
247
357
346
308
354
279
228
633
595
352
376
366
341
586
448
370
330
314
314
286
341
344
307
457
303
671
281
272
611
290
450
307
310
252
414
753
341
309
369
305
1109
294
337
490
337
282
280
302
490
342
481
277
2581
326
286
348
271
322
323
633
614
810
2620
304
516
307
560
410
537
309
559
505
321
426
299
344
296
307
410
432
296
384
312
525
251
332
256
470
251
303
491
336
250
308
320
256
406
359
301
331
289
397
252
362
331
1128
349
308
332
311
590
297
262
542
317
283
309
607
366
350
298
232
8163
267
320
478
1314
264
268
365
357
353
284
278
312
677
337
368
278
478
320
330
278
279
295
324
330
237
600
306
289
270
457
439
406
282
360
337
238
242
317
528
257
549
316
511
686
288
555
263
307
360
600
402
456
322
341
381
347
502
285
320
388
491
301
308
308
259
279
288
449
478
306
366
265
345
727
663
327
294
513
322
292
275
290
386
352
524
338
285
286
300
320
256
269
247
340
454
312
8163
430
299
265
451
274
433
317
303
306
288
383
317
569
356
481
275
397
638
451
264
473
461
341
446
245
841
262
808
332
265
293
144
511
393
553
1781
267
333
993
270
380
276
448
379
270
313
326
348
293
630
272
404
281
484
273
265
264
343
719
300
395
359
444
488
299
272
496
529
469
653
308
339
440
454
348
292
532
467
479
862
228
546
303
238
277
314
1703
281
304
406
280
482
539
327
572
829
272
239
325
354
266
303
260
492
299
436
279
313
308
338
525
325
278
255
275
259
256
536
969
458
319
322
314
346
303
328
284
318
335
513
357
386
300
288
245
291
256
493
308
261
395
1539
1202
289
579
241
322
320
364
287
318
306
386
357
779
267
315
304
270
549
355
336
261
2581
260
337
661
494
395
240
333
257
282
276
300
529
313
612
577
420
487
308
297
258
312
340
252
286
475
291
259
272
245
339
273
279
331
283
272
277
285
315
297
321
422
320
423
572
329
409
288
562
845
337
288
323
344
249
287
2620
436
248
351
639
274
341
460
309
285
1528
283
263
326
298
279
313
265
303
318
245
411
280
351
252
234
313
413
312
255
373
325
348
244
267
306
784
491
258
301
246
377
509
246
314
325
491
632
302
281
255
298
255
301
256
288
245
445
856
334
321
290
294
266
292
283
317
299
265
364
288
309
286
350
691
330
365
306
378
265
294
333
332
273
300
394
337
749
517
249
338
1564
295
501
291
382
388
280
413
309
293
381
348
327
239
233
479
435
257
265
266
261
323
446
281
288
294
383
239
306
248
318
287
322
239
256
312
302
240
343
401
363
443
290
311
257
322
293
279
262
335
317
290
315
384
293
283
1863
312
684
283
1974
292
311
373
255
352
306
330
256
316
302
502
322
583
229
289
595
277
340
278
319
563
364
259
271
566
302
313
917
261
276
249
429
270
321
299
290
704
727
448
420
778
336
264
507
2523
357
297
313
487
288
275
255
288
322
500
544
316
320
666
492
276
1407
298
260
278
263
274
281
274
303
391
277
306
234
246
302
271
314
348
351
319
377
316
295
265
473
276
522
278
276
400
284
424
238
239
304
262
301
221
270
419
259
585
331
854
345
464
292
262
308
298
248
279
288
315
600
348
625
265
378
320
352
403
331
286
267
303
301
382
324
474
296
303
280
296
247
497
322
326
252
394
278
305
355
419
294
362
683
283
282
566
238
418
482
465
321
426
270
915
381
6863
286
231
258
1211
291
302
315
378
381
275
287
283
247
308
307
400
295
331
564
507
440
506
259
288
232
285
223
242
333
611
257
294
345
319
454
326
261
304
288
501
323
245
333
393
421
334
330
255
247
292
429
280
244
315
286
290
306
277
308
424
328
264
255
571
381
265
377
274
267
222
265
494
438
242
246
305
613
368
401
415
240
261
243
250
244
320
382
312
273
326
288
540
271
277
320
395
464
284
318
320
338
536
335
451
588
302
228
296
454
296
307
472
262
269
301
264
542
220
610
308
289
274
256
279
920
265
240
460
465
652
307
249
353
547
314
319
578
260
281
248
254
287
301
259
274
432
508
468
240
355
283
277
247
1629
315
541
302
345
285
305
352
340
1229
327
315
317
282
465
439
469
295
298
305
348
281
475
377
278
248
771
538
276
281
528
349
281
390
276
268
233
234
514
589
532
269
267
344
380
335
328
401
418
297
264
238
464
296
256
260
297
401
288
455
507
235
286
290
318
856
323
343
243
297
302
279
302
306
265
268
285
546
269
267
257
267
345
465
236
299
317
310
321
336
307
686
269
560
324
368
287
308
306
327
249
547
664
383
282
273
223
550
356
429
727
261
299
292
302
250
225
270
383
280
277
393
289
327
507
356
280
309
418
326
315
552
326
329
314
247
306
288
288
319
291
235
244
551
288
265
487
381
343
279
266
305
657
239
309
318
391
324
288
326
279
441
1146
291
303
234
280
281
324
287
752
320
1134
236
305
280
318
281
275
316
398
237
265
235
289
350
475
485
368
274
282
265
323
877
250
297
310
422
318
516
319
299
320
505
324
230
240
573
347
320
926
993
262
226
355
315
356
299
345
330
304
262
429
338
334
229
326
464
339
387
267
339
250
271
302
263
541
478
233
263
430
287
294
308
303
281
322
254
340
318
430
232
302
318
408
360
557
291
369
547
263
502
333
358
822
284
389
274
359
289
298
381
578
326
296
306
303
305
322
289
245
310
235
287
239
307
328
320
274
266
411
447
403
250
290
332
335
238
415
247
289
315
320
289
362
321
293
294
283
323
288
358
294
390
254
459
317
285
294
285
361
219
277
349
321
394
505
307
1795
291
453
243
342
1510
233
1430
609
331
245
546
270
270
363
319
1079
606
270
359
232
242
299
335
1112
260
566
280
329
236
335
272
286
230
295
269
346
369
328
257
489
343
432
247
267
245
322
308
244
311
714
248
336
271
312
298
374
251
260
309
279
266
326
259
281
248
230
244
267
305
269
288
345
255
332
572
241
332
5356
292
244
310
385
320
343
318
456
269
2442
438
262
286
290
260
265
470
285
445
492
265
296
266
327
629
313
499
301
517
493
456
280
312
270
332
476
511
571
312
290
258
278
465
319
325
538
472
541
300
295
333
335
272
346
246
241
273
552
399
617
225
259
324
340
268
307
633
325
319
232
434
285
323
278
282
440
265
343
406
275
373
251
283
258
333
253
308
262
253
286
283
317
377
384
322
312
333
254
815
294
223
438
4994
294
459
319
291
541
1156
456
288
297
329
493
275
277
410
270
494
412
242
310
501
252
341
325
723
459
250
306
267
260
241
480
280
272
254
314
572
283
822
276
213
266
316
277
215
363
293
309
303
551
275
271
292
1077
308
417
284
250
454
298
241
273
368
265
403
267
366
449
386
241
305
265
261
266
237
613
504
306
255
288
228
291
224
304
331
309
258
283
284
351
309
310
294
257
247
437
230
316
244
248
486
279
246
419
308
211
239
293
426
319
354
282
264
232
487
332
336
493
330
271
236
227
443
549
320
229
473
417
488
322
546
321
258
237
279
2008
255
320
321
311
341
420
258
236
257
293
267
218
478
354
239
552
344
488
257
251
315
369
323
304
256
278
290
404
362
500
282
394
444
327
272
365
256
293
339
280
660
333
255
238
278
284
319
338
317
275
483
315
236
281
337
357
248
239
312
1296
550
351
212
230
372
240
301
292
493
603
385
278
254
254
555
340
350
262
307
425
291
579
328
257
505
333
432
261
242
1169
273
218
254
316
339
464
224
294
313
8163
356
265
411
348
308
250
295
245
225
286
356
242
272
318
313
270
320
319
266
349
260
291
320
331
5356
280
313
294
301
288
426
354
231
283
467
329
235
814
320
249
247
278
243
276
441
281
256
315
461
346
466
240
234
286
311
339
245
253
345
255
337
347
415
537
237
274
374
303
323
265
529
291
352
2133
298
281
816
279
296
463
324
476
254
255
357
241
261
360
261
293
326
331
298
278
445
261
262
233
271
658
559
287
343
273
262
247
277
346
319
604
349
430
251
279
464
308
236
255
410
363
308
358
483
241
346
244
263
291
589
335
251
419
293
255
332
295
377
324
216
297
1260
309
303
299
295
276
501
343
287
264
282
344
914
249
238
344
448
273
443
468
291
226
247
273
356
230
291
319
232
296
519
259
308
216
247
299
450
297
299
301
282
231
225
289
275
246
562
299
336
252
249
264
321
238
234
335
319
301
216
325
233
304
537
279
233
279
296
306
328
462
284
282
249
259
1196
267
224
235
269
385
289
496
243
212
255
337
300
2950
253
917
228
368
460
276
249
301
268
283
231
340
630
1472
228
282
405
243
403
275
336
215
270
459
223
239
537
278
312
318
396
234
347
239
217
295
352
978
827
228
460
268
260
285
366
394
256
365
311
285
348
338
236
321
258
246
338
309
264
232
539
493
1564
249
308
258
300
246
263
283
279
329
299
313
284
292
231
261
211
283
289
275
278
324
532
298
275
247
257
365
280
242
259
594
307
251
235
326
348
312
246
319
262
511
245
319
299
512
301
5356
354
249
6009
284
255
283
282
232
311
238
249
290
266
267
326
265
238
241
686
631
492
286
248
278
664
300
294
752
282
282
348
242
236
250
312
253
303
2182
304
253
317
1548
236
280
328
283
608
281
302
366
1236
278
436
281
688
201
271
397
226
238
461
301
273
254
298
260
464
465
917
303
239
352
263
237
280
315
308
307
470
239
294
385
282
226
423
299
353
236
330
297
264
339
336
297
227
311
284
275
229
289
268
409
447
345
294
429
238
841
275
278
231
246
310
285
239
234
302
277
399
234
297
347
347
302
342
272
254
267
355
601
878
582
317
268
238
260
276
223
315
636
383
249
290
360
473
207
257
318
235
320
294
306
326
294
291
282
277
350
365
298
230
361
277
272
263
337
290
348
453
320
298
478
226
214
263
227
234
280
695
239
250
269
370
254
447
257
288
411
310
275
310
323
279
287
310
242
251
258
576
283
309
329
331
380
299
349
300
256
240
275
318
231
232
251
224
480
295
297
262
283
392
299
226
303
611
561
301
295
270
308
257
309
249
561
382
287
330
237
238
313
205
246
223
212
260
359
264
227
265
266
391
328
230
319
349
239
757
326
284
298
288
238
224
310
302
269
300
335
309
425
412
275
270
338
254
249
233
301
332
441
1833
320
227
270
280
323
256
238
302
255
341
300
250
282
318
413
318
222
241
323
245
483
411
223
297
248
281
263
284
268
244
310
409
301
244
239
264
294
772
341
299
238
253
253
379
274
568
365
226
325
609
235
268
426
331
293
403
353
284
302
223
580
361
491
282
286
381
281
276
605
302
338
217
434
214
270
236
257
288
258
348
222
257
367
572
287
339
287
338
228
387
418
248
296
314
789
392
294
258
289
235
263
253
381
244
252
482
282
315
432
238
374
317
478
323
323
252
224
215
530
222
227
602
228
279
326
315
247
709
701
316
266
245
213
223
492
430
246
295
336
314
276
340
328
383
259
1079
309
241
264
443
350
442
218
230
224
325
270
1222
893
267
400
301
328
345
246
270
284
258
281
239
480
899
257
463
228
222
252
304
274
301
253
255
218
539
215
319
232
308
273
318
1505
310
292
233
266
655
259
269
325
261
228
334
445
953
267
371
245
329
303
214
283
231
250
271
221
260
295
270
452
209
215
259
231
388
291
277
264
342
381
274
318
241
346
295
385
344
294
510
225
258
279
241
279
292
259
312
222
239
434
331
314
275
248
380
277
416
226
429
277
259
273
262
223
684
264
1017
244
251
318
404
264
278
275
316
312
486
308
307
381
261
215
334
311
229
518
286
219
285
241
286
453
370
539
893
232
236
363
422
266
358
271
277
210
797
334
306
253
290
304
266
226
271
303
277
271
351
266
258
312
412
690
306
347
282
475
276
309
214
267
291
370
269
1781
698
503
264
284
393
224
288
486
241
240
502
273
315
482
320
441
236
291
218
253
293
259
351
240
290
301
541
311
233
250
301
273
211
632
250
258
283
344
253
249
264
457
580
511
405
333
314
400
353
265
330
5356
298
291
225
370
220
295
219
305
652
236
296
258
280
408
336
277
501
425
240
488
273
348
314
254
268
273
345
301
299
222
490
485
267
239
807
348
250
215
249
351
250
370
356
270
275
413
518
311
235
451
297
340
309
354
352
245
296
241
262
259
295
256
259
286
230
317
271
256
248
441
370
300
419
269
272
274
495
317
371
1169
273
247
279
238
236
276
280
404
340
339
479
260
388
224
337
217
317
264
324
287
367
299
412
305
305
282
228
324
263
244
287
311
257
676
308
411
238
243
227
293
313
328
569
285
601
226
353
244
240
275
244
270
371
294
308
347
265
580
281
320
207
249
231
300
246
282
298
310
239
275
476
232
325
211
291
394
216
265
229
261
462
324
262
301
337
235
1134
333
353
239
448
320
288
305
2100
246
280
280
457
279
215
300
293
340
1007
245
289
224
322
379
267
344
310
323
296
249
224
255
358
222
258
436
315
301
254
385
220
265
231
287
260
278
261
287
245
261
457
222
344
248
405
392
225
389
507
266
282
317
241
357
500
216
498
436
1519
251
271
279
795
259
259
289
369
282
271
247
364
218
220
264
234
374
275
262
218
549
334
288
289
299
241
290
278
385
315
300
540
323
255
318
272
397
245
228
279
289
295
240
332
281
315
349
232
231
328
274
265
242
236
370
230
988
309
270
278
324
278
278
271
346
447
294
217
245
258
424
276
435
288
253
378
286
309
337
878
495
225
318
319
250
231
231
237
241
250
312
247
260
405
238
255
305
878
379
322
240
252
332
227
229
229
241
334
1069
239
306
301
266
295
233
4994
260
251
256
532
273
355
244
506
522
234
478
236
541
304
285
223
283
426
304
294
306
319
543
602
296
207
975
262
291
288
374
222
367
415
285
257
419
538
355
276
1066
492
267
238
231
315
389
348
252
220
573
296
286
243
248
681
325
289
272
222
446
390
841
319
426
240
295
262
299
404
497
193
214
272
272
465
327
294
354
224
244
243
222
235
248
255
232
331
224
307
244
232
280
254
214
278
232
315
236
212
232
1074
442
331
3436
349
231
228
226
275
270
257
236
218
244
248
256
274
345
284
232
307
227
278
389
308
246
486
220
244
251
551
257
229
280
217
270
302
257
268
248
573
304
313
272
227
276
238
276
307
261
311
326
241
269
276
279
267
967
219
264
242
311
250
391
249
336
391
227
247
427
491
349
262
429
293
336
211
242
515
248
203
345
298
296
551
307
232
453
608
317
235
325
297
253
335
246
285
358
228
270
212
300
242
3599
249
259
205
1001
341
257
349
496
265
267
240
301
504
382
207
247
318
257
3436
258
250
223
280
488
303
265
297
317
310
300
214
293
331
298
313
230
457
262
233
303
302
313
287
339
196
224
1548
233
320
296
262
210
358
333
247
526
276
250
339
227
534
251
207
382
323
209
440
296
236
229
246
256
224
205
4994
812
310
247
317
254
216
253
369
3436
230
234
238
403
257
239
320
323
292
375
347
267
257
233
233
315
319
439
293
228
233
341
237
271
589
264
282
235
379
364
263
510
325
201
271
205
248
212
258
218
252
293
363
492
288
226
198
427
319
267
229
220
275
429
260
262
294
240
305
498
274
287
361
216
241
232
236
333
411
325
301
276
253
267
338
364
535
379
281
336
201
225
220
290
351
461
298
315
230
321
294
224
257
402
253
207
372
706
393
292
349
200
289
241
231
233
206
380
309
242
398
273
266
304
334
243
386
824
227
246
346
276
296
221
226
282
534
307
254
343
385
300
287
510
213
233
435
227
228
298
289
389
240
231
1076
252
265
293
322
214
276
302
8163
541
326
461
318
217
211
239
287
287
228
241
519
294
222
196
279
222
305
251
321
632
656
282
315
368
351
265
321
308
217
239
270
273
310
515
253
513
239
314
267
247
588
256
368
652
305
292
298
355
257
288
532
348
245
204
213
424
278
260
457
401
260
280
240
251
260
223
311
313
258
265
463
206
363
273
243
337
280
226
245
242
265
220
256
253
266
831
324
472
260
215
530
666
270
232
245
643
348
249
281
256
725
255
347
283
261
296
298
315
226
297
233
244
311
464
324
291
207
209
333
400
665
224
470
269
346
306
268
218
659
294
300
2620
170
370
275
785
221
315
251
233
249
289
250
255
366
338
260
205
771
247
289
216
236
230
255
368
244
396
266
546
209
450
186
258
238
333
204
376
315
277
191
186
339
237
364
257
273
219
229
252
233
240
362
332
277
209
242
1434
217
243
271
244
389
252
518
262
222
215
221
253
342
500
238
215
208
314
260
975
328
242
217
335
251
251
243
262
204
281
350
300
238
273
688
206
202
242
306
261
212
268
224
287
209
223
202
241
249
277
271
199
201
244
245
413
241
189
783
320
206
410
209
336
244
263
254
269
640
217
202
304
281
206
251
283
332
226
297
223
233
252
266
309
347
253
272
263
238
461
391
484
213
371
365
278
343
266
221
260
276
246
283
259
242
319
315
475
243
263
314
414
250
239
213
215
272
267
387
225
254
204
271
212
283
256
472
443
201
238
470
228
490
509
285
219
242
294
387
216
284
364
227
591
320
269
290
606
319
303
268
1629
250
275
331
248
252
493
270
301
227
360
212
203
245
296
301
248
255
210
337
295
339
3599
333
494
282
284
264
270
544
324
262
304
202
228
860
268
716
249
266
194
247
245
440
234
252
318
222
254
245
214
250
204
271
406
352
267
236
284
301
235
309
260
221
269
286
524
212
255
519
325
288
300
221
308
223
347
203
247
220
757
370
220
292
229
291
228
398
212
213
227
219
236
236
283
218
945
236
206
245
292
323
213
246
257
597
219
385
190
222
202
312
225
335
220
205
313
270
220
205
298
374
302
245
326
236
484
437
262
409
441
874
258
450
254
269
206
470
236
261
226
432
217
203
309
238
323
246
308
434
194
297
323
735
242
1516
323
292
300
604
253
376
440
238
389
229
601
201
324
402
265
213
471
463
298
467
288
301
291
268
198
279
252
238
288
498
236
253
277
381
222
217
320
229
266
344
258
265
260
540
227
323
457
234
232
209
266
298
239
257
229
455
1183
556
371
345
294
331
310
235
278
272
274
198
290
446
243
390
465
201
288
278
188
387
224
872
211
327
390
232
226
313
247
255
296
297
230
206
362
268
243
202
285
269
216
220
320
245
415
328
324
207
305
229
340
298
275
300
292
325
376
249
252
283
238
546
216
616
274
225
262
256
219
316
222
225
317
290
370
219
248
327
297
263
247
245
299
208
210
213
235
229
231
407
198
303
280
235
233
284
255
455
228
287
275
258
204
322
227
222
201
508
260
263
437
287
252
296
242
293
424
291
251
265
199
202
199
500
252
318
253
263
320
239
539
236
224
224
225
221
197
213
321
242
208
289
246
283
247
217
481
856
263
3599
223
242
273
427
247
214
347
243
373
308
314
300
288
362
207
207
337
227
367
422
221
272
508
268
653
557
459
228
448
326
471
206
318
340
235
377
351
315
586
379
256
244
251
360
249
283
254
245
226
509
233
226
219
414
307
257
239
319
215
231
271
218
447
313
209
350
297
217
625
212
200
230
550
239
240
293
820
430
230
252
272
243
344
230
313
253
388
697
322
319
252
230
283
278
241
209
281
256
1109
227
200
1022
306
794
260
718
388
278
522
355
203
274
690
231
325
296
247
404
253
209
428
243
262
432
247
6009
325
336
308
209
253
286
911
203
417
326
244
215
293
202
228
245
177
239
336
389
221
252
205
221
381
627
275
301
247
213
391
266
241
180
281
208
242
257
239
205
289
229
250
255
339
560
247
533
268
218
255
271
253
286
316
223
222
254
371
223
243
272
264
277
472
201
247
293
372
475
223
253
772
350
266
192
259
216
1231
650
223
314
344
295
351
311
202
185
290
174
287
220
390
231
404
256
460
312
219
222
370
211
291
242
292
435
265
282
263
440
203
254
272
502
204
280
316
249
237
298
260
304
241
259
294
275
203
308
287
264
470
278
233
270
225
948
201
256
254
275
209
252
351
267
236
212
246
220
231
291
238
218
409
336
279
213
322
260
331
292
262
228
225
287
263
213
276
243
417
197
247
228
450
249
437
575
219
335
310
414
523
386
463
285
218
248
293
224
317
520
209
393
253
200
203
215
256
274
473
375
357
224
280
253
243
421
305
306
221
231
211
257
261
207
359
218
299
242
316
613
217
455
249
272
308
300
199
3640
158
286
286
148
427
198
259
486
242
306
141
202
212
296
210
223
264
265
222
1857
270
199
438
339
254
191
283
282
286
277
235
319
423
352
236
306
362
6863
392
219
317
272
293
240
325
200
241
237
229
245
224
194
279
280
312
207
279
238
239
209
196
426
255
274
208
239
547
546
300
521
326
210
253
291
234
306
601
263
287
294
190
268
256
260
292
274
205
226
315
257
269
495
286
319
219
291
229
306
433
427
419
298
267
268
186
223
208
244
566
218
224
283
246
276
303
198
367
669
269
197
259
188
224
249
289
279
216
308
200
198
211
244
302
280
241
421
321
329
248
308
212
203
308
1496
152
295
306
269
461
299
232
257
191
211
238
205
280
430
247
274
249
250
238
259
375
1403
273
330
520
233
234
241
530
213
302
998
264
242
247
555
396
223
318
477
251
217
239
290
244
260
394
235
259
288
533
341
228
352
247
219
277
419
229
238
348
280
449
143
407
297
601
236
201
231
289
214
272
321
214
285
267
665
237
283
347
223
307
258
227
247
250
299
267
225
218
367
220
635
203
187
440
284
223
249
232
282
162
232
254
192
279
288
266
327
1442
251
202
234
277
250
257
245
272
764
249
224
261
258
543
328
267
264
337
248
223
301
244
214
263
264
352
817
317
736
260
442
273
194
326
294
263
231
215
221
532
203
224
303
220
223
212
210
437
210
219
239
307
552
656
215
206
199
281
222
264
256
203
209
254
280
223
468
193
204
213
314
195
385
215
219
314
218
328
219
271
373
244
290
404
286
209
232
240
213
238
196
261
1092
293
271
216
302
637
201
875
340
255
272
264
325
224
961
358
221
279
274
215
492
214
349
251
261
275
200
281
272
301
202
238
358
563
268
250
359
304
297
283
268
186
270
195
365
236
297
946
304
199
216
234
251
263
277
253
293
405
263
450
292
186
266
216
209
705
225
519
259
162
630
199
208
242
254
333
229
259
210
189
228
555
580
265
178
219
267
239
418
1207
398
244
232
618
222
193
409
254
334
833
386
301
185
286
298
300
453
290
221
269
245
1515
219
267
291
291
294
255
233
280
223
412
177
242
189
239
367
215
299
274
227
397
283
275
538
249
428
233
361
2264
304
306
233
223
173
360
203
1513
281
204
269
388
368
235
310
328
493
255
233
329
240
242
190
229
316
297
240
272
259
275
275
186
504
203
290
194
299
189
227
407
216
311
572
210
470
352
439
231
229
404
220
308
177
202
236
219
232
183
250
214
237
202
292
262
294
230
263
280
190
220
352
228
201
264
322
232
226
213
295
406
301
323
264
239
208
318
309
278
280
422
240
472
209
279
197
295
364
289
260
203
247
282
197
221
274
268
415
253
330
345
225
398
273
1105
260
740
276
275
257
232
257
297
246
195
296
255
190
289
366
216
284
198
271
215
202
496
581
215
356
218
199
364
598
202
361
488
223
550
337
170
199
202
274
275
233
324
264
206
229
257
260
284
245
260
228
257
245
897
247
275
743
219
254
221
291
241
276
291
257
297
661
226
185
597
810
201
237
238
224
247
285
500
231
212
209
270
258
290
257
564
225
271
393
281
282
312
279
220
319
327
263
269
193
238
261
210
365
345
242
300
217
344
338
216
189
232
584
297
201
321
6863
210
168
277
283
214
413
353
247
655
228
287
452
267
191
6863
334
454
194
327
223
213
220
692
238
209
436
242
384
475
254
276
275
330
257
188
191
318
196
275
193
247
251
323
250
213
452
214
224
364
269
250
571
385
310
740
476
236
279
295
273
504
701
274
260
6863
224
234
222
246
236
279
257
253
591
240
257
287
228
297
322
235
303
282
445
214
254
413
233
210
244
304
228
181
211
320
219
227
172
227
228
246
189
255
259
200
225
352
1897
230
313
237
252
1315
251
241
513
258
205
263
210
319
247
260
267
278
190
256
343
200
206
247
204
187
3599
198
336
358
214
231
261
180
353
325
271
324
267
262
223
176
603
235
214
303
265
181
240
231
307
209
208
259
234
234
288
221
254
281
345
263
303
249
204
322
235
315
273
204
455
152
227
311
288
276
300
252
306
372
224
242
314
220
503
1631
229
244
284
307
417
205
217
244
244
6009
722
254
243
297
290
208
163
324
202
281
251
225
257
198
197
228
260
212
305
191
197
1177
264
226
229
200
1857
323
231
385
302
218
178
226
224
485
424
296
206
209
259
253
275
315
223
176
291
265
231
177
213
276
374
1348
376
173
344
243
205
484
215
634
285
234
215
563
329
208
170
200
274
223
320
248
266
192
206
198
234
235
298
262
194
479
163
251
364
223
251
262
228
190
253
304
144
287
275
393
365
214
275
226
221
206
241
276
226
203
183
226
357
211
262
232
277
168
271
707
252
269
265
227
212
425
440
234
321
283
442
328
286
276
281
258
314
248
228
421
216
266
215
252
250
277
211
312
223
231
341
249
213
279
1163
268
382
201
220
269
480
282
217
314
300
230
250
226
261
258
201
235
175
248
330
177
188
1374
204
282
270
516
233
285
196
305
589
268
249
215
513
240
150
379
348
193
387
492
283
399
205
201
228
143
442
181
251
222
301
281
223
212
249
279
186
463
271
190
118
201
222
299
296
290
277
206
244
717
726
286
249
239
228
675
252
297
270
253
274
209
233
246
453
307
264
372
209
198
212
295
193
216
212
222
236
226
171
242
179
206
226
577
244
374
183
287
337
290
186
235
268
204
241
265
183
210
202
187
179
219
381
194
234
230
297
193
265
189
245
218
318
235
204
197
220
184
307
270
245
246
265
1155
289
1556
186
225
193
250
211
187
264
240
317
217
258
182
529
525
212
439
220
281
233
202
294
398
345
393
237
219
339
236
408
732
234
249
238
182
480
273
244
219
274
272
252
412
230
205
1314
423
267
219
240
234
331
207
336
313
215
237
238
312
227
225
636
278
276
295
542
221
350
172
403
199
358
217
1705
315
445
278
306
287
296
311
1877
287
278
258
329
211
203
308
202
175
231
268
224
317
566
206
188
340
201
214
210
203
214
290
300
391
254
230
254
298
152
311
204
279
241
202
347
196
216
470
206
1092
214
676
213
215
311
242
242
320
450
189
199
205
203
216
352
222
206
273
327
223
239
202
225
258
253
179
195
163
343
225
392
362
401
203
258
1229
326
340
201
242
252
199
919
217
438
317
552
120
267
416
262
243
261
374
248
184
264
198
201
1863
382
232
307
216
386
296
231
479
1385
218
222
186
183
263
669
303
229
214
179
484
252
279
224
357
297
212
247
252
429
247
220
186
229
314
262
214
281
362
202
203
296
282
222
274
309
196
209
300
331
194
261
201
172
320
235
349
195
186
600
259
221
235
267
364
194
320
546
446
204
250
200
258
284
258
218
233
342
337
458
1630
538
247
266
191
1735
206
244
190
271
289
249
738
545
240
223
218
612
221
217
220
215
240
276
238
218
236
253
233
298
404
409
635
197
318
277
8163
196
312
226
195
193
249
196
338
259
235
431
248
215
206
212
404
296
203
201
322
195
258
224
336
244
205
238
206
1092
263
197
276
244
197
173
307
233
232
265
330
259
265
291
130
230
209
287
309
138
156
361
1296
188
244
202
224
226
227
250
207
430
212
772
198
1054
233
230
400
210
208
194
295
299
225
411
252
226
330
592
245
293
185
218
208
180
322
226
201
216
189
287
177
204
292
334
258
276
224
225
226
212
863
214
333
266
266
237
206
191
257
243
332
191
253
196
190
823
241
306
1374
203
340
320
209
204
178
204
202
688
239
234
777
257
337
493
182
402
252
295
223
175
188
365
210
601
204
250
484
210
198
230
295
184
266
379
329
154
361
308
217
232
287
203
222
254
189
721
181
275
259
210
196
232
321
559
237
200
717
375
232
217
202
150
247
173
305
238
319
1431
229
190
224
498
278
235
237
190
236
299
227
294
364
347
290
251
200
484
170
293
500
169
296
264
879
286
173
327
588
305
243
185
274
221
207
161
256
491
337
1051
434
1505
191
203
276
208
217
391
241
204
286
325
178
266
166
297
270
463
361
212
226
332
274
458
310
276
255
227
274
189
258
293
336
241
337
251
287
234
511
227
240
328
231
182
224
219
206
360
198
197
813
238
254
203
6863
200
345
273
277
1222
200
221
184
305
419
194
1112
221
190
192
279
291
197
199
288
202
241
330
551
270
244
288
186
226
317
320
226
207
228
203
150
225
356
197
191
227
291
545
318
261
187
285
317
282
200
240
225
531
231
191
238
255
281
6009
260
250
273
884
277
270
284
291
200
283
144
475
154
569
227
215
210
312
268
321
399
245
264
179
258
218
226
198
377
246
324
202
227
201
358
210
524
216
241
202
239
322
145
206
170
222
983
242
330
255
231
342
324
237
168
205
260
193
221
202
375
198
246
196
240
322
280
261
314
213
231
169
440
300
200
221
236
217
300
168
257
257
241
234
228
174
233
202
320
243
197
178
337
250
287
263
232
213
244
271
203
335
272
232
204
194
224
263
247
159
998
195
278
254
200
205
394
240
367
421
201
203
235
272
264
1269
591
233
207
284
226
187
292
270
180
202
292
183
189
360
306
219
360
200
278
169
238
217
201
195
180
225
188
184
184
165
219
269
203
275
213
239
223
167
317
211
245
179
268
335
222
271
280
140
266
294
571
287
171
235
269
212
263
294
278
534
262
212
215
834
293
154
249
220
275
181
212
194
216
261
206
225
264
271
201
270
276
325
188
150
270
324
183
195
217
431
202
219
183
511
210
225
197
257
260
164
245
238
464
267
191
314
284
154
231
198
449
469
162
274
240
285
290
296
404
601
220
236
236
272
186
192
252
202
200
256
245
204
265
170
176
176
314
214
1050
170
243
253
305
260
425
268
173
1129
238
344
214
255
200
159
196
257
301
186
253
335
235
285
194
280
202
421
183
329
259
143
404
265
618
1593
187
193
199
215
270
255
188
192
305
233
215
203
260
254
188
337
270
312
531
193
384
175
324
226
316
226
291
258
189
371
202
269
228
498
223
112
419
200
385
285
202
298
155
277
208
179
158
187
256
278
222
263
173
422
953
173
294
103
260
202
346
255
250
260
584
227
196
208
300
348
216
259
239
230
189
832
218
213
176
196
333
490
217
224
228
411
299
183
270
242
210
328
253
194
189
175
298
192
222
272
263
197
229
298
690
239
192
201
209
331
185
180
210
138
273
286
221
262
191
484
177
955
914
296
182
203
338
172
249
201
377
235
492
174
291
216
228
224
194
224
269
207
549
226
219
271
233
285
203
288
314
336
208
666
275
201
813
214
505
240
173
271
185
262
325
164
221
306
232
289
341
345
1133
261
442
214
198
190
296
233
516
238
171
532
259
615
201
255
318
166
221
523
194
324
262
370
240
182
217
143
265
492
184
149
175
187
198
190
769
201
404
615
268
272
248
231
404
254
1397
204
237
245
239
142
320
239
206
196
171
201
202
284
204
281
174
291
167
129
455
308
263
203
506
190
236
193
209
327
188
229
154
274
220
212
165
206
349
223
211
298
239
247
211
209
686
161
469
338
218
139
629
187
219
261
239
509
165
257
204
251
224
232
253
272
368
198
519
210
248
773
295
232
169
211
625
291
469
164
250
246
348
271
1075
205
206
131
899
282
195
318
182
172
176
164
191
190
229
404
294
267
259
346
173
204
248
398
281
194
179
191
485
216
413
236
204
163
230
332
209
192
191
266
196
217
413
497
162
220
224
176
207
216
148
232
231
257
404
187
203
185
220
177
289
356
301
368
164
164
245
288
1344
186
161
278
508
336
404
168
192
477
193
215
231
202
192
179
253
242
271
183
281
309
147
141
475
295
238
137
267
383
260
273
194
356
209
200
269
489
173
186
175
240
192
510
265
199
205
239
204
245
230
146
241
239
223
286
441
171
295
218
189
188
264
325
263
288
249
255
200
193
164
200
328
492
116
199
182
203
314
284
281
201
261
290
256
200
168
291
281
173
200
174
168
197
260
320
493
236
182
159
309
262
245
198
309
784
253
257
186
276
285
314
185
290
238
162
262
244
2100
282
193
221
188
235
1863
226
532
244
416
186
125
357
388
231
177
195
351
8163
374
590
215
384
101
216
515
230
216
361
206
266
498
172
408
419
321
200
202
203
148
181
205
208
142
227
171
512
200
252
304
445
191
193
168
170
602
271
215
628
387
357
215
500
195
192
191
302
190
192
180
197
232
514
321
160
514
272
215
223
285
297
206
230
193
329
178
281
235
140
309
220
269
549
198
246
278
269
239
188
170
281
201
194
271
184
277
197
219
191
192
229
114
242
183
316
499
425
196
402
167
192
191
138
179
239
436
459
160
2264
209
202
187
188
240
157
191
1719
274
206
347
263
244
193
236
233
193
228
268
486
239
325
295
345
175
258
336
233
340
197
192
258
332
185
220
234
281
288
946
321
637
171
240
224
176
191
1001
211
279
285
194
197
370
194
207
211
265
195
259
252
510
164
213
223
279
564
174
225
212
303
664
221
149
209
134
166
253
273
194
215
329
237
223
279
210
186
255
506
225
220
434
438
236
310
202
160
184
638
288
129
198
203
347
250
177
281
161
174
288
257
204
237
638
296
170
174
187
252
298
207
127
274
198
265
172
194
219
110
204
214
250
224
254
275
181
227
190
195
167
140
291
286
349
327
171
283
364
302
173
248
1946
760
188
226
145
217
273
238
169
191
205
385
236
101
179
206
234
181
169
235
178
238
217
198
196
314
153
222
223
177
1024
202
556
163
443
217
153
130
246
201
193
248
404
210
316
1905
201
1388
425
187
242
372
289
425
195
308
340
156
276
323
192
215
196
127
314
379
217
194
227
215
172
321
133
196
295
260
268
263
722
252
202
226
169
192
241
300
212
275
308
171
206
118
276
569
404
228
189
185
227
242
180
434
203
456
196
182
175
214
170
401
246
189
135
285
234
227
207
335
433
245
204
267
242
264
191
301
669
529
166
161
194
246
228
192
200
176
202
266
216
149
2182
512
215
209
404
286
316
319
288
2264
234
168
287
197
223
420
302
203
560
324
170
170
543
500
226
203
213
230
433
163
240
186
199
299
190
266
216
286
203
238
240
1930
182
260
147
232
211
180
210
139
202
207
205
275
1001
233
170
252
209
340
204
416
223
151
197
190
315
189
258
223
222
221
297
209
264
152
266
544
375
249
187
839
385
276
193
484
134
233
197
212
404
309
190
200
243
204
233
176
224
388
426
226
184
202
217
303
221
460
231
229
301
275
156
171
165
216
119
180
220
199
606
327
167
126
185
316
223
180
250
330
144
172
269
230
195
192
285
142
182
318
231
235
190
395
735
202
454
181
144
168
192
352
301
175
144
198
172
512
200
301
404
142
404
300
183
127
302
592
266
182
298
274
202
162
258
340
455
164
140
160
163
188
186
265
292
485
349
271
176
170
179
170
184
194
226
193
233
314
263
126
197
217
271
536
600
119
201
222
125
179
178
173
597
312
197
325
231
288
200
195
257
513
409
237
412
144
201
995
217
165
233
174
481
266
238
629
396
202
122
195
254
224
210
203
185
161
206
204
716
230
293
262
210
197
219
427
295
198
269
259
1584
230
206
173
259
161
186
675
159
121
264
201
214
327
523
261
296
188
193
238
216
146
404
262
217
225
304
218
482
199
173
223
258
290
167
290
208
379
211
250
233
494
392
217
102
315
203
248
202
341
200
397
161
764
271
312
268
210
239
174
138
457
253
394
196
203
236
1331
243
227
8163
272
229
188
355
404
213
226
181
404
253
224
188
306
444
179
275
213
181
335
214
229
162
238
204
589
262
256
219
231
292
209
476
433
374
404
286
510
201
249
197
148
1397
845
130
1477
201
355
465
190
261
151
221
167
361
152
231
372
188
404
171
188
309
322
314
404
182
292
341
190
156
384
338
303
470
175
196
252
147
187
288
313
190
157
237
163
368
175
358
191
176
333
202
397
426
404
276
345
207
711
176
233
178
234
356
241
167
155
184
186
243
270
360
233
160
625
230
181
201
197
235
140
239
295
164
158
224
237
188
234
210
287
244
323
239
212
225
212
228
186
404
235
260
198
264
251
164
491
341
167
138
298
175
162
302
258
227
160
404
174
224
231
358
187
276
120
228
474
207
191
148
504
1705
409
326
169
329
180
164
1076
178
409
188
214
345
151
235
196
202
187
175
209
580
170
302
404
484
173
230
247
270
254
108
209
188
285
247
145
719
141
301
173
329
402
196
332
236
404
192
168
157
101
281
224
358
916
185
187
209
736
243
206
323
711
228
213
199
253
741
273
198
247
214
172
281
205
162
385
404
404
290
185
236
257
167
319
389
312
227
260
200
643
155
201
184
142
186
288
175
597
296
189
199
194
124
291
235
164
232
625
283
220
322
148
190
222
179
148
208
266
194
131
254
664
267
279
139
293
240
210
404
185
159
101
216
177
245
1134
359
386
193
286
108
221
170
282
233
318
168
206
166
272
204
277
182
190
161
104
1974
253
343
235
161
223
174
247
110
192
192
310
232
299
130
254
379
370
268
359
264
319
195
332
243
625
257
244
449
226
207
213
600
167
195
295
465
199
374
157
217
203
179
237
201
224
217
154
161
117
255
278
220
251
208
157
335
459
206
198
626
288
155
198
1024
204
172
199
146
213
198
228
311
156
193
265
239
197
1450
246
194
166
211
204
193
272
148
245
159
404
268
404
101
202
797
185
226
191
202
173
258
280
126
132
245
189
3436
205
148
384
393
189
287
642
404
180
214
106
366
106
201
376
250
272
184
156
139
324
200
284
288
181
1781
194
1269
277
198
177
404
110
285
173
277
131
1795
279
145
394
218
229
210
173
343
259
170
115
247
378
171
162
351
279
217
219
207
166
209
182
233
212
215
200
247
204
102
185
200
230
150
237
243
293
323
247
230
180
245
262
259
186
146
232
237
197
266
231
271
233
236
150
292
220
5356
256
249
185
309
655
228
177
350
404
135
263
328
163
180
182
173
138
210
274
130
404
205
106
456
188
201
233
233
229
221
253
176
404
176
173
153
145
136
239
300
188
273
227
132
368
256
207
183
234
140
179
549
149
214
200
303
246
313
176
321
189
268
217
347
256
212
266
368
179
289
201
264
108
220
274
320
103
267
165
147
404
335
205
272
831
338
324
411
332
133
211
322
207
191
157
226
191
216
172
234
564
258
190
228
158
197
163
140
171
173
402
327
151
288
160
148
182
159
272
305
404
238
167
170
250
193
227
711
232
169
235
227
215
189
323
518
217
310
729
404
231
233
206
383
366
167
257
383
160
231
201
404
429
247
355
165
176
303
162
166
240
239
204
185
292
336
249
201
149
1143
417
245
1703
415
947
120
305
311
199
231
159
228
266
258
508
221
169
218
217
154
405
113
436
115
274
211
153
343
163
1202
244
167
179
1208
256
470
128
594
370
280
130
311
171
179
297
356
296
298
335
251
191
346
244
404
397
201
214
225
282
210
196
217
265
208
174
430
177
119
207
221
122
215
178
159
171
105
147
866
138
292
173
200
122
144
176
404
292
404
218
285
181
134
168
153
261
185
781
265
227
237
147
624
301
216
242
273
199
677
202
298
367
207
248
237
195
176
155
259
210
237
101
251
271
204
103
697
170
118
105
164
226
525
235
242
156
167
179
277
257
193
155
508
213
215
270
293
252
197
238
171
182
158
190
179
200
294
176
988
223
207
228
215
175
180
514
194
109
150
223
280
533
181
401
245
149
298
143
478
175
170
154
192
171
219
340
249
181
127
241
160
332
212
404
197
571
602
299
145
172
129
115
162
153
317
175
284
246
136
267
217
186
201
158
137
210
286
279
292
139
245
235
208
291
681
256
261
175
243
192
1833
167
192
230
205
213
464
123
271
358
220
221
209
271
217
194
228
289
303
240
404
243
212
312
101
248
101
202
124
146
155
202
203
163
335
268
259
121
161
349
166
170
519
616
225
835
320
134
168
106
181
375
190
185
167
176
281
101
203
218
125
186
275
192
225
196
201
414
310
181
175
207
1930
347
148
199
204
194
208
195
251
169
262
231
140
135
162
201
138
437
167
185
212
276
173
219
268
252
410
230
128
253
206
172
200
154
651
176
211
1511
190
316
392
192
166
188
275
195
189
318
350
232
230
173
229
155
140
199
216
211
274
241
197
626
247
101
196
139
440
241
316
266
196
146
404
404
143
404
210
404
184
290
289
257
404
228
224
508
371
198
404
178
152
303
250
172
172
200
169
207
404
219
251
165
281
404
822
324
162
235
266
329
203
206
692
162
226
154
250
168
164
228
238
191
268
493
172
195
187
404
187
2620
404
184
198
256
134
179
182
153
313
215
140
321
253
307
244
307
171
181
172
202
214
176
204
156
116
404
101
144
188
651
259
143
170
195
153
295
214
242
154
306
234
274
572
237
192
314
178
404
248
212
239
202
226
276
310
202
320
201
314
164
147
102
185
276
1344
165
178
1174
207
188
300
181
155
165
193
297
180
167
164
240
319
209
162
257
204
128
177
404
175
335
307
171
282
269
258
199
404
270
1388
280
155
163
494
199
404
226
342
229
186
155
763
170
268
210
303
204
178
170
334
152
216
101
150
295
183
234
136
271
221
165
404
305
398
483
173
151
135
264
267
332
260
189
504
154
153
461
133
404
1029
171
187
202
141
209
154
281
455
377
176
197
103
224
199
250
217
201
137
1494
301
224
101
247
177
404
219
202
178
189
175
435
393
145
130
310
172
277
162
180
208
184
248
164
400
507
479
404
236
190
300
179
141
262
805
296
291
404
203
404
148
188
1094
790
493
404
182
404
176
125
330
510
228
209
211
271
139
224
224
517
271
212
246
131
181
157
302
180
209
173
991
214
330
347
329
141
221
281
613
188
177
796
332
185
193
306
335
316
161
209
160
638
170
174
322
282
155
186
228
266
316
190
243
192
272
900
253
207
134
154
229
159
351
144
153
220
138
180
236
290
165
206
104
207
214
212
167
151
286
184
196
208
151
1207
315
235
1026
216
290
404
276
193
159
243
334
386
268
212
232
183
259
248
156
159
138
189
288
260
202
140
217
260
425
202
227
218
238
213
221
236
140
549
404
178
249
249
159
105
249
131
193
198
214
163
591
195
240
140
179
207
184
404
136
404
8163
323
454
404
404
181
271
404
225
217
192
474
163
175
278
295
146
156
274
404
6863
200
273
251
109
295
190
178
190
215
249
195
177
404
146
445
404
229
299
202
150
272
345
209
226
219
281
131
180
205
212
154
227
251
404
123
183
1543
242
150
149
258
125
219
241
485
204
249
404
130
404
236
101
185
101
266
960
267
224
101
166
219
285
404
206
120
181
154
215
210
404
944
404
133
368
250
111
107
199
168
285
276
280
306
285
162
164
154
193
594
211
199
362
186
211
185
362
234
119
260
665
194
285
204
155
120
255
101
167
265
167
220
529
160
202
237
170
481
175
441
404
404
240
153
215
1063
170
195
265
322
196
152
182
601
177
298
286
183
953
123
136
296
451
124
174
404
140
238
205
869
200
269
404
197
143
190
1155
155
101
157
208
180
124
318
218
267
306
404
210
404
280
196
161
154
413
124
201
404
172
180
506
260
102
227
283
404
556
155
214
123
452
160
224
234
225
192
110
404
223
957
193
221
202
150
191
681
233
518
171
159
228
410
298
247
222
304
254
358
161
186
250
216
150
2295
172
422
214
204
775
404
357
404
161
220
227
192
227
206
336
144
404
104
769
244
141
112
103
188
215
227
171
305
182
120
120
279
110
255
230
313
130
404
265
241
109
206
350
144
206
233
164
343
122
221
404
200
476
183
246
165
229
414
404
262
404
165
523
404
131
721
366
261
255
242
404
255
248
182
133
312
225
111
404
312
310
276
203
160
120
149
176
355
169
255
151
446
158
404
174
239
1472
404
1385
404
300
132
404
172
497
207
256
178
169
159
399
183
210
186
288
160
1109
576
202
404
147
174
265
272
192
139
473
320
160
209
245
207
244
137
210
144
190
184
272
244
260
170
208
203
204
187
208
189
133
182
262
223
214
320
163
172
144
281
291
307
101
168
404
404
198
279
171
171
173
195
404
315
155
220
138
117
243
202
155
124
404
212
144
171
207
211
249
404
276
212
124
321
112
249
1069
101
404
229
216
256
323
391
129
206
138
372
199
189
243
281
203
508
246
176
119
107
404
122
219
314
271
194
114
236
179
191
257
385
190
157
242
404
206
203
404
247
338
287
450
371
194
538
153
199
196
185
114
346
222
709
254
217
275
171
190
252
143
159
196
167
244
2442
185
252
318
288
328
161
404
185
421
152
153
177
227
129
248
158
158
164
111
235
172
264
157
113
287
193
107
362
404
189
207
201
141
221
166
404
404
307
140
164
214
229
159
461
674
161
274
198
223
223
162
401
114
225
254
107
150
368
266
112
254
283
275
190
157
148
429
246
166
404
195
197
404
225
110
213
202
204
185
164
119
200
520
159
301
244
404
165
133
219
294
220
276
298
216
211
189
150
112
322
227
208
176
192
404
173
168
191
515
169
238
106
201
292
275
404
240
404
239
234
274
265
180
266
677
164
222
369
509
161
202
404
159
217
155
200
277
431
144
295
229
501
388
343
532
158
109
135
251
180
286
879
247
228
418
219
323
175
182
104
238
404
102
210
331
248
177
202
112
324
267
238
276
120
141
404
225
197
206
201
404
171
272
283
404
149
164
184
134
295
185
129
220
221
118
326
111
176
269
174
223
630
440
272
148
132
191
180
776
218
529
143
203
204
209
239
519
400
241
276
149
201
102
404
146
227
186
155
213
145
404
286
134
162
146
202
404
171
241
168
404
161
268
538
163
404
247
145
296
167
263
404
165
478
523
267
218
369
272
188
170
236
155
497
194
194
404
108
350
189
177
174
123
192
262
193
103
203
245
226
331
404
302
199
194
202
199
193
249
170
223
124
103
231
101
159
419
2182
187
208
341
135
800
170
148
101
113
224
302
157
161
230
248
177
520
404
529
234
222
205
162
404
200
404
156
2733
156
125
190
296
404
367
193
404
168
167
208
153
170
187
191
196
265
432
404
151
400
167
404
404
153
173
176
227
453
116
626
106
199
250
170
181
221
799
221
161
168
361
178
186
150
404
149
493
289
163
165
436
107
165
208
293
250
585
192
216
193
404
147
404
172
125
177
242
178
118
139
161
211
213
113
245
335
253
227
138
144
404
141
268
267
234
199
259
394
307
246
232
202
121
202
358
252
124
218
196
404
488
110
978
108
163
178
256
152
201
129
198
506
273
150
239
206
404
141
200
289
184
191
522
205
202
273
224
256
196
404
169
230
278
254
245
150
244
173
160
174
133
146
178
230
175
114
291
129
166
404
404
202
127
257
404
183
153
205
184
404
207
152
269
110
161
251
201
168
102
167
1480
202
201
713
237
149
159
455
404
133
189
221
212
404
187
188
404
184
177
404
257
116
165
159
249
192
166
150
154
404
154
187
172
419
218
113
140
200
296
207
404
207
131
161
137
222
226
150
1293
262
334
223
160
135
148
195
191
242
165
223
104
483
205
404
1514
368
367
165
404
404
404
111
197
179
302
139
400
404
374
223
171
313
346
404
191
404
156
162
573
266
304
194
231
286
174
376
195
145
163
404
259
171
169
540
143
112
453
601
283
230
434
534
399
184
162
175
296
213
178
185
184
367
202
136
130
200
404
238
179
181
185
160
178
164
404
159
234
194
182
191
201
134
137
185
155
179
1969
197
978
549
561
197
148
132
134
218
202
151
487
137
318
484
214
309
247
225
572
240
244
216
232
183
404
201
132
185
110
193
180
422
135
164
195
404
404
163
182
404
193
169
172
201
404
203
205
359
325
131
154
287
1437
488
191
225
270
241
404
189
404
181
274
404
289
808
404
218
200
189
232
294
145
152
201
145
113
404
219
202
259
133
217
404
185
261
167
150
165
490
101
203
170
149
268
194
230
151
404
113
322
404
133
198
196
239
197
253
302
233
404
149
117
110
121
101
225
157
128
308
317
275
151
404
231
194
193
163
235
460
404
247
404
271
404
211
178
287
182
119
242
404
518
155
206
165
385
289
136
214
201
404
209
152
327
167
209
287
191
128
217
185
284
268
232
149
184
199
240
458
236
173
259
192
162
380
404
148
181
256
200
214
206
324
166
239
295
174
290
462
147
202
404
192
404
404
222
160
247
275
133
163
144
208
185
430
223
117
315
404
150
333
231
152
251
404
158
126
108
609
404
217
404
955
202
181
377
122
176
344
119
207
209
555
309
132
227
153
200
212
264
404
404
148
225
662
404
323
290
208
165
140
298
404
218
404
301
234
143
219
241
404
190
223
278
474
245
219
262
144
201
175
404
404
199
749
285
203
207
404
176
194
166
404
163
347
330
196
278
265
166
150
155
404
244
175
101
198
451
404
175
153
237
197
143
205
154
281
404
148
404
234
404
161
177
176
404
404
197
163
261
234
179
131
211
404
404
404
106
186
1833
195
373
177
477
139
176
404
404
202
266
201
404
404
288
120
105
260
404
117
185
198
144
203
404
468
246
194
224
188
404
155
182
187
225
115
274
148
404
404
404
246
206
170
248
404
101
189
109
212
191
242
199
145
404
192
404
215
135
235
129
132
236
125
404
246
248
141
149
123
273
157
235
156
404
135
868
162
135
140
147
179
147
552
187
131
263
136
150
106
116
404
182
404
404
404
101
204
404
152
119
404
101
190
288
222
192
404
404
171
212
127
207
325
101
296
217
280
138
248
411
343
121
160
223
195
208
404
236
229
187
284
233
172
206
105
404
167
404
404
153
140
165
166
118
255
187
377
182
105
404
197
267
167
404
116
404
494
173
191
168
179
126
339
280
404
215
156
273
124
247
307
174
198
252
404
163
108
288
206
201
157
281
108
404
296
240
220
249
150
109
404
377
152
164
404
404
404
196
404
196
442
207
133
221
404
201
162
138
180
137
204
131
216
152
210
217
245
372
237
404
193
107
104
596
131
192
168
404
127
152
178
404
443
404
414
147
120
1905
165
404
145
188
404
213
101
293
290
207
185
404
220
208
220
404
249
183
308
404
148
1703
404
208
1437
339
136
143
169
314
116
129
233
212
215
404
376
144
178
404
404
228
404
148
404
186
220
404
202
167
242
140
404
404
178
151
251
151
238
225
234
1058
137
222
272
209
485
112
128
302
174
146
103
307
237
150
114
177
179
125
328
163
101
392
239
148
195
113
149
129
245
248
280
404
174
461
142
245
168
291
404
1261
161
153
107
404
232
124
705
573
155
126
309
155
285
404
268
182
152
319
153
149
454
138
107
167
196
261
404
285
207
177
277
186
404
151
213
404
107
164
162
156
296
404
220
404
196
404
179
333
223
404
217
404
141
234
126
181
129
404
410
202
232
404
218
115
200
149
278
192
2381
319
204
204
136
404
404
121
185
413
202
404
209
214
404
163
426
404
215
301
199
260
150
276
101
273
118
214
404
202
142
121
472
186
404
220
150
202
246
404
210
178
214
404
314
258
404
404
432
453
404
306
404
404
324
124
150
201
116
177
149
227
141
404
343
189
375
277
227
342
217
218
404
404
404
404
238
101
173
173
101
125
218
155
455
193
166
662
144
204
101
303
404
216
404
111
216
207
119
223
193
404
175
135
227
147
3640
171
404
118
143
404
206
404
250
265
404
404
404
232
190
193
111
169
209
203
348
281
271
292
1905
253
467
101
227
191
318
140
404
237
102
380
330
185
404
404
188
270
169
172
439
239
217
106
270
132
2264
404
324
235
184
205
404
115
123
404
193
142
222
597
404
404
171
135
145
123
136
108
127
262
176
404
188
155
148
175
547
532
374
146
663
133
234
194
463
808
127
404
203
199
270
404
167
404
174
308
404
168
113
404
126
6863
789
102
103
177
101
151
236
317
477
321
404
404
404
404
820
258
404
404
523
272
195
236
247
202
186
112
247
199
154
134
131
404
404
404
128
218
223
171
215
6009
404
131
237
174
404
199
252
248
205
128
461
106
114
197
404
180
116
215
111
150
404
181
150
136
404
104
177
101
151
205
288
130
404
112
220
485
254
404
404
187
228
404
190
183
404
494
322
135
208
155
135
138
178
274
101
199
216
202
267
470
219
404
195
212
203
404
109
404
208
158
101
199
137
124
281
404
255
158
104
296
149
246
404
536
101
284
404
337
418
555
404
304
404
404
332
222
489
193
186
404
179
127
227
170
231
162
288
677
308
101
122
404
186
131
263
455
181
444
404
404
167
214
404
214
140
236
243
8163
1511
160
2442
134
237
179
245
106
173
321
160
178
124
115
205
207
174
404
136
123
160
144
160
115
404
176
404
197
312
101
404
276
261
185
404
201
258
404
106
202
152
381
124
201
334
404
241
149
161
404
404
404
139
404
133
191
404
404
404
222
404
404
404
284
174
208
178
162
262
404
117
191
203
404
142
288
205
170
220
260
139
187
223
404
404
203
262
170
404
404
107
200
404
173
135
404
404
404
343
319
139
249
234
161
321
203
136
404
404
307
124
826
404
404
291
114
404
748
198
182
252
241
404
130
879
202
653
501
259
270
154
148
404
210
404
193
750
272
404
404
203
218
404
404
102
184
189
404
360
153
128
344
216
199
129
260
404
206
240
192
733
404
404
184
239
404
404
265
404
266
164
1414
225
153
230
404
281
404
182
969
147
208
255
104
354
404
136
194
211
203
292
243
174
207
201
195
404
404
299
320
242
131
231
239
243
101
172
257
116
404
177
121
249
404
260
236
404
176
197
177
337
404
404
404
245
281
404
130
355
238
182
204
404
183
404
298
404
254
111
404
434
206
116
167
203
196
333
118
115
415
248
404
404
404
629
145
136
253
415
404
341
227
404
111
219
168
135
404
189
254
221
208
167
659
296
150
147
141
192
245
144
404
158
110
132
6009
316
404
404
404
1553
141
165
101
404
404
160
404
404
164
115
135
404
282
163
187
104
186
239
404
332
118
404
101
151
404
101
145
115
286
149
404
404
204
287
118
404
537
178
255
267
127
404
178
404
188
192
262
138
206
404
404
153
404
1472
404
202
169
213
112
307
404
183
110
165
256
133
190
160
156
194
176
404
171
147
383
270
215
404
107
128
147
197
145
180
110
196
263
166
404
404
207
214
239
228
271
132
115
192
856
135
202
404
404
172
268
259
404
404
146
280
326
343
124
890
215
404
191
404
205
404
404
177
404
404
156
208
171
126
140
153
404
133
404
210
101
135
293
211
375
196
537
213
404
221
404
404
532
253
484
201
128
110
141
408
349
160
404
101
404
285
458
404
168
142
404
311
404
164
163
165
261
153
292
246
404
250
404
500
623
264
165
404
230
404
152
285
295
147
155
278
199
301
202
129
404
239
188
404
404
404
133
295
251
176
241
230
181
404
317
347
404
141
212
186
404
109
183
404
154
175
404
164
404
324
255
404
299
185
156
179
250
404
340
172
155
252
404
105
280
146
404
515
146
131
404
107
202
404
404
404
225
191
201
404
138
191
101
140
201
122
103
199
533
153
121
140
404
306
602
101
170
242
174
161
243
404
404
115
211
404
128
404
404
200
478
275
155
378
200
181
162
101
404
404
404
200
202
185
101
499
211
152
202
264
404
199
155
189
404
404
673
166
267
219
581
144
127
541
198
404
404
404
226
211
258
350
422
102
238
126
185
184
117
106
165
200
211
290
404
303
187
1001
156
108
404
250
151
234
216
196
404
890
404
210
131
139
154
404
133
404
404
218
192
206
135
144
288
404
404
127
404
163
2328
404
740
404
111
126
149
272
263
228
150
686
404
163
404
120
102
201
120
191
200
171
157
328
305
148
404
208
148
369
404
129
268
202
404
186
956
183
404
404
249
156
199
178
404
230
181
106
229
404
404
233
146
153
301
147
404
404
404
146
198
242
267
404
446
171
154
404
261
132
404
209
161
404
203
158
249
338
404
223
404
1539
183
246
122
181
404
213
404
404
101
404
283
201
490
714
174
128
404
177
404
330
1147
262
230
404
187
404
381
494
129
144
192
153
498
506
404
111
152
404
245
170
202
404
190
404
150
143
119
215
159
280
404
404
404
404
138
160
404
129
142
404
167
404
201
404
404
235
127
304
160
1450
404
404
101
404
436
126
404
131
404
107
157
182
422
143
404
178
404
872
124
404
404
165
207
183
404
404
404
163
404
404
174
421
404
209
404
205
230
102
404
404
445
404
216
404
245
148
404
154
123
161
404
215
252
407
172
404
107
300
199
170
404
200
135
121
404
404
165
142
404
404
171
404
450
113
129
254
404
735
145
101
253
131
142
189
177
404
171
189
404
176
252
228
227
404
404
1112
116
101
261
404
113
404
204
171
359
221
111
138
2295
182
257
404
159
234
728
234
158
127
163
276
404
132
489
183
404
152
156
161
289
305
234
404
555
228
172
404
134
114
141
223
128
218
125
404
301
330
156
404
404
240
250
404
332
161
404
345
212
232
404
183
173
258
153
404
212
514
155
404
316
150
102
384
404
128
404
226
193
193
218
239
404
404
404
404
1331
118
948
404
170
204
159
130
182
189
147
179
404
168
404
337
404
134
201
274
404
105
241
215
271
404
101
232
177
404
123
144
404
157
180
299
404
159
169
167
404
196
404
404
404
160
568
512
166
260
193
149
309
151
139
404
404
404
404
355
404
147
139
384
186
2286
263
404
104
111
476
244
404
185
380
362
125
404
158
404
404
184
111
250
404
404
125
218
404
404
120
269
250
246
151
293
404
316
210
142
404
180
132
404
199
255
233
150
404
206
143
232
404
219
174
232
404
200
404
373
404
404
460
190
286
264
404
404
221
203
272
321
404
155
166
145
404
404
195
162
155
201
194
404
222
170
190
404
117
199
154
203
404
320
454
199
203
404
209
109
404
118
404
213
484
404
208
404
404
404
404
172
404
135
187
175
101
197
404
404
517
282
214
404
326
404
404
172
404
404
133
404
161
404
149
210
217
189
404
133
404
175
164
404
404
248
404
321
172
205
404
124
404
284
404
404
183
176
404
170
404
404
404
404
404
362
404
159
233
138
249
404
201
227
404
129
202
255
404
275
404
196
201
404
404
282
404
253
237
480
182
404
182
138
175
207
266
404
404
526
207
222
109
105
302
228
515
107
141
255
191
1146
112
268
511
404
151
234
278
243
255
106
404
274
404
284
101
215
404
148
394
1434
1077
404
404
311
145
165
151
404
302
404
404
404
203
404
309
404
404
163
404
262
424
246
404
106
404
269
404
404
404
136
130
179
473
149
146
138
131
168
175
128
283
404
223
404
251
2328
206
404
215
404
404
102
132
292
187
404
214
554
130
404
150
240
106
330
211
214
404
623
151
404
179
630
191
144
476
242
155
326
110
218
404
178
391
404
101
370
165
404
255
404
255
155
404
134
312
107
220
176
139
404
404
404
252
195
404
235
404
188
108
198
237
128
404
231
152
404
404
200
385
183
155
404
221
162
459
404
169
180
331
187
150
404
123
104
143
404
404
298
208
249
210
404
404
173
115
119
207
253
624
102
136
202
403
404
735
345
290
404
404
207
404
225
264
226
157
404
243
404
220
106
102
174
127
404
404
404
629
404
261
234
158
127
196
171
208
586
404
286
113
135
404
117
404
188
170
260
325
129
110
179
404
404
267
404
223
280
115
134
544
227
254
270
404
104
124
226
404
174
201
404
404
107
404
233
404
404
367
134
404
137
404
404
167
404
404
160
218
318
176
295
404
152
125
779
404
404
253
418
205
404
429
404
202
105
404
404
875
168
404
404
210
529
404
404
473
404
160
216
404
183
404
404
233
153
222
302
404
202
184
105
493
404
404
199
404
150
247
118
128
404
194
108
143
185
225
120
577
406
141
404
106
404
340
172
234
254
156
188
183
289
270
322
107
373
161
148
165
200
123
404
200
566
181
239
227
279
193
404
160
706
272
309
232
235
137
194
169
169
118
404
404
240
159
404
404
187
404
404
186
1477
113
191
404
196
200
208
160
161
113
404
101
140
404
110
224
182
404
653
158
177
404
404
404
353
141
218
331
404
201
123
218
733
404
154
237
198
182
101
108
140
125
142
134
404
250
404
404
254
129
139
169
363
147
207
404
584
404
134
404
259
138
120
404
366
140
404
101
404
111
265
101
404
182
101
236
404
404
133
345
118
187
414
404
149
139
404
299
164
273
320
404
404
404
404
131
404
202
211
342
404
137
203
124
257
686
165
404
384
158
122
105
176
404
171
217
224
404
216
175
228
404
202
122
356
235
404
118
411
101
404
101
404
404
178
248
342
404
219
332
404
228
404
135
404
1143
163
404
208
230
185
313
180
245
404
404
534
204
404
404
189
404
404
404
404
101
404
157
404
147
404
335
404
137
149
283
404
132
404
243
473
219
404
437
172
101
216
638
146
404
347
116
318
404
174
404
318
404
261
404
201
404
255
148
404
404
209
404
183
135
404
241
208
404
141
260
137
157
527
102
180
398
404
234
404
101
1719
288
233
131
1055
404
404
295
149
226
258
162
161
295
404
197
404
167
404
125
404
168
297
116
404
128
404
154
276
142
115
255
404
404
156
404
404
481
158
289
404
404
404
202
200
101
689
404
138
271
404
102
115
404
160
133
404
404
404
404
351
404
218
249
219
202
474
128
179
151
109
749
180
1877
122
166
195
404
167
301
188
362
404
192
404
404
404
404
404
698
404
201
217
404
275
404
404
404
404
404
404
404
234
236
404
404
404
299
274
183
289
404
404
217
404
404
404
404
141
181
142
105
404
404
158
154
127
404
239
252
404
128
404
404
205
404
162
404
256
101
258
799
404
201
101
404
404
726
184
101
325
267
216
404
172
117
371
404
404
404
155
149
172
121
253
193
150
493
404
210
174
200
241
128
404
182
164
404
107
199
233
280
272
101
159
178
404
404
404
404
170
360
404
404
161
183
141
142
404
404
404
205
257
487
897
404
404
612
1522
190
266
189
404
404
153
404
404
177
238
105
290
404
404
207
257
404
254
404
241
404
136
182
101
404
404
218
183
240
453
404
178
503
404
101
404
404
219
775
404
404
126
142
101
163
404
404
404
404
645
404
404
404
455
404
404
184
210
404
198
404
221
404
158
124
404
177
404
218
404
142
404
404
777
404
216
181
404
184
404
404
101
219
269
246
404
224
144
404
195
156
404
260
108
212
555
143
238
139
311
404
404
119
404
132
202
404
404
186
102
404
233
404
404
404
118
192
195
404
404
145
404
404
172
404
404
404
129
199
738
213
404
134
404
404
146
404
126
404
227
404
177
404
404
404
128
140
404
404
345
101
338
146
404
170
199
253
653
404
174
2523
1183
134
196
404
629
404
404
220
404
404
404
306
288
404
188
124
404
404
269
191
404
404
157
211
400
135
404
204
200
404
196
103
404
404
101
203
323
404
156
314
404
404
404
461
164
114
204
186
101
136
404
414
404
264
364
404
404
291
404
263
101
111
124
468
176
250
159
233
268
437
404
404
404
167
271
404
306
404
193
201
404
404
106
779
176
404
404
1946
227
404
1430
404
219
201
173
404
404
404
404
191
241
404
740
404
404
116
169
131
152
404
404
404
939
163
404
215
101
170
156
404
404
665
138
216
404
202
199
245
205
260
404
188
256
144
404
404
122
404
404
205
133
404
404
404
404
404
404
127
101
1592
404
404
422
404
404
404
404
645
103
404
403
404
404
104
217
111
153
404
404
223
404
206
157
497
404
599
404
191
189
226
174
1055
635
125
404
404
404
404
535
404
211
131
404
185
404
188
413
404
404
404
404
404
195
404
238
177
404
300
224
404
404
404
268
304
404
404
404
404
404
203
130
404
178
404
228
266
404
171
404
190
108
228
404
176
270
404
204
404
404
404
106
854
910
404
557
404
404
186
404
173
404
188
404
101
404
143
404
135
404
268
404
404
140
404
314
404
204
216
404
174
172
404
404
179
439
404
187
404
190
115
200
285
404
120
335
404
404
215
404
224
404
179
117
107
121
202
245
217
404
224
183
101
404
1857
404
404
151
404
238
404
195
404
151
404
404
404
106
279
149
117
266
404
179
404
128
232
209
404
404
404
183
214
404
139
128
404
680
145
272
404
220
103
404
404
129
208
404
182
382
404
404
404
404
404
279
404
335
404
156
404
834
132
404
133
202
144
119
334
1261
404
122
404
404
404
404
101
404
110
193
404
404
404
136
404
106
144
147
197
394
252
190
404
404
281
113
404
171
246
404
198
228
218
660
328
404
404
404
404
143
101
115
404
175
217
237
404
404
404
201
193
114
404
179
219
173
211
270
404
404
382
302
187
404
101
174
404
168
404
404
198
404
404
233
404
404
217
261
404
404
112
404
404
297
135
204
404
404
127
404
101
308
404
404
182
145
161
116
245
404
1394
202
117
404
186
175
191
237
131
189
101
297
304
404
404
340
244
404
167
404
404
207
180
101
167
404
404
404
404
329
159
152
503
404
404
167
176
404
404
404
404
183
404
404
118
404
167
117
130
404
185
404
404
143
179
404
404
284
195
101
404
306
207
404
306
404
210
477
183
196
177
176
404
404
119
105
404
103
247
404
404
404
404
404
404
148
182
404
122
404
144
404
147
404
404
202
232
177
404
234
404
404
404
124
404
221
404
404
404
267
404
404
233
404
132
101
457
256
190
404
315
195
404
404
284
404
265
404
404
404
461
404
404
123
237
211
404
404
404
404
168
175
404
239
404
404
185
404
429
404
404
172
404
404
404
130
150
116
404
101
152
404
197
257
404
404
207
314
219
404
404
404
208
404
404
187
404
182
182
119
642
136
404
234
404
404
126
404
243
404
404
404
128
607
119
404
404
221
151
164
404
123
155
200
404
404
404
404
404
120
102
404
253
404
404
161
134
404
404
404
404
212
404
404
404
144
404
101
404
193
404
404
216
404
476
281
209
138
215
167
101
130
404
259
180
404
153
404
225
185
404
291
151
404
191
114
404
155
404
404
336
404
404
404
404
124
404
404
404
248
404
141
114
214
404
404
404
1410
404
404
281
404
404
404
155
404
404
305
404
203
404
404
303
204
109
779
404
404
276
404
404
404
404
148
510
319
404
404
6009
339
404
404
404
125
404
404
148
220
203
114
101
404
404
404
154
107
114
464
163
404
404
695
270
404
404
176
178
404
404
248
138
158
134
206
404
344
404
197
404
404
141
300
181
516
404
141
404
404
101
101
153
404
161
404
226
160
404
404
210
217
404
404
159
404
410
133
404
119
404
150
305
404
404
404
404
404
134
404
1213
104
404
250
143
218
404
404
116
123
162
257
404
238
404
404
192
213
404
210
127
404
404
404
187
231
404
203
404
148
404
112
258
404
404
310
404
227
404
404
302
404
404
199
404
185
177
383
247
404
101
109
404
404
404
418
132
158
404
404
404
261
404
404
247
393
404
121
404
404
205
500
404
125
404
204
404
211
404
404
161
359
404
404
404
113
404
105
404
277
404
404
404
404
404
218
218
404
404
112
404
404
101
150
404
404
157
128
404
101
404
404
293
670
404
461
245
404
181
102
404
251
404
178
135
110
404
404
404
260
404
118
238
404
404
404
176
142
394
404
240
215
404
175
205
185
180
182
138
404
404
404
404
139
180
181
101
404
179
404
173
404
109
404
563
404
404
147
256
224
245
138
157
267
404
366
404
404
194
191
369
404
404
404
102
404
404
404
129
497
123
404
404
238
132
404
132
404
404
404
218
113
163
404
404
170
202
285
197
172
198
261
404
404
404
115
404
630
404
404
404
404
404
213
255
120
171
595
404
230
268
149
404
172
204
552
226
323
404
175
1564
404
404
404
304
404
167
248
404
404
404
404
404
191
404
212
220
404
404
404
404
151
404
404
404
404
222
404
240
404
169
158
404
404
404
101
158
299
172
879
404
186
415
201
404
404
130
208
102
404
180
404
404
156
166
404
231
404
404
182
194
152
131
246
297
404
144
404
130
404
197
316
404
404
106
404
171
404
184
404
404
138
404
101
121
369
404
194
101
404
404
404
195
193
129
252
943
404
623
268
173
108
580
404
109
107
404
470
202
404
111
261
215
404
404
404
404
185
404
159
404
404
404
198
736
147
404
136
152
144
101
281
182
130
227
404
167
404
110
404
158
404
404
125
404
404
404
404
404
404
101
234
404
180
404
140
264
128
404
273
141
535
404
349
343
404
514
404
404
404
404
162
404
284
195
222
404
404
224
115
404
108
103
939
404
210
243
404
404
222
404
404
404
404
404
395
156
404
404
404
404
122
404
101
296
404
404
133
125
404
404
404
208
404
174
143
404
404
404
220
130
404
404
135
238
404
404
275
115
404
187
181
197
165
113
404
404
311
404
404
404
308
404
157
225
176
207
404
404
404
117
159
206
263
600
404
404
404
404
404
152
167
404
404
404
253
404
404
404
404
160
180
360
404
404
404
199
221
607
102
404
404
288
404
232
303
404
404
200
404
155
224
404
265
404
404
404
236
404
139
404
165
327
404
328
404
404
404
141
404
404
101
144
404
404
102
404
404
404
183
205
404
404
208
245
404
404
109
115
404
264
165
404
425
271
202
219
303
404
191
404
121
404
155
205
101
404
222
221
404
404
404
404
162
281
404
404
226
225
404
273
404
101
404
170
520
442
163
404
262
179
101
404
253
404
404
117
404
404
130
142
404
404
404
225
195
404
404
178
342
398
404
223
307
332
186
274
404
404
107
228
171
233
150
208
150
214
137
404
213
188
223
404
404
404
234
404
175
404
201
404
404
140
404
182
404
404
249
200
404
404
202
139
404
404
113
404
404
264
404
404
123
524
166
404
363
404
164
404
187
241
136
269
404
404
191
101
404
404
375
404
404
184
404
101
367
404
310
287
267
404
404
252
159
404
404
404
102
404
404
159
582
404
133
104
2733
404
132
213
215
404
169
404
404
239
404
507
166
404
404
169
162
111
404
404
122
404
124
128
404
196
404
404
404
1167
128
146
236
404
404
595
404
404
126
101
404
404
404
131
105
404
404
101
404
263
404
167
107
150
278
404
141
197
404
404
227
404
115
404
167
101
404
214
404
241
404
404
254
175
404
241
404
404
404
404
404
298
234
179
404
144
121
404
404
404
179
404
101
103
404
252
209
175
101
404
404
404
404
404
404
243
205
287
404
404
404
655
157
404
326
189
263
404
404
101
127
404
104
158
260
135
132
317
404
404
172
179
404
404
404
404
404
404
404
404
404
404
133
404
166
174
211
154
404
404
404
529
1129
404
136
178
225
129
404
169
114
167
161
179
536
101
314
116
404
330
246
518
292
404
404
404
364
404
404
404
243
404
404
204
404
102
404
404
404
404
404
404
301
404
213
404
389
404
404
172
231
404
137
404
404
404
404
404
124
404
750
481
404
404
506
231
376
165
189
156
404
404
404
264
470
404
238
404
404
404
404
404
404
404
404
404
969
154
404
404
404
229
220
404
404
314
404
404
404
404
588
404
1480
404
147
404
404
404
240
404
404
150
404
208
169
173
146
404
110
101
404
404
404
404
206
102
193
404
137
3436
404
171
404
424
183
404
404
290
194
307
106
404
404
772
404
404
404
404
101
286
404
404
404
102
404
404
404
404
404
689
186
404
404
248
404
134
200
129
404
211
404
404
167
372
404
822
404
404
118
404
527
562
335
404
404
404
101
194
165
1261
303
218
236
404
404
404
101
404
148
404
404
404
404
173
273
404
121
404
646
965
130
313
602
404
200
110
404
404
570
322
146
404
404
101
404
297
404
404
138
101
182
404
404
101
404
404
101
314
404
135
233
404
404
404
195
404
121
404
163
404
404
404
130
162
262
404
165
234
404
177
404
404
404
1629
161
404
404
404
404
404
266
404
5356
404
103
328
404
1514
404
404
404
404
404
138
404
404
893
404
404
404
404
404
450
430
223
404
144
104
333
145
404
404
404
404
404
213
404
161
114
243
239
404
358
404
155
404
262
360
404
404
404
404
482
101
115
208
404
158
404
404
404
199
198
105
434
404
138
404
328
404
404
404
313
404
118
404
404
404
404
404
139
404
404
404
170
136
255
404
101
404
404
404
146
404
404
146
499
229
404
208
404
404
135
404
404
206
404
404
404
404
404
404
404
104
404
324
404
404
162
404
404
404
404
404
404
119
202
404
239
404
404
404
404
150
404
404
404
404
404
147
104
203
404
404
404
404
404
2733
404
404
404
339
280
162
210
404
404
188
404
170
134
404
107
404
152
404
404
1394
404
167
202
404
193
111
404
404
199
404
404
104
186
109
301
404
170
222
171
404
404
210
174
404
404
404
176
404
404
404
110
202
404
163
318
592
404
129
404
404
404
404
236
127
404
404
166
413
404
404
404
404
170
104
404
272
138
404
176
404
404
104
326
112
404
404
404
221
404
108
265
404
404
122
201
404
1480
508
404
159
167
404
101
404
140
302
210
195
299
219
404
404
127
202
157
404
404
404
383
205
329
222
190
404
404
404
196
123
104
200
101
404
273
189
404
117
101
230
176
404
174
404
232
128
404
214
404
404
404
106
404
1312
404
404
247
138
404
140
116
404
404
413
404
231
170
146
404
190
404
404
113
404
404
404
404
202
413
404
404
404
164
156
404
404
261
404
404
191
296
404
404
112
404
404
404
404
135
404
404
192
404
709
404
404
404
106
404
404
404
404
404
103
404
404
404
189
187
404
208
404
404
404
404
101
119
404
572
182
225
455
205
330
404
404
404
101
404
181
404
404
404
404
404
167
404
154
165
404
404
404
404
180
207
404
274
121
404
404
103
404
404
202
404
404
404
172
404
144
145
404
200
121
236
275
129
173
110
404
404
1391
404
404
404
165
404
404
404
404
404
158
404
404
506
404
404
404
159
404
214
404
181
404
157
404
404
404
404
150
404
404
171
225
498
404
404
404
404
160
237
126
203
188
176
404
404
266
404
157
127
256
404
404
118
795
110
404
280
404
404
404
216
739
404
157
404
705
139
397
236
182
404
404
180
822
404
404
140
448
135
404
404
404
404
404
404
106
404
154
253
404
175
404
404
404
404
404
404
101
404
404
103
206
404
272
133
404
404
212
404
404
213
404
194
404
113
404
404
404
404
404
404
404
404
150
280
404
101
404
560
404
202
356
297
404
299
920
404
125
404
404
404
157
247
112
111
299
206
127
320
404
404
404
404
242
404
404
404
404
404
134
404
960
404
404
404
404
404
404
1930
404
298
404
104
404
404
404
404
223
404
404
404
200
404
404
206
164
204
210
404
173
107
404
404
180
404
103
404
253
188
404
164
404
107
200
404
404
217
404
404
184
404
167
300
404
404
227
404
404
404
404
272
404
124
231
404
168
154
404
101
404
404
404
404
840
404
101
404
404
404
404
404
2008
404
404
465
142
404
404
168
139
404
404
404
404
252
404
404
404
404
313
404
404
221
404
179
404
404
196
161
404
404
203
126
404
107
343
150
370
159
179
267
190
404
180
404
404
133
404
119
404
103
160
404
512
404
404
214
404
404
404
877
404
141
110
102
160
480
404
404
404
404
102
328
121
125
239
101
404
404
167
222
404
190
247
175
404
101
294
404
404
165
404
404
148
302
404
404
129
404
404
132
404
157
404
404
404
404
404
404
404
404
404
189
404
404
101
404
404
404
107
404
404
213
314
195
222
133
404
323
148
404
404
404
164
404
404
404
404
404
404
404
404
404
421
404
404
404
261
404
404
174
191
404
605
404
404
404
182
129
404
404
404
253
404
404
102
172
404
230
168
404
185
404
134
216
404
404
101
404
404
404
404
404
404
1430
404
144
454
404
404
404
404
404
277
404
404
404
404
343
404
161
404
404
175
404
404
247
138
404
214
404
404
404
101
404
173
702
404
708
404
404
153
404
404
107
404
404
404
404
404
147
145
404
404
250
404
404
404
279
281
169
376
404
184
140
404
206
119
177
107
404
404
404
404
389
404
163
404
404
404
135
404
404
404
404
130
404
404
457
404
213
210
322
404
404
746
404
404
199
404
404
404
404
404
404
404
270
404
103
747
265
104
118
404
404
404
404
404
404
492
115
101
260
404
173
217
232
404
234
404
359
404
523
154
289
165
404
404
404
404
404
404
251
307
404
139
404
404
404
404
404
177
522
566
404
197
404
281
121
404
214
404
229
227
404
404
404
101
404
404
169
404
404
165
404
114
203
404
267
404
404
138
404
404
404
404
404
404
404
199
572
404
404
404
404
404
404
404
404
404
141
404
202
185
404
303
404
404
117
404
208
117
404
156
404
404
404
404
404
404
404
404
404
538
404
167
404
404
404
178
404
404
404
101
185
202
404
404
404
404
179
105
404
102
265
404
404
105
404
404
404
404
131
404
404
202
189
404
352
404
404
194
164
404
404
404
404
404
404
404
404
404
198
404
404
404
404
193
404
404
404
404
404
404
404
404
404
404
239
404
404
404
165
205
404
404
404
180
404
521
238
404
105
404
404
404
120
202
112
404
404
225
404
404
125
404
404
253
404
404
199
404
404
404
404
1177
404
404
404
404
404
404
145
404
404
154
404
404
404
234
404
404
404
197
151
404
506
404
404
148
404
130
202
183
594
404
404
879
230
404
404
404
229
1076
404
404
404
132
2523
404
404
404
404
404
143
224
173
112
404
404
404
404
404
404
404
182
404
404
197
404
198
145
404
152
534
404
404
404
201
143
115
479
404
404
404
404
404
174
404
278
273
404
404
131
223
329
404
404
404
212
404
404
404
400
404
404
101
213
404
404
404
204
404
404
404
404
313
171
218
331
404
404
404
404
167
204
404
255
404
422
404
404
404
404
210
404
145
404
404
404
150
217
160
231
263
408
404
250
104
454
161
404
404
404
404
404
404
404
404
169
404
404
324
404
404
211
404
404
201
404
101
404
182
404
151
167
238
404
404
404
202
292
404
213
404
404
267
404
404
404
404
404
211
404
404
404
404
404
404
404
404
404
163
175
125
404
404
404
191
404
404
404
121
205
404
404
143
404
315
2286
404
178
404
404
161
404
404
404
404
290
222
131
211
404
404
404
561
254
404
404
212
130
151
404
404
404
404
1007
404
404
404
404
404
404
207
101
404
182
216
222
404
404
274
404
404
404
404
404
190
404
404
138
133
404
404
538
404
404
483
404
404
404
197
404
171
192
404
404
404
491
321
404
290
404
154
185
404
404
404
404
404
404
156
404
153
107
404
101
404
238
404
404
404
404
130
404
404
193
232
404
404
404
404
124
257
404
289
578
205
195
404
404
130
404
186
404
404
273
101
404
580
492
404
180
404
206
404
404
404
404
404
404
171
404
404
404
404
210
404
404
404
254
404
404
404
404
1946
404
1496
404
218
404
404
404
181
151
122
254
273
116
117
404
124
404
161
404
404
165
404
404
313
404
404
156
404
123
404
122
404
140
191
404
404
404
404
404
404
404
404
103
253
190
404
404
202
404
404
404
404
143
404
193
199
404
404
404
678
404
148
247
133
404
404
404
310
404
257
404
404
182
119
140
182
404
145
404
404
404
158
261
203
199
116
404
404
489
404
404
404
404
176
404
404
404
404
127
404
404
653
101
142
404
404
404
404
198
404
404
404
194
404
117
777
404
115
202
404
153
471
404
404
404
111
404
404
404
404
127
243
404
404
404
257
421
205
658
404
409
404
242
158
211
404
404
127
404
195
404
404
404
298
404
404
404
404
404
360
404
404
231
404
116
404
404
404
404
404
282
106
404
404
255
404
404
236
159
404
164
404
404
404
404
404
404
238
404
404
404
404
120
567
404
404
157
404
202
759
404
404
404
240
404
177
137
488
363
404
140
154
404
235
404
404
2733
184
404
404
194
404
580
404
404
404
404
404
404
404
404
404
404
404
404
404
404
174
101
404
404
404
404
212
1100
404
404
113
404
114
187
404
404
209
404
181
224
244
404
404
404
404
404
404
404
404
404
404
404
404
125
404
191
233
404
404
404
222
404
404
404
226
226
404
404
404
404
404
315
114
404
404
103
404
404
199
404
217
187
404
404
404
404
404
404
123
404
244
199
404
404
167
404
404
404
404
161
149
404
258
404
404
404
404
404
215
404
404
404
199
404
404
404
404
404
404
365
404
404
110
404
116
123
404
107
404
404
110
348
404
404
205
404
203
404
404
404
116
139
404
404
404
404
404
141
242
404
404
163
198
404
404
103
404
404
140
404
404
404
182
144
183
404
207
404
183
291
404
404
404
404
404
404
404
678
1494
404
204
103
404
404
628
404
383
404
404
404
404
227
404
404
123
404
184
160
404
194
163
152
404
404
404
404
404
404
506
161
404
404
404
109
404
238
182
404
404
404
404
404
404
183
303
202
404
177
404
294
404
404
404
404
404
404
185
101
128
404
404
110
404
196
404
404
404
404
404
258
213
404
142
404
404
404
404
248
404
404
404
245
121
404
404
404
404
404
404
404
404
154
246
404
404
101
404
102
404
404
404
119
305
210
404
118
795
191
404
404
404
404
195
113
404
404
404
160
404
404
404
766
141
161
404
404
404
404
158
404
404
404
286
356
126
404
404
404
404
209
404
175
404
404
173
172
404
404
222
404
404
404
404
327
283
404
404
404
153
157
404
129
404
404
404
199
317
404
108
220
251
404
101
241
404
404
404
404
404
120
317
404
404
404
404
404
197
404
166
510
101
257
148
166
404
404
404
106
410
130
404
228
404
404
101
122
158
173
404
470
404
404
212
200
404
404
404
205
402
404
404
404
404
404
217
404
404
404
316
203
404
185
404
189
404
404
404
404
404
404
404
404
129
404
404
404
404
404
416
404
404
404
404
404
157
404
404
178
404
204
404
404
404
145
404
101
404
212
404
404
910
404
404
404
404
197
404
404
404
404
404
101
404
404
404
404
404
404
404
404
404
177
135
404
404
404
404
404
404
404
404
404
1228
159
404
354
404
404
219
404
247
242
404
404
404
404
404
404
117
410
229
404
404
404
404
250
122
186
404
213
149
404
404
404
404
196
193
404
404
519
142
404
256
404
226
1174
404
456
202
404
404
404
404
404
404
404
404
404
404
404
571
404
404
404
179
404
250
168
404
197
485
284
404
404
156
101
404
172
404
404
404
162
404
404
404
404
404
177
404
167
404
404
228
455
215
404
404
219
404
404
404
198
404
404
404
404
161
168
124
404
404
404
404
404
404
404
404
179
404
404
173
404
404
1309
404
402
114
404
1348
404
404
404
404
404
502
156
404
404
404
404
184
327
404
642
404
404
404
404
404
404
439
404
404
116
404
404
482
404
404
404
404
404
404
404
404
404
404
404
152
404
404
404
221
273
404
157
197
404
404
165
404
404
807
404
404
404
404
404
191
404
238
404
404
148
101
404
404
404
404
404
822
404
404
451
404
251
146
404
404
404
404
404
404
404
404
620
101
215
404
404
140
404
404
105
404
404
147
404
404
132
404
1222
404
404
404
404
404
404
404
284
191
219
577
247
1001
173
404
404
404
404
404
404
404
404
404
173
404
404
404
404
404
404
404
404
404
404
281
404
404
404
166
104
404
404
404
404
404
404
404
404
201
404
404
404
404
230
404
137
117
404
109
101
193
404
404
404
404
404
404
272
404
167
404
404
597
404
404
404
404
404
404
404
207
404
107
404
114
404
160
140
404
346
404
404
163
404
404
404
404
105
404
125
210
404
404
404
404
404
404
101
404
1414
404
404
201
404
404
175
404
139
404
126
404
404
189
404
308
404
314
404
404
404
104
404
404
404
404
404
404
404
404
404
404
404
404
404
186
203
1394
121
404
404
404
153
404
404
404
779
404
404
404
404
404
404
404
140
404
404
102
464
404
404
109
404
404
404
404
404
404
404
404
404
404
404
404
404
404
404
404
404
404
404
404
404
404
132
404
115
404
315
404
404
404
404
404
186
1528
128
414
404
404
404
281
175
146
404
404
404
404
136
404
404
404
404
404
189
318
404
273
404
175
1315
404
404
392
404
325
404
149
404
115
404
143
404
404
404
404
194
404
404
132
282
404
404
404
404
404
404
404
103
404
111
344
404
110
404
404
202
404
404
404
404
404
1213
404
404
404
404
294
404
1781
106
404
404
404
169
115
404
404
404
214
267
404
404
404
404
404
404
1348
219
225
404
404
404
404
404
404
129
417
404
404
404
196
361
404
404
188
161
404
404
126
404
119
777
111
404
216
154
322
404
404
404
404
404
404
404
214
404
216
404
404
404
404
168
404
404
221
404
112
404
404
141
404
172
404
404
404
404
404
234
493
138
404
404
404
404
404
404
167
357
1147
404
103
404
404
223
404
221
404
209
404
288
404
404
177
199
404
404
404
404
359
404
404
404
404
404
228
174
404
227
459
404
404
463
404
404
111
147
404
404
404
219
117
278
404
194
404
140
404
404
102
404
173
404
290
404
404
208
404
101
197
404
404
404
178
404
404
404
404
173
404
192
208
404
404
111
298
308
137
404
404
404
404
214
181
404
404
404
404
404
404
404
991
404
404
404
283
404
147
404
404
404
214
404
404
404
404
198
404
404
404
254
404
404
404
223
404
116
404
404
404
404
404
404
404
404
404
404
126
116
297
310
404
404
404
404
132
404
404
178
264
404
404
180
404
404
404
102
404
404
174
404
404
404
518
198
404
404
531
404
533
404
404
404
180
404
404
404
404
187
404
404
404
404
404
404
290
127
404
404
404
404
404
218
302
404
404
404
404
404
299
404
524
404
404
404
404
404
404
404
404
404
154
404
193
175
404
404
404
404
404
404
404
404
201
404
404
404
404
404
147
234
147
404
404
479
404
404
404
404
404
404
404
404
404
404
404
404
404
404
233
404
404
404
404
404
404
106
159
404
262
404
404
101
404
404
404
404
404
404
125
404
404
404
404
404
146
404
481
460
404
404
404
404
404
404
404
404
160
404
404
109
173
404
219
404
404
404
171
290
404
916
404
164
171
199
404
169
6009
404
404
115
112
214
404
404
404
159
427
157
404
404
404
203
134
404
404
404
404
404
404
404
545
177
404
404
404
404
223
105
404
404
404
404
228
230
101
404
404
404
404
178
404
404
213
404
162
404
404
404
404
404
328
404
404
404
302
404
116
591
267
404
111
404
404
404
404
404
404
404
404
375
404
404
404
404
404
404
169
101
404
404
404
986
404
404
404
404
199
404
404
404
156
116
237
404
254
159
234
404
404
404
224
177
193
404
404
404
404
404
404
404
404
176
180
159
228
175
404
404
404
404
151
213
404
404
404
139
214
155
132
404
218
564
404
404
404
404
347
175
404
404
404
404
404
404
404
112
404
186
404
404
404
404
404
119
404
404
330
404
404
168
404
404
164
404
137
404
404
404
404
404
482
138
404
404
404
325
404
404
299
176
404
298
404
404
404
122
404
404
795
126
136
404
404
404
404
404
207
404
404
404
541
485
404
404
404
266
404
404
404
404
404
404
143
592
404
376
404
404
404
104
404
133
190
184
404
404
404
333
404
581
404
178
404
404
209
404
404
404
404
404
129
404
170
159
404
404
404
404
404
404
404
404
404
131
404
404
404
404
404
404
404
404
404
335
104
404
125
404
404
404
404
404
404
404
404
164
208
404
404
358
404
404
144
404
404
171
404
926
103
835
404
221
191
404
404
404
404
404
404
404
404
404
404
404
404
404
178
404
404
191
1236
404
101
165
404
404
281
404
404
404
404
404
404
404
404
404
404
193
404
115
404
186
404
255
262
404
404
136
111
404
645
404
404
404
404
404
404
181
188
404
232
2295
138
404
404
404
404
404
404
404
404
177
177
404
198
404
404
404
404
282
245
404
404
225
101
404
404
404
404
237
404
404
404
404
404
160
142
170
300
177
404
404
404
185
477
404
220
404
180
404
404
101
404
404
404
404
404
404
404
719
404
404
404
404
404
248
177
404
422
172
404
199
122
404
307
404
404
134
123
206
404
669
404
404
404
404
404
404
404
161
404
164
404
404
404
404
404
404
106
257
404
404
200
404
404
173
404
404
404
404
404
404
162
404
404
404
404
404
404
404
186
1598
404
404
404
404
404
580
404
101
404
404
286
404
148
404
404
166
404
230
404
404
404
404
281
180
404
404
128
404
404
404
404
404
404
404
231
404
404
288
404
404
404
238
404
191
404
404
255
404
404
404
404
104
404
404
251
404
404
404
404
404
404
404
132
154
186
404
404
143
404
404
404
404
404
404
404
404
614
404
404
404
404
203
404
134
404
404
404
158
232
404
404
404
404
404
404
404
404
170
404
149
404
404
404
404
404
156
404
404
190
404
404
404
404
242
404
372
404
404
404
404
404
404
404
404
404
404
404
227
101
404
404
404
404
404
404
404
404
404
404
404
404
404
404
404
404
404
404
205
117
404
111
267
404
404
404
404
404
404
199
193
404
404
134
208
404
404
231
404
106
404
404
213
378
168
404
404
404
404
157
404
404
404
404
404
404
404
404
162
404
404
404
105
404
404
404
404
404
404
404
404
404
404
404
404
274
404
404
404
404
404
404
404
127
404
404
404
404
404
404
207
233
404
404
293
404
404
404
120
404
404
404
404
404
404
404
222
204
404
404
404
404
101
404
404
404
162
404
404
404
308
404
181
404
404
404
257
236
404
201
404
404
404
221
404
404
404
129
146
154
110
115
404
249
404
404
404
404
404
412
404
404
460
404
404
404
404
173
177
404
216
404
404
1026
511
404
404
404
191
404
404
404
404
404
404
404
101
404
404
215
404
404
147
272
404
404
404
109
404
140
404
772
404
211
404
404
404
198
404
256
497
404
201
127
404
404
404
126
168
197
404
404
196
404
404
162
140
404
404
404
404
404
404
144
315
107
404
251
404
404
404
404
138
777
404
404
404
404
404
404
404
404
404
404
404
404
404
227
404
282
195
929
103
404
404
131
404
404
404
404
404
404
404
180
404
404
404
965
404
118
214
404
203
204
150
164
404
404
404
219
404
215
404
229
244
404
404
101
404
404
404
404
126
196
404
404
404
404
404
225
404
404
404
404
540
404
423
404
404
404
101
182
404
404
404
101
404
404
404
404
370
404
404
404
404
404
404
233
404
404
404
404
404
404
404
404
404
404
125
404
404
404
404
404
404
404
404
404
404
217
404
274
404
133
404
404
404
213
136
201
194
404
404
234
229
169
404
404
404
317
238
404
200
171
404
104
404
404
131
404
404
404
404
404
105
404
188
158
183
404
404
404
404
404
404
404
1213
404
404
404
132
404
404
404
157
404
404
404
153
404
404
404
404
404
178
404
404
231
404
404
404
178
404
404
146
404
404
404
131
404
122
404
404
404
404
404
404
404
404
404
404
404
404
600
165
404
132
404
404
232
117
404
404
404
404
404
404
404
404
142
404
404
404
404
170
404
404
404
201
140
404
152
404
203
404
372
404
404
404
404
192
404
219
404
404
404
404
239
404
404
404
404
122
253
404
176
136
404
404
404
196
404
404
404
269
404
155
404
404
404
117
404
241
404
404
404
190
229
139
404
404
404
179
404
561
404
404
404
195
404
404
102
404
144
404
404
404
404
404
404
191
404
404
404
404
179
404
106
404
404
404
151
149
564
404
404
404
253
404
404
404
245
200
404
404
404
504
404
104
404
404
161
404
514
404
404
101
404
206
404
209
268
404
142
184
404
404
404
404
404
138
407
404
404
404
404
404
404
404
183
404
238
404
404
467
404
525
404
404
404
404
404
404
404
404
404
253
404
404
404
404
404
404
404
404
329
404
404
332
404
404
404
404
126
306
404
404
200
404
404
404
404
404
404
404
404
404
404
1211
404
404
404
404
116
404
404
404
404
153
404
404
404
404
404
404
404
187
404
404
404
404
202
404
404
404
404
404
404
404
404
154
404
404
160
170
404
404
404
293
404
404
292
404
404
404
155
404
344
404
404
404
404
404
404
404
404
404
404
169
434
1026
404
404
404
404
404
404
404
404
404
161
404
404
404
404
404
404
214
225
404
172
404
404
404
404
404
128
404
201
404
333
404
404
404
404
144
404
404
404
404
404
404
425
280
404
404
404
404
147
404
404
203
404
404
404
404
171
404
404
229
142
404
231
404
404
404
105
404
404
404
404
404
404
404
404
101
101
404
143
404
404
404
229
316
404
404
246
404
174
404
404
372
404
404
404
404
123
404
404
137
394
404
404
404
242
404
404
404
541
404
219
404
404
404
404
459
169
404
404
404
404
404
404
404
404
404
404
404
257
404
404
141
404
404
404
404
404
404
404
122
404
404
404
404
404
404
404
692
404
404
404
404
104
404
231
404
404
404
172
404
404
404
404
404
107
192
404
488
404
404
404
218
101
157
404
178
404
404
404
404
404
404
404
404
404
1134
202
404
140
404
404
404
404
404
176
202
404
166
138
404
145
116
404
150
115
404
404
404
404
404
404
189
404
404
479
404
404
404
404
404
404
404
231
148
404
404
101
404
404
404
404
404
404
404
404
180
404
404
404
404
404
404
404
404
404
123
404
404
195
197
404
102
404
279
404
404
404
404
404
404
404
240
404
404
404
404
404
404
209
148
404
404
404
199
404
404
135
113
300
101
404
404
404
404
404
404
205
404
404
404
404
1719
471
178
170
404
404
404
404
404
404
404
404
334
271
1897
404
404
404
404
404
404
404
404
404
404
404
404
404
404
404
404
404
404
150
240
404
404
404
328
404
404
404
404
404
404
393
404
404
223
404
404
404
404
404
189
127
404
404
163
404
404
404
404
404
404
404
404
140
404
262
404
404
404
404
404
404
404
404
404
404
404
145
121
404
404
169
142
404
404
404
404
404
1208
404
404
188
404
404
404
404
404
404
404
123
404
231
186
404
175
169
404
404
404
404
404
404
404
101
404
255
404
133
404
404
404
404
404
404
404
132
404
404
404
302
136
404
108
404
404
150
404
404
404
404
118
404
404
404
404
404
404
404
404
176
404
404
512
373
404
404
404
361
404
101
404
152
1391
404
186
404
404
404
404
404
404
404
202
404
1105
404
160
404
404
404
404
148
404
404
404
404
404
404
404
418
404
404
404
404
404
404
404
404
404
404
404
404
404
404
404
422
404
404
404
150
404
404
404
404
404
404
176
404
404
404
247
215
404
180
404
203
404
404
404
404
404
404
404
404
404
404
144
404
404
404
404
157
404
404
404
404
141
404
404
404
404
404
166
