392
545
463
613
694
462
426
524
623
518
605
575
574
481
424
509
506
435
563
524
597
488
458
443
409
438
605
410
729
398
526
405
420
556
435
429
365
441
437
377
421
431
395
587
431
639
567
475
403
378
407
456
365
509
470
420
449
451
706
455
565
615
394
401
608
481
353
406
649
489
448
384
444
389
478
412
355
605
435
440
463
371
509
523
498
528
433
443
556
543
484
410
627
476
478
505
379
755
526
576
714
383
556
416
382
390
444
598
441
992
583
505
414
402
361
536
459
426
483
588
348
397
395
556
746
407
425
417
411
510
377
450
444
404
379
659
458
581
411
476
408
514
398
551
609
397
487
349
399
388
385
369
506
466
462
543
390
469
490
549
381
409
352
433
485
656
402
558
398
381
599
569
584
416
566
646
394
419
389
627
537
463
356
389
364
503
530
397
367
420
463
528
377
351
636
634
540
457
373
389
1253
374
381
475
366
460
531
372
390
506
373
387
382
474
385
383
557
778
833
376
420
821
405
388
559
394
394
400
364
405
475
622
410
412
489
373
367
526
404
700
408
427
404
605
394
366
373
443
366
486
391
622
382
365
418
426
582
574
372
546
1037
441
379
503
401
507
424
389
380
369
597
408
339
473
438
492
364
408
348
406
386
389
817
532
371
525
644
415
376
421
406
494
369
570
351
445
384
415
406
577
994
644
427
359
373
360
602
427
373
400
417
455
476
376
395
372
420
418
386
409
519
467
490
475
448
374
538
352
594
782
373
528
520
472
384
880
500
460
333
555
557
372
558
571
516
467
369
406
831
439
338
354
338
616
440
368
432
559
366
400
473
456
379
394
373
446
503
538
764
380
553
399
499
400
462
372
610
414
398
368
354
366
350
384
386
382
767
409
366
401
533
420
551
1139
356
406
429
475
350
871
495
417
402
346
403
449
417
417
736
496
344
380
676
370
481
486
635
360
503
376
560
384
435
363
367
394
369
566
318
415
362
686
613
444
397
522
394
455
418
359
435
367
529
474
395
645
412
400
360
586
400
474
609
526
328
422
452
373
364
560
326
370
861
432
340
366
363
414
431
789
394
383
375
420
362
387
341
378
502
456
340
611
413
437
364
642
562
363
430
370
992
378
674
448
440
503
560
462
357
424
373
371
490
367
390
628
397
412
386
366
472
365
361
386
370
424
338
388
357
401
410
334
420
436
384
385
639
448
376
358
1366
376
581
412
371
343
356
381
395
540
502
541
424
390
449
368
326
406
371
360
382
367
309
426
397
575
620
457
362
348
468
502
347
422
396
701
324
378
390
387
372
513
438
371
359
578
450
359
363
403
351
552
474
380
632
989
380
381
381
555
459
380
357
402
377
358
385
502
339
547
356
390
326
353
328
377
337
573
370
366
698
353
409
419
352
375
381
551
441
373
351
320
576
396
585
456
522
497
441
414
527
339
417
396
355
356
661
360
362
455
358
392
383
633
365
595
418
397
333
582
412
532
351
451
407
514
554
503
354
363
304
532
427
483
340
330
379
414
366
466
448
382
304
385
386
481
356
570
339
400
349
335
368
395
404
363
573
417
370
409
366
357
372
327
378
348
414
390
569
386
369
399
358
393
392
415
342
466
368
367
398
457
482
383
333
395
393
371
367
350
391
381
426
429
380
328
385
370
354
375
375
395
362
354
410
369
385
357
424
578
308
352
375
344
371
392
346
435
338
621
807
331
326
358
459
442
381
422
412
374
320
354
345
487
486
425
397
460
401
548
434
359
389
364
323
362
420
412
377
328
378
491
464
328
380
332
1011
333
352
527
346
482
380
341
395
369
384
458
357
345
605
543
489
390
413
450
387
325
373
325
366
336
354
518
382
354
436
358
400
346
462
383
478
464
367
340
352
342
368
401
334
343
538
396
592
399
320
385
588
363
416
316
698
412
390
394
394
362
380
354
695
338
387
510
398
291
365
538
573
347
355
398
377
445
410
350
387
330
602
370
353
472
363
385
569
351
437
347
344
324
375
329
355
381
387
342
464
351
528
564
516
384
360
445
595
524
381
1042
568
417
375
349
299
323
398
396
363
365
368
484
482
373
358
347
389
621
388
334
422
390
469
643
408
375
714
398
339
319
325
436
345
370
405
546
478
298
397
318
419
334
376
343
355
932
608
363
377
375
360
480
347
397
387
559
388
1139
321
375
781
657
379
407
341
384
386
343
330
550
512
433
386
382
406
334
351
395
325
335
389
427
363
498
351
299
386
319
370
441
348
360
435
346
352
383
377
552
410
334
340
515
378
335
382
492
380
343
365
299
327
357
392
373
695
314
448
418
347
406
310
389
364
350
336
342
355
319
316
357
396
368
712
385
363
358
372
359
861
428
347
384
445
327
358
373
344
391
366
377
333
324
323
348
328
544
316
353
582
812
359
340
318
722
348
361
394
484
722
345
329
356
306
377
351
347
348
359
355
359
360
369
421
533
392
307
534
507
366
352
385
316
575
363
379
357
363
330
336
442
555
384
372
314
349
328
375
613
551
371
313
497
390
357
336
355
325
369
469
336
368
296
309
358
351
354
1156
305
354
345
336
544
359
320
305
328
381
389
373
365
376
442
335
422
290
438
519
421
352
373
352
310
370
377
566
353
400
351
337
335
360
322
359
328
373
319
329
338
326
352
407
313
499
340
622
451
373
422
338
373
359
297
377
332
376
367
383
325
340
366
325
370
507
549
343
369
542
334
608
476
346
347
489
336
405
339
352
325
330
354
347
346
385
318
362
350
383
360
382
377
452
422
335
315
368
364
341
343
324
327
329
345
364
417
383
509
308
293
305
298
418
362
318
351
348
373
342
307
365
405
321
350
373
365
327
400
393
342
325
425
381
381
474
384
575
352
518
342
386
343
365
361
367
352
347
327
284
446
372
370
296
330
393
320
368
339
316
332
487
363
341
325
324
343
324
345
348
390
372
358
359
368
318
314
336
301
321
338
370
444
338
312
408
321
757
362
390
558
307
396
296
368
327
369
330
332
337
635
342
640
459
301
365
524
476
326
329
371
342
357
338
349
444
319
496
427
335
391
354
332
323
337
362
339
307
332
400
349
349
330
331
402
363
278
328
446
409
360
324
334
588
353
379
417
400
347
397
321
419
356
360
360
356
340
331
373
362
299
303
350
340
332
480
361
398
314
329
326
405
323
299
315
323
298
346
398
540
315
328
358
392
307
316
334
325
358
340
356
529
386
326
391
322
355
316
299
327
343
406
325
305
1197
369
321
347
347
575
466
356
317
485
302
348
411
375
305
354
327
370
381
376
299
300
503
347
353
480
328
351
630
323
992
327
315
356
328
351
320
310
299
375
330
302
656
299
346
351
1366
1533
344
402
333
459
379
309
332
370
302
354
343
1197
341
335
342
308
349
329
306
408
347
339
289
329
282
482
339
291
585
326
345
321
427
352
328
333
399
300
391
279
369
309
349
686
342
331
367
273
336
352
400
351
363
355
345
308
358
497
421
367
335
358
250
311
315
342
318
311
324
329
371
328
321
513
763
307
341
406
349
259
428
338
989
443
335
319
297
314
314
365
339
321
306
349
289
339
373
305
360
311
327
306
452
330
343
284
304
508
330
298
423
328
370
327
353
301
315
361
549
334
317
386
331
287
447
289
324
304
605
323
332
340
324
311
326
316
303
379
314
324
315
279
333
298
336
270
605
334
424
367
477
569
362
503
370
335
372
300
340
286
386
325
374
335
307
321
373
324
326
634
368
321
254
371
359
336
338
536
393
323
751
273
328
539
269
316
352
334
285
302
290
641
446
458
358
318
366
277
327
323
330
324
303
397
318
343
379
313
333
349
304
280
377
328
312
307
340
308
343
418
410
379
380
345
401
791
310
319
333
270
339
394
476
330
317
312
382
313
308
319
320
276
326
421
334
395
279
399
339
369
521
306
383
338
309
315
269
300
280
353
304
479
365
319
272
299
356
325
340
321
294
284
356
330
699
320
356
337
331
318
562
293
320
356
333
344
347
304
318
361
346
273
291
355
298
292
286
449
644
325
288
264
415
296
414
333
357
288
306
334
400
289
280
365
293
474
322
341
387
344
294
338
318
356
303
313
331
334
1011
290
390
344
309
367
304
330
287
315
306
344
321
461
315
302
324
264
291
275
285
300
295
282
306
405
369
338
414
282
285
354
290
316
255
353
418
303
306
332
314
269
322
339
282
399
293
496
371
341
287
246
332
725
574
367
335
296
330
371
501
644
402
287
289
303
268
440
246
234
298
309
285
293
282
344
342
267
291
347
520
295
294
284
294
305
302
328
246
398
343
306
272
450
310
301
333
458
316
372
383
261
302
289
305
296
310
301
274
343
460
325
282
299
437
286
303
274
243
292
366
385
370
306
302
362
284
299
317
288
284
404
317
275
259
305
299
320
289
362
311
367
302
285
234
487
360
282
325
334
284
305
274
282
273
504
285
314
291
257
317
342
348
354
298
292
313
456
264
365
283
323
325
303
340
313
307
296
347
297
281
289
667
293
400
374
477
282
270
249
310
409
310
394
251
466
284
342
281
336
313
402
325
242
277
323
300
408
301
315
383
287
286
296
316
324
312
280
502
303
293
422
293
376
265
352
421
318
380
272
276
279
290
317
315
312
373
307
267
331
357
273
384
347
294
295
450
335
371
332
310
247
261
409
331
312
273
283
369
301
318
264
276
272
297
334
282
545
389
326
290
355
272
264
274
321
303
270
358
321
274
295
295
307
310
282
454
318
354
628
263
377
282
307
270
274
278
276
250
334
306
258
294
416
308
323
319
268
292
329
220
422
277
243
247
400
274
341
284
278
235
264
339
335
265
319
329
297
291
423
381
275
277
318
282
336
400
317
290
231
270
319
328
287
308
352
313
305
298
300
310
334
279
344
246
310
256
262
307
307
333
278
341
282
294
258
295
371
329
475
270
280
355
293
234
337
242
258
306
392
300
435
763
241
299
271
402
308
265
328
287
386
300
253
276
267
299
267
318
335
327
294
311
299
327
218
384
304
278
338
640
243
265
266
271
304
339
321
289
271
248
303
332
242
388
334
334
328
299
428
288
384
297
237
407
337
281
351
492
248
240
291
279
594
299
486
245
295
1533
249
269
241
189
497
307
245
331
272
285
272
226
1533
314
272
279
284
255
349
274
435
237
289
322
296
308
274
289
278
342
266
312
280
288
285
434
284
400
244
307
1042
275
274
294
1037
287
286
297
323
265
332
252
243
566
254
221
304
312
316
226
286
350
216
232
291
363
308
242
295
220
321
264
301
222
303
277
295
407
290
254
274
278
243
245
243
226
273
285
332
318
493
292
260
282
337
273
316
277
336
283
227
407
243
282
296
220
239
245
363
265
257
326
287
279
276
559
297
267
234
208
632
294
249
307
299
821
301
244
265
278
262
267
227
393
321
307
252
266
261
582
235
309
409
298
287
251
342
315
324
253
279
293
270
229
229
262
281
238
230
241
222
412
259
318
273
253
290
306
269
354
454
253
222
273
262
244
334
295
235
269
353
487
231
291
269
288
228
266
344
297
353
274
286
283
259
289
254
312
325
240
312
299
252
303
225
309
269
255
346
225
302
230
389
338
358
227
288
314
277
208
267
340
334
280
265
275
247
483
230
334
268
454
303
262
508
239
277
258
289
241
240
280
269
274
246
288
273
252
201
199
222
357
208
282
271
284
264
243
290
328
267
291
222
240
293
228
271
281
243
223
317
243
288
315
352
254
239
490
278
271
328
210
235
262
340
240
438
366
249
244
286
302
246
297
349
196
279
318
264
248
237
242
295
250
245
228
329
369
330
280
236
324
285
222
539
226
352
286
272
284
278
228
282
220
242
263
242
269
325
231
269
339
230
205
221
602
279
278
305
207
641
263
299
187
241
241
247
280
260
271
265
235
275
211
265
191
231
344
283
206
382
235
218
266
251
222
252
255
268
210
272
267
221
295
274
260
218
301
233
286
231
251
221
244
275
300
228
309
272
269
261
248
248
246
215
255
222
237
222
225
331
329
167
319
228
253
350
239
226
285
187
214
237
199
335
271
266
276
252
241
281
250
359
489
239
207
358
260
198
215
216
275
305
222
221
224
260
725
229
273
308
259
227
446
224
236
213
231
275
270
331
225
232
277
249
221
332
287
257
314
201
232
287
222
238
270
213
261
299
262
257
329
232
247
301
201
247
243
239
247
253
248
247
248
275
274
218
302
303
523
264
178
245
236
201
252
331
225
255
231
302
228
262
198
277
226
270
208
192
285
234
298
203
255
232
218
312
321
239
274
253
329
285
290
182
243
236
288
212
222
335
292
255
253
812
298
217
221
265
230
210
270
879
257
257
386
205
214
213
213
274
500
534
346
186
223
261
225
255
246
236
214
243
226
281
243
303
269
201
268
275
217
277
106
229
230
315
270
352
272
214
311
246
226
229
308
217
255
313
228
243
213
236
254
252
358
256
227
475
213
791
234
252
239
227
192
289
172
238
224
235
223
284
337
347
245
272
217
272
223
196
218
254
216
224
235
186
222
448
291
377
249
246
222
204
295
226
235
238
194
198
290
213
221
198
227
404
237
301
206
218
223
222
301
303
205
282
258
206
177
190
218
225
291
258
223
173
258
341
486
224
326
215
304
269
251
265
552
227
253
250
262
247
191
324
248
237
215
274
203
216
195
224
213
223
261
258
211
264
214
299
252
307
237
228
212
1042
217
262
459
220
267
273
241
167
209
256
351
229
243
263
191
205
247
207
232
231
298
260
264
217
334
201
284
252
295
223
267
226
252
267
290
230
275
210
295
261
164
315
188
257
233
349
206
177
239
312
243
214
222
199
188
242
210
189
162
284
206
247
210
223
222
280
235
275
294
555
249
204
265
241
200
247
256
210
206
229
187
245
231
376
198
253
236
203
198
238
202
253
302
352
249
247
214
229
215
170
365
177
217
241
189
248
223
256
241
250
293
247
211
293
274
523
225
199
255
200
267
218
206
205
252
239
214
281
185
272
237
235
200
269
155
239
248
262
227
285
228
194
204
184
227
191
249
292
261
257
240
322
241
132
252
189
638
205
379
240
267
235
297
231
199
230
238
212
520
277
185
186
282
227
213
241
225
181
145
376
289
187
211
213
196
247
220
297
201
187
250
233
350
236
223
242
198
299
232
198
186
275
176
214
207
267
381
192
269
213
273
230
271
244
163
227
202
285
160
224
256
235
227
236
199
199
172
570
215
275
240
213
243
212
306
205
254
252
194
212
214
334
238
198
168
193
265
244
231
551
248
227
254
204
275
268
276
341
139
231
196
229
298
376
266
879
269
175
241
135
288
230
199
226
199
212
217
220
245
203
156
203
188
243
265
180
312
195
190
229
209
325
241
261
234
246
311
746
205
227
222
285
204
197
192
219
177
376
195
230
188
145
242
179
223
362
304
135
296
225
163
263
317
284
216
171
228
238
237
220
225
395
207
276
200
186
237
250
187
211
282
256
233
197
194
163
155
195
209
137
248
220
110
211
131
193
237
236
260
218
381
184
230
203
205
208
221
176
242
201
206
359
212
219
232
198
213
211
184
171
274
232
232
1156
242
157
171
316
113
184
611
187
251
204
158
216
120
261
235
264
194
232
376
188
225
264
275
236
257
376
167
207
240
200
460
313
297
213
198
202
650
152
223
193
249
168
644
234
183
210
187
229
221
189
204
198
233
376
187
136
205
254
324
159
270
253
376
257
195
227
216
332
174
192
185
199
223
202
190
123
240
215
253
186
210
181
219
150
193
211
177
227
305
300
113
242
218
376
220
103
188
150
195
270
207
260
188
209
224
213
330
188
386
227
206
173
186
254
220
177
174
191
187
382
155
210
165
210
231
186
233
146
172
191
217
166
192
200
191
221
153
226
127
174
190
171
248
197
588
161
157
218
234
242
160
188
269
206
183
280
183
196
258
196
182
206
328
186
282
94
288
365
187
125
212
283
120
210
217
187
211
188
173
203
263
157
118
156
220
170
388
549
241
208
187
209
176
220
250
226
186
169
250
221
219
220
196
186
376
400
121
216
232
346
192
206
155
411
224
357
191
193
155
225
608
132
299
168
276
181
208
201
244
153
188
194
239
163
879
145
376
243
215
183
153
149
151
121
190
376
176
128
173
116
376
289
285
376
149
191
208
197
183
250
231
127
230
190
628
170
295
237
164
203
205
119
279
201
130
286
376
128
156
188
228
209
188
194
174
162
190
180
162
202
595
259
334
194
194
228
192
241
132
180
203
184
114
330
306
167
148
178
166
181
200
224
158
221
192
169
227
247
204
174
202
196
193
430
187
163
376
183
207
142
157
317
139
121
203
249
337
222
534
163
138
156
376
216
168
197
376
183
95
210
301
177
189
196
205
216
131
512
363
156
181
376
201
187
233
96
667
198
102
204
188
251
166
131
166
147
190
142
181
209
143
181
180
184
181
147
176
222
174
96
226
155
376
176
232
157
168
376
121
94
186
192
135
145
213
169
250
151
501
294
736
203
196
213
174
222
175
188
171
150
220
160
258
206
285
183
188
188
191
149
155
175
171
98
188
192
168
233
180
197
376
188
156
146
153
227
206
94
263
193
187
233
376
159
376
140
161
312
293
185
188
170
376
221
348
207
160
191
299
171
195
136
177
212
184
168
188
183
376
272
196
222
154
195
180
220
181
187
230
220
376
116
169
233
94
215
209
219
178
186
94
195
376
268
152
184
194
147
376
196
204
170
190
160
376
376
149
156
159
180
192
260
126
279
177
218
149
197
150
158
226
257
187
376
188
220
157
291
207
261
208
203
142
218
170
151
264
228
376
376
161
167
376
207
183
188
185
135
207
180
201
100
259
146
376
376
96
312
377
378
164
376
132
200
146
167
158
213
159
176
376
104
209
376
131
161
217
253
128
177
199
164
152
196
198
185
181
144
259
128
142
182
167
175
169
167
236
139
220
170
102
376
218
137
176
182
185
186
184
376
179
349
145
164
116
194
175
98
376
299
212
376
143
186
191
121
185
242
176
135
376
106
376
164
250
94
211
163
216
172
141
208
376
211
174
216
698
218
170
191
202
162
186
367
214
151
247
259
204
177
222
158
228
376
164
376
241
188
97
236
376
94
142
189
170
132
410
225
169
237
262
197
171
189
156
109
155
189
112
376
101
212
180
376
376
121
138
376
179
210
376
207
170
164
376
157
179
260
221
118
204
248
176
192
94
190
186
155
130
134
295
145
232
108
133
184
199
196
188
137
376
177
193
273
108
186
176
198
173
130
184
167
172
170
172
376
119
131
175
173
134
198
193
143
145
146
159
178
135
187
110
200
232
141
132
164
189
299
180
177
149
122
376
197
376
120
190
560
376
160
144
376
223
156
376
151
181
179
187
185
140
376
214
376
376
377
163
168
221
376
180
420
186
569
166
171
170
201
134
156
144
376
177
376
143
118
261
180
124
268
163
209
143
155
143
132
187
187
94
160
376
281
132
376
193
376
180
376
132
376
376
257
143
155
203
182
111
376
123
174
189
167
162
161
204
376
123
376
376
376
227
202
183
376
167
210
176
187
149
376
235
178
144
207
149
108
175
156
173
376
116
376
376
204
170
376
131
156
376
120
376
376
376
160
376
641
202
216
187
178
129
376
165
188
134
376
376
148
188
160
183
215
184
228
376
203
376
175
146
376
376
184
376
202
242
228
376
187
166
211
152
145
160
135
125
139
376
146
176
96
119
376
376
197
182
191
130
118
217
376
146
159
376
194
206
189
158
163
376
571
181
162
376
376
190
115
283
180
376
170
376
211
158
205
174
376
376
376
376
155
376
188
188
175
187
376
376
114
297
259
145
171
376
111
152
376
208
376
113
376
153
142
376
376
376
376
189
323
178
126
376
376
155
165
180
105
159
188
123
228
228
376
183
376
502
376
188
141
257
180
258
129
376
153
145
173
207
96
376
159
159
179
121
172
174
236
376
142
188
376
376
116
376
376
376
376
145
167
170
229
197
94
163
185
376
94
154
174
96
182
376
124
171
184
376
376
117
99
376
226
122
221
201
376
376
376
144
376
376
376
202
211
155
187
177
376
376
121
216
103
376
139
169
376
376
376
156
204
203
150
116
542
165
184
174
376
193
376
181
123
225
170
120
200
376
168
202
150
188
376
376
376
133
376
183
376
156
155
204
180
177
153
160
200
107
376
126
146
376
148
155
160
174
376
376
376
376
376
204
376
376
116
376
191
155
376
376
376
167
106
191
376
110
376
200
258
100
184
376
376
159
246
376
183
176
176
159
170
376
188
177
189
376
236
167
117
118
159
376
226
139
159
376
140
376
123
181
376
95
376
121
182
376
183
151
217
145
181
199
146
376
159
155
225
121
140
119
376
114
376
376
179
232
158
128
117
376
376
376
160
165
180
376
376
173
376
302
185
376
155
232
171
95
136
376
376
376
543
187
376
376
104
165
131
146
376
184
376
219
376
376
376
376
376
152
111
376
376
94
298
107
376
181
181
376
170
144
376
376
180
376
376
161
107
155
112
376
376
129
200
167
376
376
152
376
376
376
138
173
376
376
376
179
376
168
95
145
317
180
376
139
376
376
376
376
159
376
122
172
376
376
376
376
376
376
376
376
117
376
480
376
200
189
242
106
169
116
376
376
376
138
228
180
376
376
161
202
94
376
144
376
94
140
202
155
376
154
158
229
376
156
108
156
127
111
105
151
376
376
113
184
168
109
165
112
102
145
376
376
168
208
96
376
215
376
155
376
97
376
376
376
376
207
96
174
376
376
116
376
263
181
376
376
376
376
376
376
206
102
179
252
121
235
96
376
376
376
171
124
221
177
143
376
181
163
101
376
376
146
376
211
223
376
142
376
131
376
376
277
376
235
376
150
144
376
140
376
376
376
120
261
94
146
244
94
376
132
118
189
376
151
376
376
376
376
225
170
155
376
149
376
171
144
376
139
376
121
126
376
376
122
166
376
147
376
376
127
96
174
217
170
132
376
376
178
99
376
376
99
376
129
376
187
376
376
100
200
376
376
141
146
376
174
376
174
196
376
165
132
94
158
376
376
376
142
141
376
122
376
376
544
376
237
376
376
376
94
376
376
229
376
376
376
376
376
225
376
376
98
376
106
113
204
122
376
376
376
108
376
160
131
209
376
118
118
132
140
376
182
376
196
118
376
194
144
132
155
115
138
376
142
376
96
376
376
376
181
115
126
376
376
376
195
185
94
143
94
376
147
159
376
376
376
376
376
376
139
376
175
155
376
376
376
161
111
193
376
376
119
144
320
376
149
376
117
376
191
376
142
160
376
376
122
173
268
376
121
376
376
163
376
157
94
376
376
376
258
376
376
103
376
115
191
376
188
376
112
150
376
188
183
208
376
141
376
376
167
182
376
376
105
376
254
376
376
145
376
239
208
376
376
94
376
116
94
376
121
376
376
376
376
244
118
376
376
376
376
97
94
306
376
156
376
376
94
168
108
195
267
174
266
145
140
376
255
150
119
122
212
376
376
159
97
376
376
161
208
139
113
376
376
219
100
144
185
95
114
129
120
376
376
124
376
100
376
376
376
159
376
376
162
94
168
376
376
376
156
114
376
247
348
376
174
97
142
376
171
200
159
376
208
94
199
118
376
376
376
376
110
376
376
281
117
376
184
376
376
157
110
277
209
376
211
160
312
376
376
376
94
231
510
139
123
376
376
376
376
122
376
376
94
376
376
171
104
376
161
171
94
376
376
376
206
110
126
109
116
376
130
376
376
109
166
175
96
376
212
376
376
157
376
376
376
376
376
376
376
376
156
104
179
376
141
376
164
376
376
674
95
554
376
376
140
126
376
376
376
109
376
376
376
141
161
376
123
376
376
376
119
203
106
100
187
129
376
153
128
376
376
376
376
106
376
376
142
128
176
376
376
376
117
376
376
114
94
376
376
128
94
120
94
109
139
112
160
376
376
148
520
376
141
205
185
376
117
132
119
376
376
147
105
376
376
134
258
376
133
376
376
376
102
376
376
108
376
376
376
376
102
376
376
376
376
376
95
168
139
167
376
376
133
376
94
376
124
170
216
137
376
160
170
182
94
183
108
376
119
187
376
465
376
376
173
376
376
376
376
376
160
376
138
376
376
185
376
376
376
144
376
122
186
376
588
265
104
134
145
164
376
376
143
376
376
376
108
376
94
376
376
376
134
175
376
104
170
376
376
125
155
376
376
376
376
132
106
376
154
376
376
146
376
376
376
376
376
376
376
376
155
201
376
187
376
376
376
376
376
109
376
376
172
126
376
376
124
376
376
113
113
198
376
376
376
376
127
102
376
123
94
103
376
102
120
101
376
142
101
376
95
376
376
94
188
134
376
376
124
156
376
187
135
376
103
376
376
376
376
376
376
376
376
376
376
98
376
376
466
376
376
376
376
376
124
166
376
376
153
106
376
376
376
376
376
376
153
130
376
376
376
138
163
376
259
376
376
376
126
376
376
376
376
376
183
376
191
376
117
184
232
188
376
154
126
376
376
147
175
164
376
376
376
179
376
376
142
376
114
376
122
376
376
118
376
376
111
376
376
227
376
174
376
376
376
376
95
376
376
376
160
376
157
376
376
376
376
203
376
376
376
141
376
122
376
376
376
376
376
376
376
376
376
142
166
376
102
376
94
134
146
376
376
376
185
376
376
376
160
376
376
183
376
376
163
376
97
376
376
158
376
159
115
376
376
174
111
376
376
376
94
376
376
376
376
376
376
376
376
137
376
95
189
376
376
376
376
104
176
376
132
376
376
376
376
376
376
167
376
94
376
376
376
376
115
376
232
376
376
142
376
376
264
376
376
376
132
376
376
376
376
376
376
376
376
141
376
376
142
95
152
376
376
376
376
376
376
376
147
202
100
376
376
376
376
376
376
147
103
137
376
169
376
114
376
376
376
376
376
376
376
164
376
114
178
155
119
178
376
376
376
376
376
376
163
376
163
376
209
376
158
376
129
376
376
376
376
119
242
121
376
121
163
376
376
376
376
143
376
376
376
376
134
120
120
139
376
181
376
376
179
127
376
376
376
376
376
376
376
376
131
171
376
376
376
94
376
376
376
376
376
376
154
376
376
169
376
102
376
123
94
376
376
376
376
135
376
376
376
376
376
376
120
154
186
94
376
376
376
376
376
376
103
119
376
376
182
376
129
184
172
376
376
142
188
169
376
376
376
376
376
376
376
112
114
376
376
376
376
376
183
376
376
188
376
376
376
376
184
376
113
376
376
376
104
94
126
117
376
376
376
183
376
376
376
376
376
376
132
376
376
217
376
376
376
376
376
376
376
376
376
376
376
376
376
376
376
376
376
376
184
376
123
100
153
122
376
109
376
376
376
376
115
376
376
376
116
376
376
376
376
376
376
376
206
233
376
148
376
376
376
376
376
376
376
376
376
376
376
376
376
376
376
791
151
376
376
103
376
110
376
376
376
376
110
186
376
178
376
376
376
376
376
376
376
376
376
276
376
376
376
376
129
376
376
376
118
376
376
376
376
376
101
376
100
376
376
376
100
376
376
376
99
376
376
376
376
376
376
376
376
376
533
376
376
376
376
376
376
376
376
94
376
142
376
196
376
133
376
376
115
376
376
376
376
545
376
376
376
376
376
376
100
376
376
376
376
376
376
376
376
376
376
376
212
94
376
108
376
376
376
376
122
376
121
111
94
376
376
376
376
376
355
376
151
376
376
376
376
376
376
376
154
376
376
376
376
376
247
376
376
376
146
376
159
376
376
131
376
376
376
113
376
376
376
203
119
376
376
376
376
376
376
94
376
94
376
376
376
376
376
376
376
376
376
376
376
376
376
376
121
114
376
376
122
120
376
376
376
376
376
376
376
376
376
376
376
376
376
376
376
376
376
207
376
126
376
376
95
376
156
376
376
376
376
376
376
376
122
376
376
376
376
376
105
376
376
94
376
376
278
376
107
143
376
376
376
376
376
376
263
376
376
376
376
126
376
376
172
265
376
376
376
376
376
376
376
376
376
97
376
376
376
376
376
376
163
376
114
376
376
94
376
120
376
376
97
128
605
121
376
376
177
376
255
376
376
376
376
376
376
376
105
376
376
376
376
112
376
376
376
376
114
376
160
376
376
208
376
376
376
149
376
376
376
376
376
116
376
376
376
376
376
168
376
376
376
376
376
314
376
376
376
102
376
376
376
376
192
376
376
376
376
376
376
376
163
376
376
114
130
197
376
376
376
137
376
376
130
376
297
376
376
376
376
376
376
376
376
115
376
376
376
166
376
376
376
376
376
195
376
376
376
376
376
101
376
186
121
376
376
202
376
376
376
376
376
376
376
376
376
376
376
207
376
105
376
376
152
166
376
376
376
376
376
376
376
376
159
376
376
376
376
168
376
376
376
143
376
376
376
376
376
376
376
376
376
376
376
376
376
376
376
376
376
376
376
99
376
376
376
376
376
376
376
115
376
376
376
114
376
376
229
376
186
376
100
376
376
376
376
376
376
376
376
120
376
376
100
376
376
376
376
376
376
376
376
376
376
376
376
376
376
376
130
158
376
376
475
376
376
123
376
376
376
376
376
376
376
243
376
120
376
376
376
376
376
376
376
376
376
138
139
106
376
376
161
376
376
376
122
175
376
376
376
417
376
94
376
376
376
376
376
376
376
376
376
376
376
376
376
376
376
376
376
376
376
136
133
376
376
376
96
376
376
376
376
376
376
376
119
376
376
376
131
376
376
376
376
376
376
183
376
376
376
376
376
376
376
376
376
376
106
130
376
376
376
376
376
376
376
376
376
376
376
376
376
376
376
376
376
376
376
376
376
376
376
376
376
376
376
128
376
376
376
376
376
376
376
376
376
376
164
376
376
376
376
376
376
95
376
376
376
376
376
178
376
376
376
376
376
376
376
376
115
376
376
376
376
376
376
376
376
376
376
376
376
201
140
376
376
376
123
461
376
376
376
376
376
376
376
376
94
376
376
376
376
376
376
376
231
376
376
376
376
376
376
376
376
376
376
376
376
376
218
376
376
376
376
376
376
376
376
165
376
376
376
376
376
376
376
1197
376
192
376
376
376
573
376
376
123
376
376
376
312
376
376
376
376
376
376
376
376
376
167
376
376
376
376
376
376
376
376
376
376
211
376
376
376
376
376
376
376
97
376
376
376
376
376
376
376
376
376
376
165
376
376
376
376
376
376
376
376
376
376
376
376
376
376
101
376
152
144
376
376
376
376
376
376
148
142
376
376
376
376
376
376
376
376
376
376
167
376
376
94
376
376
376
376
376
376
376
376
376
376
376
376
376
376
376
376
159
376
376
376
376
111
376
376
100
376
376
376
376
376
376
376
136
376
376
376
376
376
376
376
376
376
376
376
155
376
376
376
376
376
143
376
188
376
376
376
376
189
105
171
230
376
376
195
376
376
106
376
376
376
376
376
376
376
376
376
376
376
376
376
164
117
376
106
376
376
376
376
376
376
490
376
376
376
376
376
376
376
376
376
376
376
376
376
376
376
376
376
376
376
376
376
376
376
259
376
376
376
376
376
376
376
376
376
376
376
138
376
376
376
376
376
376
376
376
376
376
376
376
122
154
127
102
376
376
376
376
376
376
376
376
94
376
376
376
376
376
376
376
376
376
376
376
376
376
376
376
376
376
376
109
376
376
376
376
376
139
376
376
376
376
376
376
376
376
376
376
376
376
376
376
376
376
376
376
376
376
130
159
376
376
376
376
173
376
376
376
376
376
155
376
376
376
376
376
125
187
376
376
376
112
376
376
376
376
376
376
782
376
376
376
376
376
376
376
376
376
376
186
376
376
100
376
376
376
142
376
151
376
376
376
376
376
376
376
190
376
376
376
376
113
113
376
376
376
120
376
376
376
376
376
376
376
376
376
376
376
376
376
376
376
376
376
376
376
376
376
240
376
376
376
376
376
376
207
376
376
376
376
376
376
376
376
137
376
376
376
103
376
376
376
376
581
376
376
376
376
376
376
127
376
376
376
376
376
142
376
376
376
376
376
376
376
376
376
376
376
376
376
376
376
376
376
376
376
376
376
376
376
376
376
376
376
376
376
376
186
376
376
376
376
376
207
376
376
376
144
376
376
376
376
149
376
376
376
376
376
376
376
376
376
376
106
376
376
376
376
161
376
376
113
376
376
376
376
376
376
376
376
376
376
376
376
376
376
135
376
376
376
376
376
376
376
376
376
376
376
376
376
376
376
107
212
376
376
376
189
376
399
695
376
376
376
376
376
376
376
376
140
94
376
376
376
376
94
376
376
376
376
376
376
376
376
376
376
376
376
376
376
376
376
376
128
376
376
376
376
209
376
376
376
376
376
376
376
376
376
96
376
376
126
376
376
376
376
376
376
376
94
376
376
376
376
376
376
376
376
299
100
376
376
376
376
376
376
376
376
376
376
376
376
376
376
376
376
376
376
376
376
376
376
376
376
376
376
107
376
376
376
376
376
162
376
376
142
376
376
376
376
376
376
376
376
376
376
376
219
376
188
376
376
376
376
376
376
376
376
376
376
376
376
376
376
376
376
376
376
376
376
376
376
376
376
376
376
376
376
376
376
376
376
376
376
376
376
376
376
376
376
376
376
376
376
376
376
115
376
376
376
376
376
376
128
376
376
376
376
111
376
376
376
376
376
376
376
376
376
376
123
376
376
376
438
376
376
376
376
376
376
376
376
152
376
376
376
376
376
376
376
376
376
376
376
376
376
153
376
211
376
376
376
376
376
376
376
376
188
376
376
376
376
376
376
376
376
376
140
376
376
376
376
376
376
376
376
376
376
376
376
376
376
376
376
376
106
376
96
376
376
376
376
376
376
376
376
376
376
376
376
376
376
376
376
376
376
376
376
376
376
376
376
376
376
376
125
161
376
376
376
376
376
376
376
376
376
376
376
376
376
376
111
376
376
376
376
376
376
376
376
376
376
376
376
376
103
376
376
376
376
94
376
376
376
376
376
376
376
376
376
376
376
376
376
376
376
188
376
376
376
376
376
376
376
376
376
376
376
376
376
376
376
100
376
157
376
376
376
376
376
376
376
376
376
376
376
376
376
145
109
376
376
376
376
376
376
376
376
376
376
376
376
376
376
376
376
164
376
376
376
376
376
376
376
376
376
376
376
376
376
376
376
376
376
376
376
376
376
376
376
376
376
94
376
376
376
376
376
376
376
376
376
376
376
376
376
376
376
376
152
376
376
376
376
376
376
376
483
376
376
376
376
376
376
376
376
376
376
376
376
376
376
376
376
376
376
376
376
94
376
376
376
376
376
376
132
376
131
376
376
376
376
376
376
376
376
376
376
376
376
376
217
376
376
376
376
376
376
376
376
376
146
376
376
94
376
279
376
376
376
376
376
376
376
376
376
376
376
376
376
376
376
376
376
376
441
376
376
376
376
94
376
376
376
376
376
376
376
376
376
376
121
376
376
376
376
376
376
376
376
376
376
376
376
451
376
376
376
376
376
376
376
376
376
376
376
376
102
376
376
376
376
376
376
376
376
376
376
376
376
376
376
376
376
376
376
376
376
376
376
376
376
376
376
376
376
376
376
183
376
376
376
376
376
376
376
376
376
376
376
376
376
376
94
376
376
376
376
376
376
376
376
376
376
376
376
376
376
376
376
376
497
376
376
376
376
376
376
376
376
148
376
376
376
376
376
376
376
376
376
376
376
376
376
376
376
376
376
376
376
376
376
376
376
376
376
376
376
376
376
376
376
376
376
108
376
117
376
376
376
376
376
376
376
376
376
376
376
376
130
376
376
376
376
376
376
125
376
376
376
376
376
376
376
376
376
376
376
376
134
376
376
376
176
376
376
376
376
376
94
376
376
376
470
376
376
376
376
376
376
376
376
120
376
376
376
376
376
225
376
376
376
376
376
376
376
376
376
376
376
376
376
376
376
376
509
376
376
376
376
376
376
376
376
376
376
376
376
376
376
376
138
376
376
376
376
376
376
376
376
376
376
376
376
376
376
376
376
376
376
376
376
376
376
376
376
376
376
376
376
376
376
193
376
94
376
135
376
376
98
376
376
376
376
376
376
376
376
376
376
376
248
376
376
105
376
376
94
172
376
376
376
376
376
376
376
376
645
117
376
376
376
376
376
123
376
376
376
376
376
376
376
376
376
376
152
376
376
376
376
376
376
376
376
376
143
376
376
376
376
376
376
376
376
376
376
376
376
376
376
376
376
376
376
376
376
376
376
376
376
376
376
376
376
376
376
376
376
376
376
376
376
376
376
376
376
94
376
376
376
376
376
376
376
376
376
376
376
376
376
376
376
376
376
376
376
376
376
376
376
376
376
376
376
376
376
376
376
232
197
376
376
376
376
376
376
376
376
376
376
376
376
376
376
376
376
376
376
376
376
376
376
376
376
376
376
376
166
376
376
126
376
376
376
376
376
376
101
376
376
376
376
376
376
376
376
376
376
376
376
376
376
376
376
376
126
376
376
376
376
376
376
376
376
376
376
376
376
376
376
376
376
376
376
376
376
376
376
376
376
376
376
376
376
376
376
376
376
110
376
376
376
376
376
376
376
376
376
376
376
376
376
376
376
376
376
376
376
376
376
376
376
376
376
376
376
376
376
376
376
376
376
376
376
376
376
376
376
376
376
376
376
376
376
376
376
376
376
376
376
376
376
376
376
376
376
376
376
376
376
376
376
376
376
376
430
376
376
376
376
376
376
376
376
376
376
376
376
376
376
376
376
376
376
376
376
376
376
376
376
376
376
376
376
376
376
376
376
376
376
376
376
376
376
376
376
376
376
376
376
99
376
376
376
376
376
376
376
376
376
376
376
376
376
376
376
376
376
376
376
376
376
376
376
376
376
376
376
376
376
376
376
376
376
376
376
150
376
376
376
376
376
262
376
376
376
376
376
376
376
376
376
376
376
376
376
376
376
376
376
376
376
376
376
376
376
376
376
376
376
376
376
376
376
376
376
376
376
376
376
376
376
376
376
376
376
376
376
376
376
376
299
376
161
376
376
376
376
376
376
376
111
376
376
376
376
376
376
376
376
376
376
376
376
376
376
376
376
376
376
376
376
376
376
376
376
376
376
376
376
376
376
376
376
376
376
376
376
317
376
376
376
376
376
376
376
376
376
376
376
376
376
376
376
376
376
376
376
376
376
376
376
376
376
376
376
376
376
376
376
376
376
376
421
376
376
376
376
376
376
376
376
376
376
376
376
376
376
376
376
376
376
376
376
184
376
376
376
376
376
376
376
376
376
376
376
376
376
376
376
376
376
376
376
376
376
376
376
376
376
376
376
376
376
376
376
376
376
376
376
376
376
376
376
376
376
376
376
376
376
376
376
376
376
99
376
376
376
376
376
376
376
376
143
376
376
376
376
376
376
376
376
376
376
376
376
376
376
376
376
376
376
376
447
376
376
376
376
376
376
376
102
376
376
376
376
376
376
376
376
376
376
376
94
376
376
376
376
376
376
376
376
376
376
376
376
376
126
376
376
376
376
376
376
376
376
376
376
376
376
376
376
207
376
376
376
126
376
376
376
376
376
376
376
376
376
376
376
376
376
376
376
376
376
376
376
376
376
376
376
376
376
376
376
376
376
376
376
376
376
376
376
376
376
376
376
376
376
139
376
376
376
376
376
376
376
376
376
376
376
376
376
376
94
376
376
376
376
376
376
376
376
376
376
1253
376
376
376
376
376
376
376
376
376
376
376
376
376
376
376
376
376
376
376
376
376
376
376
376
376
376
376
376
376
376
376
376
376
376
376
376
376
376
376
376
376
376
376
376
576
376
376
376
376
376
376
376
376
376
376
376
376
376
376
376
376
376
376
376
376
376
376
376
376
376
376
376
376
376
376
376
376
376
376
376
376
376
376
94
376
376
376
376
376
376
95
376
376
376
376
376
376
376
376
376
376
376
376
376
376
376
376
376
376
376
376
376
376
376
376
376
376
376
376
376
376
376
376
376
376
376
170
376
123
376
376
376
376
376
376
376
376
376
376
376
376
99
235
376
376
376
376
376
376
376
376
376
376
376
376
376
376
376
376
376
376
376
376
376
376
376
376
376
376
376
226
376
376
94
376
376
376
376
376
376
376
376
376
376
376
376
376
376
376
376
152
376
376
376
376
376
376
376
376
376
376
376
376
376
376
376
376
147
376
376
376
376
376
116
119
376
376
376
376
376
376
376
376
376
376
376
376
376
376
376
376
376
376
376
143
376
376
376
376
376
376
376
376
376
376
376
376
376
376
376
376
376
376
376
376
376
376
376
376
376
376
376
376
376
376
376
376
376
376
376
376
376
376
376
376
376
376
376
376
376
376
376
376
376
376
376
376
376
376
376
189
376
376
376
376
376
376
376
376
376
376
376
376
376
376
376
376
376
376
376
376
376
376
376
376
376
376
376
376
376
376
376
376
376
376
376
376
376
376
376
376
376
376
376
376
376
376
376
171
376
376
376
376
376
376
376
99
376
376
137
376
376
376
376
376
376
376
376
376
376
376
376
145
376
376
376
376
376
376
376
376
376
376
376
376
376
376
376
143
376
376
376
376
376
376
376
376
376
376
376
376
376
376
376
376
376
376
376
376
376
376
376
376
376
376
376
376
376
94
376
376
376
376
376
376
376
376
376
376
376
376
376
376
376
376
376
376
376
376
376
376
376
376
376
376
256
376
376
376
376
376
376
376
96
376
376
376
376
376
376
376
376
376
376
376
120
376
376
376
376
376
376
313
376
376
376
376
376
376
376
376
376
376
376
376
376
376
376
376
376
376
376
376
376
376
376
376
376
376
376
376
376
376
376
376
376
376
376
376
376
376
376
376
376
376
376
376
376
376
376
376
376
376
376
376
376
376
376
376
376
376
376
376
94
376
376
376
376
376
376
376
376
376
376
376
376
376
376
376
376
376
376
376
376
376
376
376
376
376
376
376
376
376
376
376
376
376
376
376
376
376
376
376
376
376
376
376
376
376
376
376
376
376
376
376
376
376
376
376
376
376
376
376
376
376
376
376
376
376
376
376
376
376
376
376
376
376
376
376
376
376
376
376
376
376
376
376
376
376
136
376
376
376
376
376
376
376
376
376
376
376
376
376
376
376
376
376
376
376
376
376
376
376
376
376
376
376
376
376
376
127
376
376
376
376
376
376
376
376
376
376
376
376
376
376
376
376
376
376
376
376
376
376
376
376
376
376
376
376
376
376
376
376
376
376
376
376
376
139
376
376
376
376
376
376
376
376
376
376
376
376
191
376
376
376
376
376
376
376
376
376
376
376
376
376
376
376
376
376
376
376
376
376
376
376
376
376
376
376
376
376
376
376
376
376
376
376
376
376
376
376
376
376
376
376
376
376
376
376
376
376
376
376
376
376
376
376
376
376
376
376
376
376
376
376
376
376
376
376
376
376
376
376
376
376
376
376
376
376
376
376
376
376
376
376
376
376
376
376
376
376
376
376
376
376
376
376
376
376
376
376
376
376
376
186
376
376
376
376
376
376
376
376
376
376
376
376
376
376
376
376
376
376
376
376
376
376
376
376
376
376
376
376
376
376
376
376
376
376
376
376
376
376
376
376
376
376
533
376
376
376
376
376
376
376
376
376
376
376
376
376
376
376
376
376
376
376
366
376
376
376
376
470
376
376
376
376
376
376
376
376
376
376
376
376
376
376
376
129
376
376
376
376
376
376
376
376
376
376
376
376
376
376
376
376
376
376
376
376
376
376
376
376
376
376
376
376
376
376
376
376
376
376
376
376
376
376
376
376
376
376
376
376
376
376
376
376
95
376
376
376
376
376
376
376
376
376
376
376
376
376
376
376
376
376
376
376
376
376
376
376
376
376
376
376
376
376
376
376
376
376
376
376
376
376
376
376
376
376
376
376
376
376
376
376
376
172
376
376
376
376
376
376
376
376
136
376
376
376
376
376
376
376
376
376
376
376
376
376
376
376
376
376
376
376
376
376
376
376
376
376
376
376
376
376
376
376
376
376
376
532
376
376
376
376
376
376
376
376
376
376
376
376
376
376
376
376
98
376
376
376
376
376
376
376
376
384
376
376
376
376
376
376
376
376
376
376
376
376
376
116
376
376
376
376
376
376
376
376
376
376
376
376
376
376
376
376
376
376
376
376
376
186
376
376
376
376
376
376
376
376
376
376
376
376
376
376
376
376
376
216
376
376
376
376
376
376
376
376
376
376
376
376
376
376
376
376
376
376
376
376
223
376
376
376
376
376
376
376
376
376
376
376
376
376
376
376
376
376
376
376
376
376
376
376
376
376
376
376
376
376
376
376
376
376
114
376
376
376
487
376
376
376
110
376
376
376
376
376
376
376
376
376
376
376
376
376
376
376
376
376
376
376
376
376
376
376
376
376
376
376
376
376
376
376
376
376
376
376
376
376
376
376
376
376
376
376
376
376
376
376
376
376
376
127
376
376
376
376
376
376
376
376
376
376
376
376
376
376
376
376
376
376
376
376
376
376
376
376
555
376
376
376
376
376
376
376
376
376
376
376
376
376
376
376
376
376
376
376
376
376
376
376
376
376
376
376
376
376
376
376
414
376
376
376
376
376
376
376
376
376
376
376
376
376
376
376
376
376
376
376
376
376
376
376
376
376
376
376
376
376
376
376
376
376
376
376
376
376
376
376
376
376
376
376
376
376
376
376
376
376
376
376
376
376
376
376
376
376
376
376
376
376
376
376
376
376
376
376
376
376
376
376
376
118
376
376
376
376
376
376
376
376
376
376
376
376
376
376
376
376
376
376
376
376
376
376
376
376
376
376
376
376
376
376
376
376
376
376
376
376
376
376
376
376
376
376
376
376
376
376
376
376
376
376
376
376
376
376
376
376
376
376
376
376
198
376
376
376
376
376
376
376
376
376
376
376
376
376
376
376
376
376
376
376
376
376
376
376
376
376
376
376
376
376
376
376
376
376
376
376
376
376
376
376
376
376
376
376
376
376
376
376
376
376
376
376
376
376
376
376
261
376
376
376
376
376
376
376
376
180
376
376
376
376
376
376
376
376
376
376
376
376
376
376
376
376
376
376
376
376
376
376
376
376
376
376
376
376
376
831
376
376
376
376
376
376
376
376
376
376
376
376
376
155
376
376
376
376
376
376
376
376
376
376
376
376
376
376
376
376
376
376
376
376
376
376
376
376
376
376
376
376
376
376
376
376
376
376
376
376
376
376
376
376
376
376
376
376
376
376
376
376
376
376
376
376
376
376
376
376
376
376
376
376
376
376
376
376
376
376
376
376
376
376
376
376
376
376
376
376
376
376
376
376
376
376
376
376
376
376
376
376
376
376
376
376
376
376
376
376
376
376
376
376
376
376
376
376
376
376
376
376
376
376
376
376
376
376
376
376
376
376
376
376
376
376
376
376
376
376
376
376
376
376
96
376
376
376
376
376
376
376
376
376
376
376
376
105
376
376
376
376
376
376
376
376
376
376
376
376
376
140
376
376
376
376
376
376
376
376
376
376
376
376
376
376
376
376
376
155
376
376
376
376
376
376
376
376
376
376
376
376
376
376
376
376
376
376
376
94
376
376
376
376
376
376
376
376
376
376
376
376
376
376
376
376
376
376
376
376
376
376
376
376
376
376
376
376
376
376
376
376
376
376
376
376
376
376
376
376
376
376
376
376
376
376
376
376
376
376
376
376
376
376
376
376
376
376
376
111
376
376
376
376
376
376
376
376
376
376
376
376
376
376
376
376
376
376
376
376
376
376
376
376
376
376
376
376
376
376
376
376
376
376
376
376
376
376
376
376
376
376
376
376
376
376
376
376
376
376
376
376
376
376
376
376
205
376
376
376
376
376
376
376
376
376
376
376
376
376
376
376
376
376
376
175
376
376
376
376
376
376
376
376
376
376
376
376
376
376
376
376
376
376
376
376
376
376
376
376
376
376
376
376
376
376
376
376
376
376
376
376
376
376
376
376
376
376
376
376
376
376
376
376
376
376
376
376
376
376
376
376
376
376
376
376
376
376
129
376
376
376
376
376
376
376
376
376
376
376
376
376
376
376
376
376
158
376
376
376
376
376
376
376
102
376
376
376
376
376
376
376
376
376
376
376
376
376
376
376
376
376
376
376
376
376
376
376
376
376
376
376
376
376
376
376
486
376
376
376
376
376
376
376
376
376
376
376
376
376
376
376
376
376
376
376
376
376
376
376
376
376
376
376
376
376
376
376
376
376
376
376
94
376
376
376
94
376
376
376
376
376
376
376
376
376
376
376
376
376
376
376
376
376
376
376
376
376
376
376
376
376
376
376
376
376
376
376
376
376
376
376
376
376
376
376
376
376
376
376
376
376
376
376
376
376
376
376
376
376
376
376
376
376
376
376
376
376
119
376
376
376
376
376
376
376
376
376
376
376
376
376
376
376
376
376
376
376
376
376
376
376
376
376
376
376
376
376
376
376
376
376
376
376
376
376
376
376
376
376
376
376
376
376
376
376
376
376
376
376
376
376
376
376
376
376
376
376
376
376
376
376
376
376
376
376
376
376
376
376
376
376
376
376
376
376
376
376
376
376
376
376
376
376
376
376
376
376
376
376
376
376
376
376
376
376
376
376
376
376
376
376
376
376
376
376
376
376
376
376
376
376
376
376
376
376
376
376
376
376
376
376
376
376
376
376
376
376
376
376
376
376
376
376
376
376
376
376
376
376
376
376
376
376
376
376
376
376
376
376
376
376
376
831
376
376
376
376
376
376
376
376
376
376
376
376
376
376
376
376
376
376
376
376
376
376
376
376
376
376
376
376
376
376
376
376
376
376
376
376
376
376
376
376
376
376
376
376
376
376
376
376
376
376
376
376
376
376
376
376
376
376
376
376
376
376
376
376
376
376
376
183
376
376
376
376
376
376
376
376
376
376
376
376
376
376
376
376
376
376
376
376
376
376
376
376
376
376
376
376
376
376
376
376
376
376
376
376
376
376
376
376
376
376
376
376
376
376
376
376
376
376
376
376
376
376
376
376
376
376
376
376
376
376
376
376
376
376
376
376
376
376
376
376
376
376
376
376
376
376
376
376
376
376
376
376
376
376
376
376
376
376
376
376
376
376
376
376
376
376
376
376
376
232
376
376
376
376
376
376
376
376
376
376
376
376
376
376
376
376
376
376
376
376
127
376
376
376
376
376
376
376
376
376
376
376
376
376
376
376
376
376
376
376
376
376
376
376
376
376
376
376
376
376
376
376
376
376
376
376
376
376
376
376
376
376
376
376
376
376
376
376
376
376
376
376
376
376
376
376
376
376
376
376
376
376
376
376
376
376
376
376
376
376
376
376
376
117
376
376
376
376
376
376
376
376
376
376
376
376
376
376
376
376
376
376
376
376
376
376
376
376
376
376
376
376
376
376
376
376
376
376
376
376
376
376
376
376
376
376
376
376
376
376
376
376
376
376
376
376
376
376
376
376
376
376
376
376
376
376
376
376
229
376
376
376
376
376
376
376
376
376
376
376
376
376
376
376
376
376
376
376
376
376
376
376
376
376
376
376
376
376
376
376
376
376
376
376
376
376
376
376
376
376
376
376
376
376
376
376
376
376
376
376
376
376
376
376
376
376
376
376
376
376
376
376
376
376
376
376
376
100
376
376
376
376
376
376
126
376
376
376
376
376
376
376
376
376
376
376
376
376
376
376
376
376
376
376
376
376
376
376
376
376
376
376
376
376
376
376
376
376
376
376
376
106
376
376
376
376
376
376
376
376
376
376
376
376
376
376
376
376
469
410
376
376
376
376
376
376
376
376
376
376
376
376
376
376
376
376
376
376
376
376
376
376
489
376
376
376
376
376
376
376
376
376
376
376
376
376
376
376
376
376
376
376
376
376
376
376
376
376
376
376
376
376
376
376
376
376
376
376
376
376
376
376
376
376
376
376
376
376
376
376
376
376
376
376
376
376
376
376
376
376
376
376
376
376
376
376
376
376
376
376
376
376
376
376
376
376
376
376
376
376
376
376
376
376
376
376
376
376
376
376
376
376
376
376
376
376
376
376
376
376
376
376
376
376
376
376
376
376
376
376
376
376
376
376
376
376
376
376
376
376
376
376
376
376
376
376
376
376
376
376
376
376
376
125
376
376
376
376
376
376
376
376
376
376
376
376
376
376
376
376
376
376
376
376
376
376
376
376
376
376
376
376
376
376
376
376
376
376
376
376
376
376
376
376
376
376
376
376
376
376
376
376
376
376
376
376
376
376
376
376
376
376
376
376
376
376
376
376
376
376
376
376
376
376
376
376
376
376
376
376
376
376
376
376
376
376
376
376
376
376
376
376
376
376
376
376
376
376
376
376
376
376
376
376
376
376
376
376
376
376
376
376
376
376
376
376
376
153
376
376
96
376
140
376
376
376
376
376
376
376
376
376
376
376
376
376
376
376
376
376
376
376
376
376
376
376
376
376
376
101
376
376
376
376
376
376
376
376
376
376
376
96
376
376
376
376
376
376
376
376
376
376
376
376
376
376
376
376
376
376
376
376
376
376
376
376
376
376
376
376
130
376
376
376
376
376
376
376
376
376
376
376
376
376
376
376
376
376
376
376
376
376
376
376
376
376
156
376
376
376
376
376
376
376
376
376
376
376
376
376
376
376
376
376
376
376
376
376
376
376
376
376
376
376
376
376
376
376
376
376
376
376
376
376
126
376
376
376
376
376
376
376
376
376
376
376
376
376
376
376
376
376
376
376
376
376
376
376
376
376
376
376
376
376
376
376
376
376
376
376
376
376
376
376
376
376
376
376
376
376
376
376
376
376
376
376
376
376
376
376
376
376
376
376
376
376
376
376
376
376
376
376
376
376
376
376
376
376
376
376
376
376
376
376
376
376
376
376
376
376
376
376
376
376
376
376
376
376
376
376
376
376
376
376
376
376
376
376
376
376
376
376
376
376
376
376
376
376
376
376
376
376
376
376
376
376
376
376
376
376
376
376
376
376
376
376
376
376
376
376
376
376
376
235
376
376
376
376
376
376
376
376
376
376
376
376
376
376
376
376
376
376
376
376
376
376
376
376
376
376
376
376
376
376
376
376
376
376
376
376
376
376
376
376
376
376
376
376
376
376
376
376
376
376
376
376
376
376
376
376
376
376
376
376
376
376
376
376
376
376
376
376
376
376
376
376
376
376
376
376
376
376
376
376
376
376
376
376
376
376
376
376
376
376
376
376
376
376
376
376
376
376
376
376
376
376
376
152
376
376
376
376
376
376
376
376
376
376
376
376
376
376
376
376
376
376
376
376
376
376
376
376
376
376
376
376
376
376
376
376
318
376
376
376
376
376
376
376
376
376
376
376
376
376
376
376
376
376
376
376
376
376
376
376
376
376
376
376
376
376
376
376
376
376
376
94
376
376
376
376
376
376
376
376
376
376
376
376
376
376
376
376
376
376
376
376
376
376
376
376
376
376
376
376
376
376
376
376
376
376
376
376
376
376
376
376
376
376
376
376
376
376
376
376
376
376
376
376
376
376
376
376
376
376
376
376
376
376
376
376
376
376
376
376
376
376
376
376
376
376
376
376
376
376
376
376
376
376
376
376
376
376
109
376
376
376
376
376
376
376
376
376
376
376
376
376
376
376
376
376
376
376
376
376
376
376
376
376
376
376
376
376
376
376
376
376
376
376
376
376
376
376
376
376
376
376
376
376
376
99
376
376
376
376
376
376
376
376
376
376
376
376
376
376
376
376
376
376
376
376
376
376
376
376
376
376
376
376
376
376
376
376
376
376
376
376
376
376
376
376
376
376
376
376
376
376
376
376
376
376
376
376
376
376
214
376
376
376
376
376
376
376
376
376
376
376
376
376
376
376
376
376
376
376
376
376
376
376
376
376
376
376
376
376
376
114
376
376
376
376
376
376
376
376
376
376
376
376
376
376
376
376
376
376
376
376
376
376
376
376
376
376
376
376
376
376
376
376
376
376
376
376
376
376
376
376
376
376
376
376
376
376
376
376
376
376
376
376
376
376
376
376
376
376
376
376
376
376
376
376
376
376
376
376
376
376
376
376
376
376
376
376
376
376
376
376
376
376
376
376
376
376
376
376
376
376
376
376
376
376
376
376
557
376
376
376
376
376
376
376
376
376
376
376
376
376
376
376
376
376
376
376
376
376
376
376
376
376
376
376
376
376
376
376
376
128
376
376
376
376
376
376
376
376
376
376
376
376
376
376
376
376
483
376
376
376
757
376
376
376
376
376
376
376
376
376
376
376
376
376
376
376
376
376
376
376
376
376
376
376
376
376
376
376
376
376
376
376
376
376
376
376
376
376
376
376
376
376
376
376
376
376
376
376
376
376
376
376
376
376
376
376
376
376
376
376
376
376
376
376
376
376
376
376
376
147
376
376
376
376
376
376
376
376
376
376
376
376
376
376
376
376
376
376
376
376
376
376
376
376
376
376
376
376
376
376
376
376
376
376
376
376
376
376
376
376
376
376
376
376
376
376
376
376
376
376
376
376
376
376
376
376
376
376
376
376
376
376
376
376
376
376
376
376
376
376
376
376
376
376
698
376
376
376
376
376
376
376
376
376
376
376
376
376
376
376
376
376
376
376
376
376
376
376
376
376
376
376
376
376
376
376
376
376
376
376
376
376
376
376
376
376
376
376
376
376
376
376
376
376
376
376
376
376
376
376
376
376
376
376
376
376
376
376
376
376
376
376
376
376
376
376
376
376
376
376
376
376
376
376
376
376
376
376
376
376
376
376
376
376
376
376
376
376
376
376
376
376
170
376
376
376
376
376
376
376
376
376
376
376
376
376
376
376
376
376
376
376
376
376
376
376
376
376
376
376
376
376
376
376
376
376
376
376
376
376
376
376
376
376
376
376
376
376
376
376
376
376
376
376
376
376
376
376
376
376
376
376
376
376
376
376
376
448
376
376
376
376
376
376
376
376
376
376
376
376
376
376
376
376
376
376
376
376
376
376
376
376
376
376
376
376
376
376
376
376
376
376
376
376
376
376
376
376
376
376
376
376
376
376
376
376
376
376
376
376
376
376
376
376
376
376
376
376
376
376
376
376
376
376
376
376
376
376
376
376
242
376
376
376
376
376
376
376
376
376
376
376
376
376
376
376
376
376
376
376
376
376
376
376
376
376
376
376
376
376
376
376
376
376
153
376
376
376
376
376
376
376
376
376
376
376
376
376
376
376
376
376
376
376
376
376
376
376
376
376
376
376
376
376
376
376
376
376
376
376
376
376
376
376
376
376
376
376
376
376
376
376
376
376
376
376
376
376
376
376
376
376
376
376
376
376
376
376
376
376
376
376
376
376
376
376
376
376
566
376
376
376
376
376
376
376
376
376
376
376
376
376
376
376
376
376
376
376
376
376
376
376
376
376
376
376
376
376
376
376
376
376
376
376
376
376
376
376
376
376
376
376
376
376
376
376
376
376
376
376
376
376
376
376
376
376
376
376
376
376
376
376
376
376
376
376
376
376
376
376
122
376
376
376
376
376
376
376
376
376
376
376
376
376
376
376
376
95
376
376
376
376
376
376
376
376
376
376
376
376
376
376
376
376
376
376
376
376
376
376
376
376
376
376
376
376
376
376
376
376
376
376
376
376
376
376
376
376
376
376
376
376
376
376
376
376
376
376
376
376
376
376
376
376
376
376
376
376
376
376
376
376
376
376
376
376
376
376
376
376
376
376
376
376
376
376
376
376
376
376
376
376
376
376
376
376
376
376
376
376
376
376
376
376
376
376
376
376
376
376
376
376
376
376
376
376
376
376
376
376
376
376
376
376
376
376
376
376
376
376
376
376
376
376
376
376
376
376
376
376
376
376
376
376
376
376
376
376
376
376
376
376
376
376
376
376
376
376
376
376
376
376
376
376
376
376
376
376
376
376
376
376
376
376
376
376
376
376
376
376
376
376
376
376
376
376
376
376
376
376
376
376
376
376
376
376
376
376
376
376
376
376
376
376
376
376
376
376
376
376
376
376
376
376
376
376
376
376
376
376
376
376
376
376
376
376
376
376
376
376
376
376
376
376
376
376
376
376
376
376
376
376
376
376
376
376
376
376
376
376
376
376
376
376
376
376
376
376
376
376
376
376
376
376
376
376
376
376
376
376
376
376
376
376
376
376
376
376
376
376
376
376
376
376
376
145
376
376
376
376
376
376
376
376
376
376
376
376
376
376
376
376
376
376
376
376
245
376
376
376
376
376
376
376
376
376
376
376
376
376
376
376
376
376
376
376
376
376
376
376
376
376
376
376
376
376
376
376
376
376
376
376
376
376
376
376
376
376
376
376
376
376
376
376
376
376
376
376
376
376
376
376
376
376
376
376
376
376
376
376
376
376
376
376
376
376
376
376
376
376
376
376
376
376
376
376
376
376
376
376
376
376
376
376
376
376
376
376
376
376
376
376
376
376
376
376
376
376
376
376
376
376
376
376
376
376
376
376
376
376
376
376
376
376
376
376
376
376
376
376
376
376
376
376
376
376
376
376
376
376
376
376
376
376
376
376
376
376
376
376
376
376
376
376
376
376
376
376
376
376
376
376
376
376
376
376
376
376
376
376
376
376
376
376
376
376
376
376
376
376
376
376
376
376
376
376
376
376
376
376
376
376
376
376
376
376
376
376
376
376
376
376
376
376
376
376
376
376
376
376
376
376
376
376
376
376
376
376
376
376
376
376
376
376
376
376
376
376
376
376
376
376
376
376
376
376
376
376
376
376
376
376
376
376
376
376
376
376
376
376
376
376
376
376
376
376
376
376
376
376
376
376
376
376
376
376
376
376
376
376
376
376
376
376
376
116
376
376
376
376
376
376
376
376
376
376
376
376
376
376
376
376
376
376
376
376
376
376
376
376
376
376
376
376
376
376
376
376
376
376
376
376
376
376
376
376
376
376
376
376
376
376
376
376
376
376
376
376
376
376
376
376
376
376
376
376
376
376
376
376
376
376
376
376
376
376
376
376
376
376
376
376
376
376
376
376
376
376
376
376
376
376
376
376
376
376
376
376
376
376
376
376
376
376
376
376
376
376
376
376
376
376
376
376
376
376
376
376
376
376
376
376
376
376
376
376
376
376
376
376
376
376
376
376
376
376
376
376
376
376
376
376
376
376
376
376
376
376
376
376
376
376
376
376
376
376
376
376
376
376
376
376
376
376
376
376
376
376
376
376
376
376
376
376
376
376
376
376
376
376
376
376
376
376
376
376
376
376
376
376
376
376
376
376
376
376
376
376
376
376
376
376
376
376
376
376
376
376
376
376
94
376
376
376
376
376
376
376
376
376
376
376
376
376
376
376
376
143
376
376
376
376
376
376
376
376
376
376
376
376
376
376
376
376
376
376
594
376
376
376
376
376
376
376
376
376
376
376
376
376
376
376
376
376
376
376
376
376
376
376
376
376
376
376
376
376
376
376
376
376
376
376
376
376
376
376
376
376
376
376
376
376
376
376
376
376
376
376
376
376
376
376
376
376
376
376
187
376
376
208
376
376
376
376
376
376
376
376
376
376
376
376
376
376
376
376
376
376
376
376
376
376
376
376
376
376
376
376
376
376
376
376
376
376
376
376
376
376
376
376
376
376
376
376
376
376
376
376
376
376
376
376
376
376
376
376
376
376
376
376
376
376
376
376
376
376
376
376
376
376
376
376
376
376
376
376
376
376
376
376
118
376
376
376
376
376
376
376
376
376
376
376
376
376
376
376
376
376
376
376
376
376
376
376
376
376
376
376
376
376
376
376
376
376
376
376
376
376
376
376
376
376
376
376
376
376
376
376
376
376
376
376
376
376
376
376
376
376
376
376
376
376
376
376
376
376
376
376
376
376
376
376
376
376
376
376
376
376
376
376
376
376
376
376
376
376
376
376
376
376
376
376
376
376
376
376
376
376
376
376
376
376
376
376
376
376
376
376
376
376
376
376
376
376
376
376
376
376
376
376
376
376
376
376
376
376
376
104
376
376
376
376
376
376
376
376
376
376
376
376
376
376
376
376
376
376
376
376
376
376
376
376
376
376
376
376
376
376
376
376
376
376
376
376
376
376
376
376
376
376
376
376
376
376
376
376
376
376
376
376
376
376
376
376
376
376
376
376
376
376
376
376
376
376
376
376
376
376
376
376
376
376
376
376
376
376
376
376
376
376
376
376
376
376
376
376
376
376
376
376
376
376
376
376
376
376
376
376
376
376
376
376
376
376
376
376
376
376
376
376
376
376
376
376
376
376
376
376
376
376
376
376
376
376
376
376
376
376
376
376
376
376
376
376
376
376
376
376
376
376
376
376
376
376
376
376
376
376
376
376
376
376
376
376
376
376
376
376
376
376
376
376
376
376
376
376
376
376
376
376
376
376
376
376
376
376
376
376
376
376
376
376
376
376
376
376
376
376
376
376
376
376
376
376
376
376
376
376
376
376
376
376
376
376
376
376
376
376
376
376
376
376
376
376
376
376
376
376
376
376
376
376
376
376
376
376
376
376
376
376
376
376
376
376
376
376
376
376
376
376
376
376
376
376
376
376
376
376
376
376
376
376
376
376
376
376
376
376
376
376
376
376
376
376
376
376
376
376
376
376
376
376
376
376
376
376
376
376
376
376
376
376
376
376
376
376
376
376
376
138
376
376
376
376
376
376
376
376
376
376
376
376
376
376
376
376
376
376
376
376
376
376
376
376
376
376
376
376
376
376
376
376
376
376
376
376
376
376
376
376
376
376
376
376
376
376
376
376
376
376
376
376
193
376
376
376
376
376
376
376
376
376
376
376
376
376
376
376
376
376
376
376
376
376
376
376
376
376
376
376
376
376
376
376
376
376
376
376
376
376
376
376
376
376
376
376
376
376
376
376
376
376
376
376
376
376
376
376
376
376
376
376
376
376
376
376
376
376
376
376
376
376
376
376
376
376
376
376
376
376
376
376
376
376
376
376
376
376
376
376
376
376
376
376
376
376
376
376
376
376
376
376
376
376
376
376
376
376
376
376
376
376
376
376
376
376
376
376
376
376
376
376
376
376
376
376
376
376
376
376
376
376
376
376
376
376
376
376
376
376
376
376
420
376
376
376
376
376
376
376
376
376
376
376
376
376
376
376
376
376
96
376
376
376
376
376
376
376
376
376
376
376
376
376
376
376
376
376
376
376
376
376
376
376
376
376
376
376
376
376
376
376
376
376
376
376
376
376
376
376
376
376
376
376
376
376
376
376
376
376
376
376
376
376
376
376
376
376
376
376
376
376
376
376
376
376
376
376
376
376
376
376
376
376
376
376
376
376
376
376
376
376
376
376
376
376
376
376
376
376
376
376
376
376
376
376
376
376
376
376
376
376
376
376
192
376
376
376
376
376
376
376
376
376
376
376
376
376
376
376
376
376
376
376
376
376
376
376
376
376
376
376
376
376
376
376
376
376
376
376
376
376
376
376
376
376
376
376
376
376
376
376
376
376
376
376
376
376
376
376
376
376
376
376
376
376
376
376
376
376
376
376
376
376
376
376
376
376
376
376
376
376
376
376
376
376
376
376
376
376
376
376
376
376
376
376
376
376
376
376
376
376
376
376
376
376
376
376
376
376
376
376
376
376
376
376
376
376
376
376
376
376
376
376
376
376
376
376
376
376
376
376
376
376
376
376
376
376
376
376
376
376
376
376
376
376
376
376
376
376
376
376
376
376
376
376
376
376
376
376
376
376
376
376
376
376
376
376
376
376
376
376
376
376
376
376
376
376
376
376
376
376
376
376
376
376
376
376
376
376
376
376
376
376
376
376
376
376
376
376
376
376
376
376
376
376
376
376
376
376
376
376
376
376
376
376
376
376
376
376
376
376
376
376
376
376
376
376
376
376
376
376
376
376
376
376
376
376
376
376
376
376
376
376
376
376
376
376
376
376
376
376
376
376
376
376
376
376
376
376
376
376
376
376
376
376
376
376
376
376
376
376
376
376
376
150
376
376
376
376
376
376
376
376
376
376
376
376
376
376
376
376
376
376
376
181
376
376
376
376
376
376
376
376
376
376
376
376
376
376
376
376
376
376
376
376
376
376
376
376
133
376
158
376
376
130
376
376
376
376
376
376
376
168
376
376
376
376
376
376
376
376
376
376
376
376
376
376
376
376
376
376
376
376
376
376
376
376
376
376
376
376
376
376
376
376
376
376
376
376
116
376
376
376
376
376
376
376
376
376
376
376
376
376
376
376
376
376
376
376
376
376
376
376
376
376
376
376
376
376
376
376
376
376
376
376
376
376
376
376
376
376
169
376
376
376
376
376
376
376
376
376
376
376
376
376
376
376
376
376
376
376
376
376
376
376
376
376
376
376
376
376
376
376
376
376
376
376
376
376
376
376
376
376
376
376
376
376
376
376
376
376
376
376
376
376
376
376
376
376
376
376
376
376
376
376
376
376
376
376
376
376
376
376
376
376
376
376
376
376
376
376
376
376
376
376
165
376
376
376
376
376
376
376
376
376
376
376
376
376
376
376
376
376
376
376
376
376
376
376
376
376
376
376
376
376
376
376
376
376
376
376
376
376
376
376
376
376
376
376
376
376
376
376
376
376
376
376
376
376
376
376
376
376
376
376
376
376
376
392
376
376
376
376
376
376
376
376
376
376
376
376
376
376
376
376
376
376
376
376
376
376
376
376
376
376
376
376
376
376
376
376
376
376
376
376
376
376
376
376
376
376
376
376
376
376
376
376
376
376
376
376
376
376
376
376
376
376
376
376
376
376
376
376
376
376
376
376
376
376
376
376
376
376
376
376
376
376
376
376
376
376
376
376
376
376
376
376
376
376
376
376
376
376
376
376
376
376
376
376
376
376
376
376
376
376
376
376
376
376
376
376
376
376
376
376
376
376
376
376
376
376
376
376
376
376
376
376
376
376
376
376
376
376
376
376
376
376
376
376
376
376
376
376
376
376
376
376
376
376
376
376
376
376
376
376
376
376
376
376
376
376
376
376
376
376
376
376
376
376
376
376
376
376
376
376
376
376
376
376
376
376
156
376
376
376
376
376
376
376
376
376
376
376
376
376
172
376
376
376
376
376
376
376
376
376
376
376
376
376
376
376
376
376
376
376
376
376
376
376
376
376
376
376
376
376
376
376
376
376
376
376
376
376
376
376
376
376
376
376
376
376
376
376
376
376
376
376
376
376
376
376
376
376
376
376
376
376
376
376
376
376
376
376
376
376
376
376
376
376
376
376
376
376
376
376
376
376
376
376
376
376
376
376
376
376
376
376
376
376
376
376
376
376
376
376
376
376
376
376
376
376
376
376
376
376
576
376
376
376
376
376
376
376
376
376
376
376
376
376
376
376
376
376
376
376
376
376
376
376
376
376
376
376
376
376
376
376
376
376
376
376
376
376
376
376
376
376
125
376
376
376
376
376
376
376
376
376
376
376
376
376
376
376
376
376
376
376
376
376
376
376
376
376
376
376
376
376
376
376
376
376
376
376
376
376
376
376
376
376
376
376
376
376
376
376
376
376
376
376
376
376
376
183
376
376
376
376
376
376
376
376
376
376
376
376
376
376
376
376
376
376
376
376
376
376
376
376
376
376
376
376
376
376
376
376
376
376
376
376
376
376
376
376
376
376
376
376
376
376
376
376
376
376
376
376
376
376
376
376
376
376
376
376
376
376
376
376
376
376
376
376
376
376
376
376
376
376
376
376
376
376
376
376
376
376
376
376
376
376
376
376
376
376
376
376
376
376
376
376
376
376
376
376
376
376
376
376
376
376
376
376
376
376
376
376
376
376
376
376
376
376
376
376
376
376
376
376
376
376
376
376
376
376
376
376
376
376
376
376
376
376
376
376
376
376
376
376
376
376
376
376
376
376
376
376
376
376
376
376
376
376
376
376
376
376
376
376
376
376
376
376
376
376
376
376
376
376
376
376
376
376
376
376
376
376
376
376
376
376
376
376
376
376
376
376
376
376
376
376
376
376
376
376
376
376
376
376
376
376
376
376
376
376
376
376
376
376
376
376
376
376
376
376
376
185
376
376
376
376
376
376
376
376
376
376
376
376
376
376
376
376
376
376
376
376
376
376
376
376
376
376
376
376
376
376
376
376
376
376
376
376
376
376
376
376
376
376
376
376
376
376
376
376
376
376
376
376
376
376
376
376
376
376
376
376
376
376
376
376
376
376
376
376
376
376
376
376
376
376
376
376
376
376
376
376
376
376
376
376
376
376
376
376
376
376
376
376
376
376
376
376
376
376
376
376
376
376
376
376
376
376
376
376
376
376
376
376
376
376
376
376
376
376
376
376
376
376
376
376
376
376
376
376
376
376
376
376
376
376
376
376
376
376
376
376
376
376
376
376
376
376
376
376
376
376
376
376
376
376
376
376
376
112
376
376
376
376
376
376
376
376
376
376
376
376
376
376
376
376
376
376
376
376
376
376
376
376
376
376
376
376
376
376
376
376
376
376
376
376
376
376
376
376
376
376
376
376
376
376
376
376
376
376
376
376
376
376
376
376
376
376
376
376
376
376
376
376
376
376
376
376
376
376
376
376
376
376
376
376
376
376
376
376
376
376
94
376
376
376
376
376
376
376
376
376
376
376
376
376
376
376
376
376
376
376
376
376
376
376
376
376
376
376
376
376
376
376
376
376
376
376
376
376
376
376
376
376
376
376
376
376
376
376
376
376
376
376
376
376
376
376
376
376
376
376
376
376
376
376
376
376
376
376
376
376
376
376
376
376
376
376
376
376
376
376
376
376
376
376
376
376
376
376
376
376
376
376
376
376
376
376
376
376
376
376
376
376
376
376
376
376
376
376
376
376
376
376
376
376
376
376
376
376
376
376
376
376
376
376
376
376
376
376
376
376
376
376
376
376
376
376
376
376
376
376
376
376
376
376
376
376
376
376
376
376
376
376
376
376
376
376
376
376
376
376
376
376
376
376
376
376
376
376
376
376
376
376
376
376
376
376
376
376
376
376
376
376
376
376
376
376
376
376
376
376
376
376
376
376
376
376
376
376
376
376
376
376
376
376
376
376
376
376
376
376
376
376
376
376
376
376
376
376
376
376
376
376
376
376
376
376
376
376
376
376
376
376
376
376
376
376
123
376
376
376
376
376
376
376
376
376
376
523
376
376
376
376
376
376
376
376
376
376
376
376
376
376
376
376
376
376
376
376
376
376
376
376
376
376
376
376
376
376
376
376
376
376
376
376
376
376
376
376
376
376
376
376
376
376
376
376
376
376
376
376
376
376
376
376
376
376
376
376
376
376
376
376
376
376
376
376
376
376
376
376
376
376
376
376
376
376
376
376
376
376
376
376
376
376
376
376
376
376
376
376
621
376
376
376
376
376
376
376
376
376
376
376
376
376
376
376
376
376
376
376
376
376
376
376
376
376
376
376
376
376
376
376
376
376
376
376
376
376
376
376
376
376
376
376
376
376
376
376
376
376
376
376
376
376
376
376
376
376
376
376
376
376
376
376
376
376
376
376
376
376
376
376
376
376
376
376
376
376
376
94
376
376
376
376
376
376
376
376
376
376
376
376
376
376
376
376
376
376
376
376
376
376
376
376
376
376
376
376
376
376
376
376
376
376
376
376
376
376
376
376
376
376
376
376
376
376
376
376
376
376
376
376
376
376
376
376
376
376
376
376
376
376
376
376
376
376
376
376
376
376
376
376
376
376
376
376
376
376
376
376
376
376
376
376
376
376
376
376
376
376
376
376
376
376
376
376
376
376
376
376
376
376
376
376
376
376
376
376
376
376
376
376
376
376
376
376
376
376
376
376
376
376
376
376
376
376
376
376
376
376
376
376
376
376
376
376
376
376
376
376
376
376
376
376
376
376
376
376
376
376
376
376
376
376
376
376
376
376
376
376
376
376
376
376
376
376
376
376
376
376
376
376
376
376
376
376
376
376
376
376
376
376
376
376
376
376
376
376
376
376
376
376
376
376
376
376
376
376
376
376
376
376
376
376
376
376
376
376
376
376
376
376
376
376
376
376
376
376
376
376
376
376
376
376
376
376
376
376
376
376
376
376
376
376
376
376
376
376
376
376
376
376
376
376
376
376
376
376
376
376
376
376
376
376
376
376
376
376
376
376
376
376
376
376
376
376
376
376
376
376
376
376
376
376
376
376
376
376
376
376
376
376
376
376
376
376
376
376
376
376
376
376
376
376
376
376
376
376
376
376
376
376
376
376
376
376
376
376
376
376
376
376
376
376
376
376
376
376
376
376
376
376
376
376
376
376
376
376
376
376
376
376
376
376
376
376
376
376
376
376
376
376
376
376
376
376
376
376
376
376
376
376
376
376
376
376
376
376
376
376
376
376
376
376
376
376
376
376
376
376
376
376
376
376
376
376
376
376
376
376
376
376
376
376
376
376
376
376
376
376
376
376
376
376
376
376
376
376
376
376
376
376
376
376
376
376
376
376
376
376
376
376
376
376
376
376
376
376
376
376
376
376
376
376
376
376
376
376
376
376
376
376
376
376
376
376
376
376
376
376
376
376
376
376
376
376
376
376
376
376
376
376
376
376
376
376
376
376
376
376
376
376
376
376
376
376
376
376
376
376
376
376
376
376
376
376
376
376
376
376
376
376
376
376
376
376
376
376
376
376
376
376
376
376
376
376
376
376
376
376
376
376
376
376
376
376
376
376
376
376
376
376
376
376
376
376
376
376
376
376
376
376
376
376
376
376
376
376
376
376
376
376
376
376
376
376
376
376
376
376
376
376
376
376
376
376
376
376
376
376
376
376
376
376
376
376
376
376
376
376
376
376
376
376
376
376
376
376
293
376
376
376
376
376
376
376
376
376
376
376
376
376
376
376
376
376
376
376
376
376
376
376
376
376
376
376
376
376
376
376
376
376
376
376
376
376
376
376
376
376
376
376
376
376
376
376
376
376
376
376
376
376
376
376
376
376
376
376
376
376
376
376
376
376
376
376
376
376
376
376
376
376
376
376
376
376
376
376
376
376
376
376
376
376
376
376
376
376
376
376
376
376
376
376
376
376
376
376
376
376
376
376
376
376
376
376
376
376
376
376
376
376
376
376
376
376
376
376
376
376
376
376
376
376
376
376
376
376
376
376
376
376
376
376
376
198
376
376
376
376
376
376
376
376
376
376
376
376
376
376
376
376
376
376
376
376
376
376
376
376
376
376
376
376
376
376
376
376
376
376
376
376
376
376
376
376
376
376
376
376
376
376
376
376
376
376
376
376
376
376
376
376
376
376
376
376
376
376
376
376
376
376
376
376
376
376
376
376
376
376
376
376
376
376
376
376
376
376
376
376
376
376
376
376
376
376
376
376
376
376
376
376
376
376
376
376
376
376
376
376
376
376
376
376
182
376
376
376
376
376
376
376
376
376
376
376
376
376
376
376
376
376
376
376
376
376
376
376
376
376
376
466
376
376
376
376
376
376
376
376
376
376
376
376
376
376
376
376
376
130
376
376
376
376
376
588
376
376
376
376
376
376
376
376
376
376
376
376
376
376
376
376
376
376
376
376
376
376
376
376
376
376
376
376
376
376
376
376
376
376
376
376
376
376
376
376
376
376
376
376
376
376
376
376
376
376
376
376
376
376
376
376
376
376
376
376
376
376
376
376
376
376
376
376
376
376
376
376
376
376
376
376
376
376
376
376
376
376
376
376
376
376
376
376
376
376
376
376
376
376
376
376
376
376
376
376
376
376
376
376
376
376
376
376
376
376
376
376
376
376
376
376
376
376
376
376
376
376
376
376
376
376
376
376
376
376
376
376
376
376
376
376
376
376
376
376
376
376
376
376
139
376
376
376
376
376
376
376
376
376
376
376
376
376
376
376
376
376
376
376
376
376
376
376
376
376
376
376
376
376
376
376
376
376
376
376
376
376
376
376
376
376
376
376
376
376
376
376
376
376
376
376
376
376
821
376
376
217
376
376
376
376
376
376
376
376
376
376
376
376
376
376
376
376
376
376
376
376
376
376
376
376
376
376
376
376
376
376
376
376
376
376
376
376
376
376
376
376
376
376
376
376
376
376
376
376
376
376
376
376
376
376
376
376
376
376
376
376
376
376
376
376
376
376
376
376
376
376
376
376
376
376
376
376
376
376
376
376
376
376
376
376
376
376
376
376
376
376
376
376
376
376
376
376
376
376
376
376
376
376
376
376
376
376
376
376
376
376
376
376
376
376
376
376
376
376
376
376
376
376
376
376
376
376
376
376
376
376
376
376
376
376
376
376
376
376
376
376
376
376
376
376
376
376
376
376
376
376
376
376
376
376
376
376
376
376
376
376
376
376
376
376
376
376
376
376
376
376
376
376
376
376
376
376
376
376
376
376
376
376
376
376
376
376
376
376
376
376
376
376
376
376
376
376
376
376
376
376
376
376
376
376
376
114
376
376
376
376
376
376
376
376
376
376
376
376
376
376
376
376
376
376
376
376
376
376
376
