449
433
576
425
423
398
454
401
411
527
438
410
483
404
498
382
427
452
591
433
540
428
529
383
374
397
405
437
395
380
426
411
418
500
418
355
474
384
413
391
467
538
415
446
498
453
441
422
392
426
419
416
441
401
388
439
372
480
572
436
379
442
453
410
468
499
495
380
429
551
555
500
434
482
379
435
407
411
419
415
417
517
416
456
401
649
451
404
479
489
519
769
453
382
412
332
411
440
430
380
436
343
455
415
385
415
469
373
377
506
442
372
606
388
383
360
492
365
422
377
359
435
380
384
389
387
562
372
426
370
457
360
491
393
489
493
369
414
379
428
412
557
367
379
427
411
356
501
472
575
352
442
417
425
410
420
496
365
367
402
491
362
454
396
420
348
362
631
400
380
503
541
353
404
398
472
496
569
499
388
422
397
566
541
500
504
438
369
395
389
434
445
400
398
414
368
440
353
404
420
375
439
443
350
348
375
484
351
383
397
829
599
411
363
573
404
617
387
382
399
428
418
520
372
358
366
422
442
428
427
403
369
333
434
338
360
467
391
364
393
349
506
411
396
389
401
413
370
412
381
431
411
396
408
491
374
396
362
630
462
414
332
566
417
356
372
407
372
630
360
554
427
360
392
344
450
355
376
401
488
493
484
398
362
682
473
394
375
381
391
439
406
426
387
584
355
615
472
602
392
387
554
350
663
364
327
389
401
419
405
356
411
372
571
355
459
420
492
403
471
397
353
770
505
396
554
494
412
358
413
364
423
398
405
537
541
364
482
376
358
577
384
391
371
380
327
396
394
395
371
366
356
400
563
479
454
369
373
340
336
424
346
360
395
420
403
407
420
377
389
444
420
356
458
332
495
419
394
369
359
364
376
388
435
382
397
362
408
649
358
313
557
379
568
448
592
409
355
373
447
370
472
732
345
451
415
421
426
371
501
482
356
581
391
343
369
348
395
353
449
414
351
404
372
673
338
341
472
423
331
442
388
323
372
489
359
585
433
524
390
356
365
354
373
511
372
413
337
483
408
506
341
427
457
330
480
401
338
579
379
350
477
401
411
541
373
393
336
373
369
456
375
467
335
591
444
391
433
391
504
352
358
383
421
379
330
383
380
312
514
372
417
365
414
543
348
399
351
401
456
370
338
445
431
356
354
342
337
403
364
338
361
384
357
528
633
452
385
381
398
407
438
355
354
369
341
529
451
434
346
349
567
386
387
355
332
358
373
519
396
429
371
357
352
328
428
437
559
625
507
436
366
335
413
347
360
341
306
414
408
532
542
320
324
371
379
484
363
438
488
351
354
335
344
389
341
375
406
334
421
352
355
342
431
428
607
322
365
449
368
593
498
370
331
387
342
373
319
435
345
367
380
337
327
362
375
386
348
363
344
547
382
333
327
369
425
396
394
446
390
396
469
325
516
375
408
332
504
359
351
357
345
494
382
432
369
335
361
352
481
434
352
587
350
376
367
373
390
414
522
314
426
358
305
365
367
385
354
375
381
347
355
324
808
372
474
402
358
378
368
539
394
398
543
464
383
322
366
514
408
387
477
422
330
364
318
402
506
520
423
370
355
367
365
338
323
367
346
540
355
551
345
406
363
678
369
361
398
391
387
346
382
367
335
351
348
388
321
332
310
384
415
397
392
322
600
427
366
397
400
371
325
357
466
349
386
336
427
429
364
339
509
376
299
522
354
374
344
414
406
345
318
319
391
339
353
482
337
336
327
413
373
368
454
340
504
338
317
333
372
521
357
530
345
355
345
364
521
808
353
507
393
354
529
365
409
586
367
311
367
329
428
659
379
321
500
358
389
355
351
429
354
337
354
362
321
338
347
378
384
428
426
387
386
316
338
330
647
373
609
406
325
325
572
641
318
356
360
322
347
343
331
352
303
308
326
506
387
401
348
363
384
339
340
396
326
321
331
357
421
329
352
322
321
341
330
358
404
410
418
361
463
466
343
492
325
395
322
736
376
370
293
316
391
349
363
359
311
320
498
321
411
619
286
352
311
322
378
313
310
342
392
390
358
313
765
353
348
353
575
369
374
474
471
363
348
352
397
365
645
302
424
401
353
586
326
336
283
327
418
338
345
353
457
632
325
313
343
326
332
358
468
493
357
465
454
628
539
538
417
519
412
413
313
326
354
420
464
316
663
365
361
576
396
368
307
532
746
312
300
341
465
328
502
354
322
360
314
318
364
393
409
337
285
349
352
513
343
456
583
482
385
301
448
370
355
323
663
649
340
360
468
335
430
353
290
401
364
323
376
372
304
311
498
310
306
344
332
351
345
368
280
377
323
316
366
396
308
346
314
358
666
351
319
456
314
304
342
368
333
358
505
395
346
343
345
376
331
333
388
536
317
356
364
328
365
492
378
334
361
346
481
321
404
680
644
362
300
383
324
343
505
328
329
376
337
308
307
611
327
458
340
317
323
321
385
355
329
333
509
323
362
327
335
406
349
372
591
357
420
660
300
305
389
329
317
327
342
761
297
336
349
683
511
371
401
308
336
346
461
427
419
353
290
431
523
328
303
326
350
374
317
353
295
340
652
349
321
395
483
507
375
368
290
369
297
374
323
387
333
598
595
391
285
387
368
371
352
298
489
302
363
477
268
327
341
333
434
529
322
456
347
348
373
336
349
292
327
377
353
403
311
323
476
331
309
317
333
345
338
531
335
382
315
305
302
310
350
302
381
398
406
500
335
351
340
289
575
354
457
355
338
425
322
350
465
345
460
328
383
358
305
306
426
379
349
305
672
386
628
330
319
309
612
357
305
342
321
399
392
290
320
319
338
500
679
313
982
355
359
317
351
301
413
372
328
388
477
443
343
299
350
331
462
603
302
292
292
392
379
296
313
521
318
396
301
389
334
348
339
560
351
553
296
323
445
331
343
374
562
300
386
350
355
316
338
331
324
459
323
292
321
320
689
544
295
345
324
632
299
469
335
431
390
274
419
370
339
304
362
332
387
315
327
310
338
334
308
356
388
320
405
416
504
358
288
298
330
419
520
321
322
370
383
347
361
438
306
331
349
304
309
298
321
328
339
335
617
329
346
536
389
332
486
332
379
297
344
346
330
312
343
319
312
333
315
326
341
333
416
292
317
314
324
308
577
302
315
319
274
463
458
286
310
351
329
343
336
314
432
380
346
317
330
352
316
364
380
391
303
286
428
304
324
290
421
321
318
388
366
333
449
491
405
373
315
489
671
318
363
357
291
316
275
328
315
350
328
384
463
314
326
324
318
306
317
291
356
318
316
299
407
351
534
459
542
269
320
345
553
358
396
310
544
439
378
329
314
323
574
308
307
378
293
322
305
436
310
297
479
384
330
393
523
429
387
324
333
708
366
408
289
305
319
309
313
313
358
313
462
326
481
285
382
563
338
299
306
302
317
484
283
281
264
307
379
405
320
344
348
303
312
285
390
800
586
456
290
296
324
347
305
329
316
301
308
337
324
309
309
320
283
306
302
297
295
290
503
302
325
324
274
321
322
298
754
300
305
300
330
304
528
292
360
332
272
332
337
332
338
301
469
283
426
325
304
301
423
300
399
343
288
295
294
445
281
363
654
323
579
297
384
341
290
476
335
600
321
447
330
287
563
291
416
389
307
303
454
403
426
342
392
393
273
296
297
359
304
365
373
262
295
331
313
306
346
345
285
277
269
616
303
315
479
293
294
291
369
370
440
349
290
390
316
343
288
291
316
371
488
290
320
373
375
346
434
313
400
400
339
306
298
306
284
301
322
399
982
354
289
304
318
300
330
329
361
320
486
319
277
317
310
271
334
297
300
288
294
316
306
307
415
786
298
332
298
432
842
353
366
308
310
333
338
298
347
567
289
324
308
342
361
319
302
303
296
389
286
345
346
361
407
267
318
465
282
280
267
308
327
578
302
295
259
303
297
278
486
377
288
318
387
525
336
300
344
293
410
335
315
287
347
284
431
266
322
357
281
339
482
304
436
355
298
311
329
632
303
258
432
293
319
367
319
333
312
290
314
286
312
269
373
338
272
345
280
276
289
313
294
282
272
340
288
315
330
716
321
324
330
314
272
339
357
296
292
293
299
296
288
325
330
298
313
293
294
269
289
310
279
304
358
285
324
568
316
303
301
368
403
340
267
300
297
341
308
305
294
297
301
311
317
365
703
274
293
291
305
297
398
279
292
496
285
295
282
276
355
292
340
280
669
328
329
376
258
320
284
332
357
250
336
343
342
374
313
289
306
318
365
303
306
306
271
277
316
371
276
340
282
383
481
286
314
314
282
299
288
291
299
292
331
329
292
746
454
289
286
301
295
285
550
273
296
294
347
271
348
351
314
303
298
260
370
339
323
277
442
439
295
276
341
292
309
287
294
360
403
282
293
277
476
343
288
360
288
336
360
316
407
257
455
284
375
305
267
261
281
300
255
297
594
283
301
280
330
279
262
524
257
278
283
500
315
316
278
271
299
407
283
320
833
296
278
322
294
293
262
304
298
311
305
325
358
313
506
339
274
321
272
472
337
282
785
263
441
315
289
311
492
560
275
321
276
273
289
291
800
271
319
336
286
381
291
278
265
274
281
268
283
305
277
275
309
275
326
259
317
434
265
283
276
287
272
283
307
451
344
278
293
288
256
289
298
312
395
285
240
296
514
365
289
391
294
241
293
270
297
288
303
341
366
291
398
336
303
315
250
251
359
565
320
525
276
243
285
461
305
267
280
313
309
260
267
338
285
282
300
283
308
320
287
276
316
302
304
286
259
566
294
310
279
238
442
278
289
300
288
321
350
297
325
292
266
294
270
307
282
617
263
295
330
305
282
282
287
368
307
336
260
283
255
305
323
237
495
283
292
293
309
269
267
279
493
274
297
460
568
301
305
274
560
279
312
324
290
343
842
262
273
374
394
309
281
268
295
278
443
282
452
393
293
336
361
240
459
469
291
251
330
560
283
286
336
267
289
262
264
336
267
255
269
660
257
277
357
269
273
250
269
323
303
290
285
255
505
273
284
381
283
372
268
277
328
267
250
566
271
518
288
256
366
253
274
301
268
515
264
512
272
277
268
268
455
263
338
325
270
473
448
311
265
703
319
320
406
340
299
257
281
272
278
278
277
281
364
344
264
516
280
280
268
356
244
249
245
269
293
275
274
387
268
249
262
549
248
297
388
322
300
346
330
304
300
241
370
330
325
286
311
296
293
386
323
286
262
558
353
254
368
296
364
286
504
252
295
338
271
292
302
461
258
264
255
297
301
282
265
258
363
281
353
287
275
276
305
278
252
278
299
297
254
276
260
445
243
281
261
283
396
287
269
264
275
287
295
429
254
287
262
304
294
259
256
233
280
345
248
267
282
305
294
326
255
304
632
251
341
281
281
264
245
241
367
273
316
256
255
245
354
307
281
272
287
268
268
485
362
271
345
746
252
274
293
262
276
244
467
280
305
278
334
257
254
281
345
272
286
1121
310
267
277
299
258
314
267
265
274
333
283
278
289
593
252
267
269
254
240
281
274
480
276
261
278
260
289
242
269
267
329
238
277
246
272
309
268
299
241
242
267
317
274
377
331
469
247
473
242
266
290
255
253
243
283
279
279
256
277
254
294
269
253
256
264
250
261
283
341
279
290
253
328
257
252
287
302
269
256
256
293
255
284
349
375
267
243
261
305
252
263
261
248
266
227
236
278
485
300
263
254
249
290
257
287
235
240
251
423
292
276
681
484
307
271
331
249
292
319
347
343
387
363
379
263
293
250
256
335
268
460
259
279
242
452
263
252
255
273
255
253
315
374
262
270
277
251
246
274
247
314
268
284
307
286
257
270
252
260
283
341
264
315
245
443
254
355
254
252
239
267
295
260
291
333
314
446
308
296
254
289
270
410
238
234
265
322
332
279
226
295
256
260
276
283
423
249
230
246
274
248
329
276
245
280
269
239
281
294
247
275
309
261
267
292
260
237
274
280
292
333
269
313
241
343
258
256
265
291
255
281
247
242
400
275
263
254
251
249
274
306
271
303
278
240
265
262
252
237
296
242
253
270
331
357
256
267
280
277
270
271
223
248
258
261
256
256
279
276
247
263
272
267
320
265
233
231
299
229
247
431
273
286
250
284
250
261
246
257
233
264
266
253
470
277
249
277
254
265
261
273
294
333
278
257
404
284
247
267
254
273
416
346
215
297
251
359
282
241
332
320
307
228
242
257
416
301
294
312
240
234
321
223
233
241
248
270
745
259
310
617
323
339
310
284
308
243
261
324
266
285
261
274
277
287
250
224
313
283
275
334
296
266
289
259
271
248
255
258
242
271
271
256
754
244
310
265
415
246
334
382
269
240
271
307
218
287
232
319
290
259
289
325
282
282
246
206
250
269
264
265
290
228
247
252
283
254
355
322
349
269
292
309
280
305
254
318
247
293
264
276
254
282
269
464
273
249
561
387
269
219
307
319
246
242
204
266
262
340
240
240
397
241
255
291
242
233
250
288
550
276
279
234
237
329
232
263
303
227
246
269
336
290
253
323
244
269
1121
492
236
335
288
515
322
254
379
236
280
303
238
263
420
253
257
274
283
256
329
265
253
245
236
348
246
286
268
257
261
204
287
253
221
264
246
220
277
252
240
234
255
253
272
578
256
481
259
225
267
253
236
283
467
260
302
326
362
303
250
258
270
218
330
233
249
243
274
318
266
248
381
235
246
226
246
281
258
462
265
243
303
262
224
350
440
342
222
365
331
278
326
244
246
289
446
223
235
236
214
279
231
250
343
271
280
240
236
236
378
264
321
248
258
255
251
217
243
248
282
239
272
221
230
275
256
258
265
248
332
264
211
255
228
213
237
283
257
228
249
265
256
261
273
449
261
235
247
258
226
257
279
218
230
241
230
220
251
213
288
267
265
238
565
219
224
265
262
251
245
236
220
246
238
274
204
239
281
254
212
301
266
277
287
285
234
311
222
464
225
243
245
282
283
243
238
222
213
305
243
237
220
246
248
266
227
252
216
242
249
262
269
221
260
214
220
317
236
227
286
320
211
235
296
264
266
246
250
255
436
246
242
217
199
350
237
255
213
251
223
288
306
266
231
252
306
255
229
263
230
248
241
336
269
284
227
248
278
228
218
241
223
244
268
305
198
222
213
263
241
218
259
236
289
243
288
259
242
286
344
223
199
227
280
280
230
266
218
206
223
224
257
190
262
246
246
227
339
277
245
234
228
217
226
229
261
230
242
259
226
207
251
268
234
277
225
252
253
233
237
246
246
227
232
210
550
196
230
261
221
233
245
215
236
223
260
213
232
236
358
242
259
212
212
214
231
227
265
208
214
241
244
785
786
231
263
234
213
285
227
217
208
262
230
217
242
195
247
235
233
209
233
379
244
254
233
212
252
228
213
248
221
237
238
229
260
218
272
211
265
485
202
271
366
262
253
255
217
245
228
241
227
275
255
228
300
218
268
331
273
248
260
224
227
197
244
243
212
217
236
241
256
309
252
217
251
243
221
242
326
190
272
214
217
270
237
256
268
218
217
217
223
229
219
210
240
201
284
296
189
251
269
330
207
339
258
254
215
282
254
257
233
260
239
268
230
211
215
244
225
242
268
209
228
207
242
425
223
265
205
228
235
236
255
217
253
203
224
253
249
212
247
231
253
301
242
229
217
239
244
247
191
204
207
281
242
235
217
217
234
265
303
238
238
427
258
392
233
218
251
253
234
207
201
219
249
252
232
216
220
262
234
615
247
220
186
247
272
518
209
206
206
243
230
202
240
427
258
256
296
281
225
188
237
211
215
226
202
249
264
218
314
229
189
220
252
253
259
281
636
241
207
241
277
216
234
225
227
224
296
227
223
232
304
179
240
238
204
274
385
225
289
301
234
244
204
254
212
253
232
291
230
280
228
209
218
192
286
229
203
239
215
248
250
275
260
228
237
226
197
305
242
205
285
225
211
210
240
218
200
190
195
204
218
224
272
229
231
372
194
218
270
219
234
307
383
216
244
214
195
224
223
210
252
232
204
213
505
251
207
246
367
226
199
225
223
220
223
197
210
220
231
254
317
214
192
227
215
226
225
197
239
239
207
288
263
225
238
184
201
209
267
215
252
434
217
277
216
202
196
492
255
237
254
268
188
186
214
261
266
247
241
220
196
195
200
251
184
203
248
215
246
205
229
210
238
206
223
367
235
239
253
264
241
197
226
237
222
239
225
253
205
264
230
242
193
216
232
250
222
217
237
221
200
232
750
239
231
202
208
234
193
205
543
203
208
234
211
178
246
214
249
196
198
246
255
228
228
212
192
203
269
271
193
199
298
194
209
290
189
203
186
228
203
220
238
210
235
203
195
201
270
214
204
197
199
245
213
211
218
271
265
222
417
201
220
197
206
221
228
201
214
225
240
248
222
206
238
236
203
302
188
224
188
224
233
237
224
286
260
216
203
208
195
210
275
291
200
215
225
202
240
171
192
200
245
208
194
282
248
266
194
225
208
206
215
196
563
212
198
215
206
245
236
218
230
242
232
307
197
218
269
245
222
279
203
209
225
251
256
246
211
231
214
236
205
203
276
231
183
195
292
378
220
214
1121
198
210
276
217
295
238
180
197
225
241
220
210
254
218
237
203
469
188
203
200
204
264
234
224
195
189
213
211
189
233
181
237
211
245
206
205
404
194
181
209
261
205
192
238
244
198
194
173
222
222
200
224
277
196
262
243
213
223
188
277
197
255
194
194
235
220
200
366
194
233
207
226
191
218
235
187
218
235
201
208
221
227
200
186
206
196
217
263
205
178
246
203
224
216
254
193
215
228
194
285
196
220
207
257
231
197
247
242
248
201
183
274
233
220
220
192
185
217
249
242
192
218
192
185
241
190
192
207
159
213
200
262
178
342
188
255
236
203
190
220
188
246
184
197
192
182
206
189
197
179
183
220
188
218
186
194
218
199
212
234
224
209
211
176
456
212
221
214
208
208
215
227
317
216
669
240
217
215
185
203
205
232
195
217
269
248
224
212
239
617
176
202
245
192
221
366
212
222
216
240
233
211
194
254
243
221
372
197
196
176
178
210
201
201
187
195
183
226
203
237
233
199
229
253
191
288
213
197
196
258
199
197
220
207
213
217
235
188
206
170
243
308
187
203
182
187
222
265
248
246
195
230
208
192
205
191
215
149
281
214
206
219
210
179
149
158
222
242
208
199
179
207
257
216
190
204
193
209
267
210
190
192
225
256
214
241
184
191
217
240
212
189
205
240
187
212
191
182
238
217
216
190
209
184
214
239
238
200
200
218
257
186
179
221
473
229
199
136
186
248
184
158
175
167
219
213
154
165
236
197
220
200
196
178
195
220
174
209
201
230
212
186
201
229
198
261
192
158
211
191
199
195
172
224
240
188
215
263
243
166
282
190
220
221
232
197
177
209
243
165
208
183
198
179
178
245
199
198
255
285
197
217
218
322
197
310
220
174
212
197
180
254
207
185
277
234
349
180
182
191
166
228
183
179
194
214
192
351
203
215
184
216
197
192
243
254
173
190
214
201
224
196
242
206
236
207
228
205
181
273
178
209
175
329
234
218
205
235
224
185
194
190
246
172
190
176
180
198
223
202
189
212
196
209
171
206
197
202
177
234
170
178
244
182
327
172
208
297
214
207
194
195
186
203
205
187
206
200
238
202
201
169
203
189
310
240
218
201
181
171
186
172
202
205
185
199
177
183
210
181
461
176
193
178
220
190
185
195
261
235
628
177
191
198
177
186
251
236
192
231
191
182
217
169
202
176
210
224
203
241
200
186
182
220
164
184
195
182
175
192
162
218
167
193
169
231
191
177
176
172
164
204
160
223
152
212
270
195
187
257
218
170
199
202
182
185
204
180
175
204
187
222
214
230
224
201
179
194
162
239
180
253
185
256
166
242
317
212
180
168
145
182
161
169
231
172
227
473
199
164
199
177
146
260
200
206
196
176
227
148
281
185
196
185
231
187
177
268
190
171
222
180
174
128
257
173
185
217
229
167
190
172
266
159
161
168
221
169
261
200
198
221
183
300
179
187
206
201
163
227
188
257
186
219
178
178
187
185
193
207
192
197
205
200
186
205
205
169
216
159
169
187
207
191
175
201
188
166
185
214
267
156
209
167
194
177
200
173
212
219
193
172
220
202
266
183
163
217
183
193
174
160
163
152
184
184
157
183
180
251
180
202
164
208
181
155
218
168
176
168
199
192
206
198
144
235
173
193
199
192
192
158
226
171
201
320
172
220
168
236
196
164
153
174
190
212
229
179
183
155
223
175
193
229
253
170
214
181
203
190
172
238
159
215
182
166
184
153
160
240
414
172
158
187
201
200
440
162
184
180
209
198
212
169
158
174
186
183
219
287
173
173
666
207
114
180
160
191
168
298
214
180
194
202
161
175
149
206
169
176
230
147
153
203
156
164
204
194
158
171
201
178
169
168
171
153
188
250
167
200
184
197
186
211
276
163
166
173
232
170
150
224
193
182
189
197
172
708
179
163
189
172
157
205
193
252
203
173
133
219
182
200
165
200
144
319
127
155
225
185
184
449
149
163
171
201
202
159
166
160
189
199
197
207
168
204
187
162
221
156
146
215
206
184
178
177
196
174
185
152
149
147
167
166
163
208
206
215
165
176
195
182
178
166
172
206
156
165
217
167
171
248
140
183
187
209
221
175
179
207
191
192
186
154
189
144
173
162
188
80
206
195
215
130
162
178
167
162
210
144
153
173
260
173
182
210
195
165
199
226
173
165
180
153
158
167
177
182
168
192
207
204
155
194
187
177
186
176
161
178
224
190
174
168
201
176
190
171
176
159
182
154
189
192
254
183
160
195
181
162
192
166
234
183
196
157
197
165
138
148
115
160
213
198
145
154
191
161
176
212
164
224
209
188
172
189
181
172
161
205
170
158
201
170
187
161
354
232
187
139
171
163
182
167
139
192
143
154
154
172
163
154
126
130
161
187
204
198
162
145
161
230
182
188
194
153
207
240
145
159
157
155
138
194
192
148
213
198
175
161
201
176
181
193
210
183
159
206
128
166
162
160
204
169
152
156
153
166
154
158
155
145
154
163
164
172
195
154
193
292
158
193
166
177
160
184
156
186
106
112
171
168
155
131
208
185
175
154
248
184
176
201
153
209
196
167
156
157
252
127
170
197
206
175
220
212
236
149
169
186
163
153
310
162
177
185
170
212
157
210
154
179
166
165
160
200
203
152
170
170
166
215
175
157
211
157
177
192
221
118
171
165
310
164
151
177
156
147
155
193
138
225
229
162
130
165
170
182
153
189
205
148
137
162
128
176
156
132
154
148
156
199
177
175
156
266
139
134
123
163
251
154
162
161
194
137
192
147
201
164
196
187
189
310
148
150
156
182
239
154
128
143
132
162
154
169
153
171
167
136
211
187
79
172
250
209
161
191
169
185
149
146
110
156
163
331
146
168
304
233
302
579
160
176
148
146
155
187
203
187
146
170
132
177
215
168
232
144
183
180
260
204
174
78
154
121
188
166
127
226
151
176
202
172
79
161
164
205
188
151
149
144
155
162
151
141
165
181
154
171
143
160
158
220
169
190
683
146
204
206
133
146
137
149
234
201
131
134
121
149
161
150
141
185
143
156
133
189
181
157
195
142
187
146
161
214
174
149
176
169
152
156
160
146
161
143
151
153
147
215
240
134
156
310
187
86
146
181
150
189
150
140
146
152
159
118
158
140
153
133
106
183
151
122
135
178
149
117
182
167
135
156
145
86
156
197
183
154
181
167
138
136
157
141
102
195
310
133
142
164
159
155
240
179
165
151
198
155
140
193
152
154
170
206
204
185
138
223
186
212
149
164
174
173
90
310
154
179
211
163
162
158
140
130
167
261
182
97
169
121
109
112
182
206
158
114
185
148
151
143
145
151
90
175
394
102
149
232
215
171
165
221
144
193
162
155
188
159
150
158
114
181
157
184
155
137
138
147
158
141
249
160
147
187
138
165
154
485
211
145
197
189
153
215
156
140
78
310
155
203
137
150
181
114
78
169
157
168
103
165
186
195
151
149
181
138
159
239
156
230
145
154
165
173
154
158
169
177
144
160
148
167
172
133
100
132
283
142
159
132
157
133
181
167
175
133
187
183
182
107
382
207
178
167
171
145
191
165
174
107
114
175
119
84
178
159
214
170
310
130
310
120
184
142
169
143
121
159
150
109
272
136
162
150
137
157
191
131
166
128
160
180
163
161
166
139
169
186
120
119
156
160
162
131
146
141
175
126
115
111
148
168
144
103
150
145
140
169
134
157
162
157
140
150
176
155
179
131
160
138
163
135
185
161
177
129
90
161
213
178
173
140
118
154
227
142
172
158
154
145
138
163
144
148
101
216
140
136
200
160
155
163
134
137
153
168
145
241
174
82
169
175
144
95
153
140
310
145
125
146
147
144
133
128
183
118
130
139
159
297
130
161
137
129
167
144
133
178
140
146
196
158
146
122
78
147
138
147
181
166
190
141
222
131
156
108
155
152
153
269
140
80
149
159
96
135
157
109
155
176
132
246
80
136
310
135
148
167
157
135
131
166
107
117
153
91
101
137
176
112
149
147
152
134
134
200
229
143
161
211
132
149
310
80
171
124
157
156
310
133
142
310
310
176
188
151
118
177
174
173
144
92
100
151
158
122
116
156
153
169
173
129
111
127
310
136
310
157
148
146
100
135
151
154
117
154
149
155
115
132
145
154
176
140
113
160
310
100
256
232
153
138
161
147
151
176
215
126
115
159
141
147
116
232
149
179
310
148
183
155
147
151
136
123
172
118
128
142
147
310
181
141
147
153
78
84
150
310
140
158
170
161
126
156
129
146
113
159
132
181
144
129
141
561
310
137
177
121
235
157
107
154
79
146
127
310
150
162
152
120
112
310
156
156
181
108
152
154
124
159
149
87
310
147
143
158
123
141
123
178
105
190
153
143
310
159
103
131
117
201
149
130
218
131
176
155
132
131
182
141
78
90
125
134
100
160
132
95
160
156
124
117
88
130
156
103
141
90
122
116
179
310
138
131
177
126
209
180
136
183
133
119
310
178
153
310
148
81
206
108
134
111
117
210
116
182
130
120
310
129
152
310
158
82
310
144
155
78
133
161
137
78
142
130
152
129
131
118
100
137
241
113
93
139
107
152
310
142
116
145
156
136
185
78
155
154
109
173
158
117
154
160
121
310
138
78
104
140
133
121
147
156
81
114
102
172
138
157
310
110
131
155
130
138
107
103
134
182
97
171
182
96
467
198
126
145
116
121
162
138
133
591
106
155
310
129
310
156
185
128
137
143
90
155
95
139
310
310
133
145
113
117
78
310
87
180
140
179
143
151
195
135
183
78
178
133
153
122
178
78
186
143
129
145
93
143
140
130
310
111
310
133
310
135
137
142
159
127
127
102
157
123
169
163
133
154
119
310
140
100
85
112
349
310
130
103
137
164
310
310
106
310
145
310
310
161
138
136
168
310
127
310
125
152
310
133
310
136
310
115
127
132
137
147
151
90
310
124
151
162
109
163
106
310
192
310
96
194
134
134
109
133
97
310
150
108
120
808
111
119
310
164
310
155
163
144
107
107
310
170
139
121
142
102
147
129
145
126
310
162
156
105
310
143
168
80
132
141
147
80
151
162
79
133
150
161
310
129
89
109
310
174
114
109
310
310
130
310
127
131
130
111
310
85
86
310
139
170
138
598
155
310
123
310
153
155
118
134
310
310
310
88
121
133
116
159
78
187
141
97
104
171
310
132
171
104
310
310
96
102
310
82
144
89
156
196
139
310
134
109
105
310
148
89
310
102
135
176
114
310
139
310
166
107
123
144
109
143
139
504
119
156
101
178
310
142
120
124
310
310
135
105
115
132
310
166
169
90
160
93
110
310
164
180
109
174
310
119
310
124
310
122
118
310
121
107
310
310
109
85
144
79
125
164
310
162
166
123
103
148
154
96
135
172
132
310
91
141
310
114
113
310
202
83
122
142
89
132
120
310
124
310
310
88
310
136
310
169
181
145
124
102
192
310
132
143
156
145
137
105
171
165
115
146
134
310
310
161
130
310
310
109
123
121
310
144
140
142
136
102
193
110
143
310
142
153
88
129
104
115
131
116
95
78
87
88
310
122
98
106
110
78
129
133
124
310
127
167
310
156
104
82
119
139
110
310
103
310
310
310
310
92
148
310
310
310
161
102
310
141
87
423
95
195
171
151
98
78
100
94
116
140
140
119
170
157
144
177
108
310
90
310
310
153
310
310
310
79
185
138
149
156
155
135
102
151
130
102
310
196
310
114
110
310
132
151
310
138
129
107
310
310
121
123
147
310
113
310
100
84
310
310
83
86
141
115
310
107
310
145
137
95
310
209
310
310
87
164
132
151
130
116
190
141
141
310
169
119
82
163
86
310
170
85
217
144
82
124
310
127
310
310
208
310
150
129
191
155
120
310
93
310
152
310
310
149
119
310
310
310
111
310
178
89
310
310
310
310
310
107
310
149
310
105
142
89
94
310
107
310
310
310
108
114
130
145
81
98
310
310
84
117
310
113
132
105
310
272
310
137
137
125
151
80
310
90
310
131
310
140
83
105
310
126
310
136
310
140
310
122
80
113
143
86
310
130
122
310
310
112
310
94
310
133
106
144
83
270
310
112
207
310
82
89
310
96
310
152
89
140
164
116
310
144
102
310
116
310
310
310
310
95
141
105
131
85
310
92
78
310
113
310
127
174
139
184
99
110
310
310
310
118
310
136
116
124
162
133
310
119
151
101
156
175
94
144
310
310
128
110
310
310
310
92
142
105
97
310
310
105
310
310
310
135
174
78
98
310
111
133
310
88
131
82
119
86
109
105
156
130
310
310
310
310
310
310
310
82
115
310
81
99
85
94
78
310
85
310
129
117
113
94
310
145
83
110
145
85
310
93
310
310
88
310
185
310
78
310
310
84
118
310
310
99
310
119
110
310
79
78
78
129
154
129
310
154
310
310
310
310
310
310
310
310
310
310
310
310
310
191
310
124
103
310
140
310
310
310
125
603
310
310
310
255
145
310
128
137
97
310
109
138
86
310
122
310
117
310
310
310
179
310
159
310
310
107
186
310
310
310
125
132
93
106
97
310
310
310
310
87
310
157
81
104
310
310
181
310
310
310
310
147
140
310
88
310
98
310
310
310
136
310
310
91
146
310
310
112
115
128
310
122
310
99
137
110
127
106
310
108
78
137
310
310
310
120
116
78
157
310
310
82
86
79
310
97
88
153
78
107
98
101
112
106
310
310
116
310
111
310
106
86
310
310
310
310
310
110
111
310
78
132
88
174
78
310
132
89
88
231
83
310
92
310
78
84
89
149
117
93
310
310
158
310
310
310
119
190
100
126
310
90
108
104
310
310
103
310
310
310
128
110
310
113
310
90
110
310
116
310
310
100
110
310
310
310
310
310
110
310
78
84
95
310
310
91
78
87
310
310
310
111
310
126
310
93
154
120
121
85
310
128
310
162
97
105
130
78
310
188
310
310
385
150
310
310
158
141
310
310
129
110
310
167
310
310
152
123
120
150
310
97
138
118
177
121
310
310
106
164
193
310
310
310
310
122
153
101
310
310
310
310
98
150
217
310
80
310
310
310
310
310
95
78
310
310
136
83
310
310
310
186
310
83
310
78
310
98
310
310
310
310
78
310
310
660
310
310
310
153
310
310
97
111
88
310
310
310
78
310
118
140
88
310
310
122
192
150
310
122
310
310
310
310
310
224
310
284
310
85
310
140
122
110
310
116
114
160
310
310
310
111
116
310
310
91
81
310
310
310
131
310
150
102
78
78
310
115
310
310
100
310
310
310
87
310
310
310
310
84
87
288
95
310
310
129
310
310
310
310
310
103
310
111
310
310
310
160
153
93
310
143
124
310
310
310
109
310
310
310
310
310
310
310
105
310
310
140
310
89
310
310
310
129
310
310
310
120
79
310
310
310
310
86
310
310
310
310
310
123
123
310
310
310
107
412
310
109
97
310
190
310
107
135
310
310
145
310
310
310
310
88
310
116
104
310
310
310
135
310
310
127
310
100
310
113
122
310
310
124
310
81
310
310
310
310
119
310
310
310
310
310
91
310
81
310
310
99
310
310
310
310
80
107
310
310
310
310
310
310
310
133
310
109
116
146
310
78
106
310
78
310
310
310
141
310
310
310
310
310
310
310
310
310
132
98
310
310
310
310
105
310
310
127
310
310
83
310
106
310
310
310
310
310
310
310
310
121
310
310
78
142
106
87
310
79
310
310
310
85
92
310
310
310
310
310
310
310
95
310
95
78
104
118
310
310
96
310
310
310
310
310
310
310
310
147
80
310
85
154
140
310
113
310
89
136
180
100
310
128
121
310
310
310
310
133
310
134
310
104
310
82
310
310
310
310
310
190
310
310
310
122
310
310
310
310
310
310
310
310
310
310
310
78
310
113
310
310
310
94
310
106
310
310
156
310
236
310
310
95
109
310
111
102
310
115
310
310
310
83
310
310
310
155
536
310
310
142
88
464
310
310
100
310
79
310
140
151
84
310
310
310
83
310
310
310
310
310
310
310
121
310
310
145
310
310
310
310
310
310
310
310
128
155
310
99
87
310
310
116
310
310
106
122
117
78
310
310
310
310
115
310
117
145
134
310
149
310
310
88
310
110
310
310
310
188
310
310
310
310
310
310
79
310
310
310
310
310
310
310
310
310
310
310
310
310
164
116
310
310
310
310
310
120
97
310
310
310
310
310
310
255
310
149
78
310
146
310
124
310
310
107
80
310
310
310
310
310
103
310
310
310
85
310
310
95
310
310
310
310
310
310
85
310
310
310
310
107
310
310
310
310
310
310
310
310
130
310
310
310
310
310
310
310
310
310
310
310
310
310
310
310
86
310
167
173
310
310
310
310
127
310
310
310
310
135
310
310
164
110
310
122
95
310
95
310
106
310
310
129
310
310
310
310
310
310
310
310
310
310
79
310
310
310
158
310
310
310
310
310
310
310
103
310
310
310
310
310
111
310
310
310
111
310
310
310
310
310
310
82
310
310
111
310
310
143
310
310
310
96
310
310
310
108
310
310
310
310
310
85
689
157
310
310
102
310
109
310
310
310
310
310
310
310
310
310
310
310
114
89
310
310
310
310
310
310
95
310
310
310
310
310
310
310
128
310
310
310
310
115
310
310
105
310
310
310
78
92
96
310
310
310
310
310
310
78
310
310
133
310
310
310
310
310
105
310
310
162
310
88
310
310
78
310
149
310
310
310
310
310
310
310
310
78
81
310
310
310
310
310
113
78
310
310
310
78
310
310
310
310
119
310
92
99
125
310
310
310
310
310
310
310
127
310
126
310
143
310
310
310
92
97
310
310
310
310
310
310
310
115
310
93
79
310
139
310
310
310
81
310
310
310
310
310
310
310
78
310
110
310
310
310
310
310
310
78
79
310
310
310
310
310
310
86
310
310
310
310
310
310
152
310
310
310
80
141
310
310
310
310
310
99
310
310
310
310
310
310
310
310
310
310
92
121
310
162
310
123
310
310
94
310
310
746
310
310
140
310
310
310
310
310
310
310
310
310
310
310
310
310
96
310
310
310
86
310
310
310
310
310
310
310
310
310
310
310
310
310
310
310
310
310
310
310
133
310
310
310
184
310
310
151
104
310
150
135
310
310
310
310
310
89
129
87
310
310
310
138
310
131
310
310
310
310
310
84
86
310
144
310
310
310
310
97
310
310
310
91
310
310
310
310
144
310
98
310
310
310
310
310
310
310
164
310
310
310
310
310
310
310
310
310
137
156
310
310
310
94
310
310
310
310
310
80
310
310
310
310
310
310
147
310
310
310
310
310
310
310
310
310
310
310
310
112
310
310
310
310
310
310
310
310
310
310
112
310
78
90
121
310
310
310
310
310
310
310
310
310
310
148
310
310
310
310
310
310
310
310
310
102
101
310
310
310
310
310
310
145
310
310
78
310
310
310
310
310
310
310
310
111
310
310
89
310
310
310
112
310
310
310
310
78
310
310
310
310
310
310
310
310
310
310
310
310
310
310
310
310
310
310
310
310
310
310
310
310
310
310
310
310
310
310
310
310
310
310
310
310
310
114
310
310
310
310
310
310
310
310
310
310
310
310
310
310
310
310
310
310
310
310
310
310
310
310
310
310
136
310
310
310
150
88
310
100
310
303
310
310
310
86
310
310
310
310
310
310
310
110
310
310
310
310
310
310
310
179
310
310
310
310
310
310
138
310
310
310
310
532
310
310
310
310
310
310
310
310
310
310
310
310
310
310
310
310
310
127
310
310
78
310
310
127
310
310
310
310
310
310
310
310
310
310
310
310
310
310
310
93
310
310
310
114
310
310
310
310
310
310
310
310
310
310
310
310
202
78
310
310
131
310
310
105
310
310
310
310
310
310
93
310
310
310
310
310
310
310
310
310
310
310
310
149
310
310
310
310
310
106
310
310
310
310
310
310
90
78
310
310
310
310
78
310
310
310
310
310
310
310
310
310
310
310
310
310
310
310
310
310
310
310
310
310
112
310
310
310
310
310
310
89
310
310
82
310
310
105
310
310
310
310
310
310
167
310
310
310
310
310
310
310
310
135
310
310
310
310
310
310
310
310
310
310
310
310
310
310
310
310
310
310
310
310
310
310
310
310
310
310
310
310
310
310
310
78
310
310
310
310
310
310
310
310
126
310
310
310
310
310
310
310
310
310
310
310
310
310
310
186
310
310
310
310
310
310
310
310
310
310
310
310
310
310
310
138
310
310
310
310
310
310
310
310
310
310
310
310
170
80
310
310
310
310
120
90
102
310
310
310
105
310
310
88
159
310
310
310
310
310
310
86
310
310
310
310
310
310
310
310
107
310
310
310
310
310
310
310
310
310
310
310
310
310
310
310
310
148
310
310
158
310
310
310
310
310
310
310
310
310
310
310
310
310
310
310
310
310
310
310
310
310
310
310
310
78
310
310
310
310
310
78
310
310
310
310
310
310
310
310
310
83
310
310
310
310
310
310
310
310
310
310
310
310
85
310
310
310
310
310
310
310
127
310
310
132
310
310
310
310
154
310
310
310
310
310
310
310
78
310
310
310
310
310
310
146
310
310
310
310
310
310
310
113
310
310
310
310
310
310
310
310
310
310
310
310
310
310
310
310
310
310
78
310
310
310
310
310
310
310
310
310
105
310
310
310
310
82
310
310
101
310
310
310
310
310
310
310
310
310
310
310
310
310
310
310
310
310
310
310
310
310
120
310
310
310
310
310
310
310
310
310
310
78
310
310
310
310
310
310
310
310
310
310
310
310
310
310
310
310
310
310
310
310
310
310
150
310
310
310
310
310
310
310
310
310
310
310
310
310
310
383
310
310
310
310
310
310
147
310
310
310
310
310
310
310
310
102
310
310
310
310
79
310
310
310
310
310
310
310
310
310
310
310
310
310
310
310
310
310
310
310
310
310
310
310
310
310
310
310
310
310
310
310
310
310
310
310
310
310
310
90
310
310
310
310
310
310
310
169
310
310
310
310
310
310
310
310
310
166
310
310
310
130
310
310
310
310
310
310
310
310
310
310
310
310
310
310
310
310
310
310
310
310
310
310
310
78
310
310
310
310
310
310
310
310
310
310
140
310
310
310
310
310
310
310
310
310
310
310
140
172
310
310
310
310
310
310
310
310
310
310
310
310
134
310
310
310
310
310
310
310
310
310
310
310
310
310
310
99
310
310
310
310
310
310
310
310
310
310
310
310
310
131
310
310
310
310
310
310
310
310
310
310
80
310
310
310
310
310
310
310
310
310
310
310
152
310
310
310
310
310
310
78
310
310
310
310
310
310
310
310
310
310
310
310
310
310
310
310
310
310
310
310
310
310
310
310
310
310
310
310
120
310
310
82
310
310
310
310
310
310
310
310
310
197
310
310
310
310
91
310
310
310
310
310
310
310
310
164
310
310
310
310
310
310
79
310
310
310
310
310
310
310
310
310
310
310
310
310
78
310
310
310
310
310
310
310
310
310
310
310
310
310
310
153
310
310
310
310
310
112
310
310
310
310
310
310
310
310
310
310
310
310
310
127
310
310
310
159
310
310
103
310
310
310
310
310
88
171
310
310
310
310
310
310
310
310
310
310
310
310
310
310
310
310
310
310
310
310
310
310
310
310
310
310
310
310
310
310
310
310
310
310
103
310
310
310
310
310
310
310
310
310
310
195
310
310
310
310
310
310
310
310
310
310
310
310
156
310
310
310
310
310
310
310
310
310
310
310
310
310
310
310
310
310
310
310
310
310
310
78
310
310
310
310
310
310
310
310
310
310
310
310
310
310
310
310
310
310
310
310
310
310
310
310
310
310
310
310
310
310
310
310
310
310
310
310
310
310
310
310
310
310
310
310
310
310
310
310
310
310
310
310
310
310
310
310
310
310
310
310
310
310
310
310
310
310
310
310
310
310
310
310
310
310
310
310
310
310
310
310
310
310
310
310
310
310
310
310
310
310
310
310
310
310
310
310
310
310
310
310
310
310
310
310
310
310
310
310
310
310
310
310
310
310
310
310
310
310
310
310
310
310
310
310
310
310
310
310
310
310
310
310
310
310
310
310
310
310
82
310
310
310
310
310
310
310
310
310
310
310
310
310
310
310
310
310
310
310
310
310
525
310
310
89
97
310
310
146
310
310
310
310
310
310
310
310
310
310
310
310
310
310
310
310
310
310
310
310
310
310
78
310
310
89
310
310
310
310
310
78
310
310
310
310
310
310
310
310
310
310
310
310
310
310
310
310
310
310
310
310
310
310
310
310
310
310
310
310
310
310
310
310
310
310
310
310
310
310
310
310
310
310
81
310
310
310
310
310
310
310
310
310
310
310
310
310
310
310
310
310
310
310
158
310
310
310
310
310
310
310
310
310
310
176
310
310
310
310
310
310
310
310
310
310
310
310
310
310
310
310
310
310
310
310
310
310
310
310
310
310
310
310
310
310
310
310
310
310
310
233
310
310
310
310
310
310
310
310
310
310
310
310
310
310
310
310
310
310
310
310
310
310
310
310
310
310
310
310
310
310
310
310
83
310
310
310
310
310
189
310
310
310
310
310
310
310
310
310
310
310
310
310
310
310
310
310
310
310
310
310
310
310
310
310
90
310
310
310
310
310
310
310
310
310
310
310
310
310
310
310
310
310
310
310
310
310
310
310
310
310
310
310
310
310
310
156
310
152
310
310
310
310
310
310
310
310
310
310
310
310
310
310
310
113
310
310
310
310
310
310
310
310
310
310
310
310
310
310
310
310
310
310
310
310
310
84
310
310
310
310
310
310
310
310
310
310
310
310
310
310
264
310
310
310
310
310
310
310
310
310
310
310
78
310
310
310
310
310
310
310
310
310
310
310
78
310
310
310
310
310
310
310
310
310
310
205
310
79
310
310
310
310
310
310
310
310
310
310
310
310
310
78
310
310
310
310
310
310
310
310
111
310
310
310
310
310
310
310
310
310
310
310
310
310
310
310
104
95
310
310
310
310
310
310
310
310
310
310
94
310
310
310
310
310
310
310
310
310
310
310
310
310
310
310
310
310
310
310
310
310
310
310
310
310
310
310
310
310
310
165
310
331
310
310
310
310
78
310
310
310
310
310
310
310
310
310
310
310
310
310
310
310
310
310
310
310
310
310
310
310
310
310
310
310
310
310
310
310
310
310
310
310
310
310
310
111
310
310
310
310
310
310
310
310
310
310
310
310
310
310
310
310
310
310
310
310
310
310
310
310
310
310
310
310
310
310
310
310
310
310
310
310
98
310
310
310
310
310
310
310
310
310
310
310
310
310
310
310
310
310
310
310
310
310
310
310
310
140
310
310
310
310
310
310
310
310
310
310
310
310
310
310
310
310
310
310
310
310
310
310
310
310
310
310
310
310
310
310
310
310
79
310
310
310
310
310
310
310
310
310
310
310
310
310
310
310
310
310
310
310
310
310
310
310
310
310
310
310
310
310
310
310
310
310
458
310
227
310
310
310
310
310
310
310
310
310
310
310
310
310
310
310
310
310
310
310
310
310
310
310
310
310
310
310
310
310
310
310
310
310
310
310
310
310
310
310
310
310
310
310
310
310
310
310
310
310
310
310
310
310
310
310
310
310
310
310
310
310
310
310
310
310
310
310
310
310
310
310
310
310
79
334
310
310
310
310
310
310
310
310
310
310
310
310
310
310
310
310
310
310
310
310
310
310
310
310
155
310
310
310
310
310
310
310
310
310
310
310
310
310
310
310
310
310
310
212
310
310
310
310
310
310
310
310
310
310
310
310
310
310
310
310
310
310
310
310
310
310
310
310
310
310
310
310
310
310
96
310
310
310
310
310
310
310
310
310
310
310
310
310
310
310
310
310
310
310
310
310
310
310
310
78
310
310
310
310
310
310
310
310
310
310
310
310
310
131
310
310
310
310
310
310
310
310
310
310
310
310
310
310
310
310
310
310
310
310
310
310
310
310
310
310
310
310
310
310
310
310
310
310
310
310
310
310
310
310
310
310
310
310
208
310
310
310
310
310
310
310
310
310
310
310
310
94
310
310
310
310
310
310
310
310
310
310
310
310
310
310
310
310
310
310
310
310
310
310
310
310
310
310
310
310
310
310
310
310
310
310
310
310
310
310
310
310
310
310
310
310
310
310
310
310
310
310
310
310
310
310
310
310
310
310
310
310
310
310
239
310
310
310
310
310
310
310
310
310
310
91
310
80
310
310
310
310
310
310
310
310
310
310
310
95
310
310
310
310
310
310
310
310
310
310
233
310
310
78
310
310
310
310
203
310
310
310
310
310
310
79
310
310
310
310
310
310
310
310
310
310
310
310
310
310
310
310
310
310
310
310
310
310
310
310
310
310
310
310
310
310
310
310
310
310
310
310
310
146
310
310
310
310
310
310
310
310
310
310
310
310
310
310
310
310
78
310
310
310
310
310
310
310
310
310
310
310
310
310
310
310
310
310
310
310
310
310
310
310
310
310
310
310
310
310
310
310
310
310
310
310
310
310
310
310
310
310
310
310
310
310
310
310
310
310
310
310
310
310
310
310
310
310
310
310
310
310
310
310
310
310
310
310
310
310
310
310
310
310
310
310
310
310
310
833
310
310
310
310
310
310
90
310
310
310
310
310
310
310
310
310
310
310
310
310
310
310
310
310
310
310
310
310
310
310
310
310
310
310
310
310
310
310
310
310
310
310
310
310
310
310
310
310
310
310
310
310
310
310
310
310
310
310
310
310
310
310
310
310
310
310
310
310
310
310
310
310
310
310
310
310
128
310
310
310
310
189
310
310
310
310
310
310
310
310
310
310
310
310
310
310
310
310
310
310
310
310
310
310
310
310
310
310
310
310
310
310
89
310
310
310
310
310
310
310
310
310
310
310
310
310
310
310
310
310
310
310
310
310
114
310
310
310
310
310
310
310
310
310
310
310
310
310
310
310
310
310
310
310
310
310
310
310
310
310
310
310
310
310
310
310
310
310
310
310
310
310
310
310
310
310
310
310
310
310
310
310
310
310
310
310
310
310
310
310
310
310
310
310
310
310
310
310
310
310
310
310
310
310
310
310
310
310
310
310
310
310
310
310
310
310
310
310
310
310
310
310
310
310
310
310
310
310
310
310
170
310
310
310
310
310
310
310
310
310
310
310
310
310
310
310
310
310
310
310
310
310
310
310
310
310
310
310
310
310
310
310
310
310
310
310
310
310
310
310
310
310
310
310
310
310
310
310
310
310
310
111
310
310
310
310
310
310
310
310
310
310
310
310
310
310
310
310
310
310
310
310
310
310
310
178
310
310
310
310
310
310
310
310
310
310
310
310
310
310
310
310
310
310
310
310
125
310
310
310
310
310
310
310
310
310
310
310
310
310
310
310
310
310
310
310
310
310
310
310
310
310
310
310
310
310
310
310
310
310
310
310
310
310
310
310
310
310
310
128
310
310
310
310
310
310
310
310
310
310
310
310
310
310
310
310
127
310
310
310
310
310
310
310
310
310
310
310
310
87
310
310
310
310
310
310
310
310
310
310
310
310
310
310
310
310
310
310
310
310
310
310
189
310
310
310
310
310
310
310
310
310
310
310
310
104
310
310
310
310
310
310
310
310
310
310
310
310
310
310
310
310
310
310
310
310
310
310
310
310
310
310
310
310
310
310
310
310
310
310
310
310
310
310
310
310
310
310
310
310
310
310
310
310
310
310
310
310
310
310
310
310
310
310
310
310
310
310
310
310
310
310
310
310
310
310
310
310
310
310
310
310
310
310
181
310
310
310
310
310
310
310
310
310
310
310
310
310
310
310
310
310
310
310
310
92
310
310
310
310
310
310
310
310
310
310
310
310
310
310
310
310
310
310
119
310
310
310
310
310
310
310
310
310
310
310
310
310
310
310
310
310
310
310
310
310
310
310
310
310
310
310
310
310
310
310
310
310
310
310
310
310
310
310
310
310
310
310
310
310
310
310
310
310
310
310
310
310
310
310
310
310
310
310
310
310
310
310
310
310
310
310
310
310
310
310
310
310
310
310
310
310
310
310
310
310
310
310
310
310
310
310
310
310
310
310
310
310
310
310
310
310
310
310
310
310
310
310
310
310
310
310
310
310
310
310
310
310
310
310
310
310
310
310
310
310
310
310
310
310
310
310
310
310
310
310
310
310
310
112
310
310
310
310
310
310
310
310
310
310
310
310
310
310
310
310
310
310
310
310
310
310
310
310
310
310
310
310
310
310
310
310
310
310
310
310
310
310
310
310
310
310
310
310
310
310
310
310
310
310
310
310
310
310
310
310
89
310
310
310
310
310
176
310
310
310
310
310
310
310
310
310
310
310
310
310
310
310
310
310
310
310
310
310
310
310
310
310
310
310
310
310
310
310
310
310
310
310
310
310
310
310
310
310
310
310
310
310
310
310
310
310
310
310
310
310
404
310
310
310
310
310
310
310
310
310
310
310
310
310
310
310
310
310
310
310
310
310
310
310
310
310
310
310
310
310
310
310
310
310
310
310
310
310
310
310
310
310
310
310
310
310
310
310
310
310
310
310
310
310
310
310
310
310
310
310
310
310
310
310
310
310
310
310
310
310
310
310
310
310
310
310
310
310
310
310
310
310
310
310
310
310
310
310
310
310
310
310
310
310
310
310
310
310
310
382
310
310
310
310
310
310
310
310
310
310
310
310
310
310
310
310
310
310
310
310
310
310
310
310
310
310
310
310
310
310
310
310
310
310
310
310
310
310
310
310
310
310
310
310
310
310
310
310
310
310
310
310
310
310
310
310
310
310
310
310
310
310
310
310
310
310
310
310
310
310
310
310
310
310
310
310
310
310
310
310
310
310
310
310
310
310
310
310
310
310
310
310
310
310
310
310
310
310
310
310
310
310
310
310
310
310
310
310
310
310
310
310
310
310
310
310
310
310
310
310
310
97
310
310
481
310
310
310
310
310
310
310
310
310
310
310
310
310
310
310
310
310
310
310
310
310
310
310
310
310
310
310
310
310
310
310
310
310
310
310
310
310
310
310
310
310
310
310
310
310
310
310
310
310
310
310
310
310
310
310
310
310
310
310
310
310
310
310
310
310
310
310
310
310
310
310
310
310
310
310
310
310
310
310
310
310
310
310
310
310
310
310
310
310
310
310
310
310
310
310
310
310
310
310
310
310
310
310
310
310
310
310
310
310
310
310
310
310
310
310
310
181
310
310
310
310
310
95
310
310
310
310
310
310
310
310
310
310
310
310
310
310
310
310
310
310
310
310
310
310
310
310
310
310
310
310
310
310
310
310
310
310
310
310
310
310
310
310
310
310
310
310
310
310
310
310
310
310
310
310
310
310
310
310
310
310
178
310
310
310
310
310
310
310
310
310
310
310
310
310
310
310
310
310
310
310
310
310
310
310
310
310
310
310
310
310
310
310
310
310
310
310
310
310
310
310
310
310
310
310
310
310
310
310
310
310
310
310
310
109
310
310
310
310
310
106
310
310
310
310
310
310
310
310
310
310
310
578
310
310
310
310
310
310
310
310
310
310
310
310
310
310
310
310
310
310
310
310
310
310
310
310
310
310
310
310
310
310
310
310
310
310
310
310
310
310
310
310
310
310
310
310
310
310
310
310
310
310
310
310
310
310
310
310
310
310
310
310
310
310
310
310
310
310
310
310
310
310
310
310
310
310
310
310
310
310
310
310
310
310
310
310
310
310
310
310
310
310
310
310
310
310
310
310
310
310
310
310
310
310
310
310
310
310
310
310
310
310
310
310
310
310
310
310
310
310
310
310
310
310
310
310
310
310
310
310
310
310
310
310
310
310
310
310
310
310
310
310
310
310
310
310
310
310
310
310
310
310
310
310
310
310
310
310
310
310
310
310
310
310
310
310
310
310
310
310
310
310
310
310
310
310
152
310
310
310
310
310
310
310
310
310
310
310
310
310
310
310
310
310
310
310
310
310
310
310
310
310
310
310
310
310
310
310
310
310
310
310
310
310
310
310
310
310
310
310
310
310
310
310
310
310
310
310
310
133
310
310
310
310
310
310
310
310
310
310
310
310
310
310
310
310
310
310
310
310
310
310
310
310
310
310
310
310
310
310
310
310
310
310
310
310
310
310
310
310
310
310
310
310
310
310
310
310
310
310
310
310
310
310
310
310
310
310
310
310
310
310
310
310
310
310
310
310
310
310
310
310
310
310
310
310
310
495
310
310
310
310
310
310
310
310
310
310
310
310
310
310
310
310
310
154
310
310
310
310
310
310
310
310
310
310
310
446
310
310
310
310
310
310
310
310
310
310
310
310
310
310
310
310
310
310
310
310
310
310
310
310
310
310
310
310
310
310
310
310
310
310
310
310
310
310
310
310
310
310
310
310
310
310
310
310
310
310
310
310
310
310
87
310
310
310
310
310
310
310
310
310
310
310
310
310
310
310
310
310
310
310
310
310
310
310
310
310
310
310
310
310
310
310
365
310
310
310
310
310
310
310
310
310
310
310
310
310
310
310
310
310
310
310
310
310
310
310
310
310
310
310
310
310
310
310
310
310
310
310
310
310
310
310
310
310
310
310
310
310
310
310
310
310
310
310
310
310
310
310
310
310
310
310
310
310
310
310
310
310
310
310
310
310
310
310
310
310
310
310
310
310
310
310
310
310
310
310
310
310
310
310
310
310
310
310
310
310
310
310
310
310
310
310
310
310
310
310
310
310
310
310
310
310
310
310
310
310
310
310
310
310
310
310
310
310
310
310
310
310
310
310
310
310
310
310
310
310
310
310
310
310
310
310
310
310
310
310
310
310
310
310
310
310
310
310
310
310
310
310
310
310
310
310
310
310
310
310
310
310
310
310
310
480
310
310
310
310
310
310
310
310
310
310
310
310
310
310
310
310
310
310
310
310
310
310
310
310
310
310
310
310
310
310
310
310
310
310
310
310
310
310
310
310
310
310
310
310
310
310
310
310
310
310
310
310
310
310
310
310
310
310
310
310
310
310
310
310
310
310
310
310
310
310
310
310
310
310
310
310
310
310
310
310
310
310
310
310
310
310
310
310
310
310
310
310
310
310
310
310
310
310
310
310
310
310
310
310
310
310
310
310
310
310
310
310
310
310
310
310
310
310
310
310
310
310
310
310
310
310
310
84
310
310
310
310
310
310
310
310
310
310
310
310
310
310
310
310
310
310
310
310
310
310
310
310
310
310
310
310
310
310
310
310
310
310
310
310
310
310
310
310
310
310
310
310
310
310
310
310
310
310
310
310
310
310
310
310
310
310
310
310
310
310
310
310
310
310
310
310
310
310
310
310
310
310
310
310
310
310
310
310
310
310
310
310
310
310
310
310
310
310
310
310
310
310
310
310
310
310
310
310
310
310
310
310
310
310
310
310
310
310
310
310
310
310
310
310
310
310
310
310
310
310
310
310
310
310
310
310
310
310
310
310
310
310
310
310
310
310
310
310
310
310
310
310
310
310
310
310
310
310
310
310
310
310
310
310
310
310
310
310
310
310
310
310
310
310
310
153
310
310
310
310
310
310
310
310
310
310
310
310
310
310
310
310
310
310
310
310
310
310
310
310
310
310
310
310
310
310
310
310
310
310
310
310
310
310
310
310
310
310
310
310
310
310
310
310
310
310
310
310
310
310
310
310
310
310
310
310
310
310
310
310
310
310
310
310
310
310
310
310
310
310
310
310
310
310
310
310
310
310
310
310
310
310
310
310
310
310
310
310
310
310
310
310
310
310
310
310
310
310
310
310
310
310
310
310
310
310
310
310
310
310
310
310
310
310
310
310
310
310
310
310
310
310
310
310
310
310
310
310
310
310
310
310
310
310
310
310
310
310
310
310
310
310
310
310
310
310
310
310
310
310
310
310
310
310
310
310
310
310
310
310
310
310
310
310
310
310
310
310
310
310
310
310
310
310
310
310
310
310
310
310
310
310
310
310
310
310
310
310
310
310
310
310
310
310
310
310
310
310
310
310
310
310
310
310
310
310
310
310
310
310
310
310
310
310
310
310
310
310
310
310
310
310
310
310
310
310
319
310
310
310
310
310
310
310
310
310
310
310
310
310
310
310
310
310
310
310
310
310
310
310
310
310
156
310
310
310
310
310
310
310
310
310
310
310
310
310
310
310
310
310
310
310
310
310
310
310
310
310
310
310
310
310
310
310
310
310
310
310
310
310
310
310
310
310
310
310
310
310
310
310
310
310
310
310
310
310
310
310
310
310
310
310
310
310
310
310
310
310
310
310
310
310
310
310
310
310
310
310
310
310
310
310
310
310
310
310
310
310
310
310
310
310
310
310
310
310
310
310
310
310
310
310
310
310
310
310
310
310
310
310
310
310
310
310
310
310
310
310
310
310
310
310
310
310
310
310
310
310
310
310
310
310
310
310
310
310
310
310
310
310
310
310
310
310
310
310
310
310
310
310
310
310
310
310
310
310
310
310
310
310
310
310
310
310
310
310
310
310
310
310
310
310
310
310
310
310
310
310
310
310
310
310
310
310
310
310
310
310
310
310
310
310
310
310
310
310
310
310
310
310
310
310
310
310
310
310
310
310
310
310
310
310
310
310
310
310
310
310
310
310
310
310
310
310
310
310
310
310
310
310
310
310
310
310
310
310
310
310
310
310
310
310
91
310
310
310
310
310
310
310
310
310
310
310
310
310
310
310
310
310
310
310
310
310
310
310
310
310
310
310
310
310
310
310
310
310
310
310
310
310
310
310
310
310
310
310
310
310
310
310
310
310
310
310
310
310
310
310
310
310
310
310
310
310
310
310
310
310
310
310
310
310
310
310
310
310
310
310
310
310
310
310
310
310
310
310
310
310
310
310
310
310
310
310
310
310
310
310
310
310
310
310
310
310
310
310
310
310
310
310
310
310
310
310
310
310
310
310
310
310
310
310
310
310
310
310
310
310
310
310
310
310
310
310
310
310
310
186
310
310
310
310
310
310
310
310
310
310
310
310
310
310
310
310
310
310
310
310
310
310
310
310
310
310
310
310
310
310
310
310
310
310
310
310
310
310
310
310
310
310
310
310
310
310
310
310
310
310
310
310
310
310
310
310
310
310
310
310
310
310
310
310
310
310
310
310
310
310
310
310
310
310
310
310
310
310
310
310
310
310
310
310
310
310
310
310
310
310
310
310
310
310
310
310
310
310
310
310
310
310
310
310
310
310
310
310
310
310
310
310
310
310
310
310
310
310
310
310
310
310
310
310
310
310
310
310
310
310
310
310
310
310
310
310
310
310
310
310
310
310
310
310
310
310
310
310
310
310
310
310
310
558
310
310
310
310
310
310
310
310
310
310
310
310
310
310
310
310
310
310
310
310
310
310
310
310
310
310
310
310
310
310
310
310
310
310
310
310
310
310
310
310
310
310
310
310
310
310
310
310
310
310
310
310
310
310
310
310
310
310
168
310
310
162
310
310
310
310
310
310
310
310
310
310
310
310
310
310
310
310
310
310
310
310
310
310
310
310
310
310
310
310
310
310
310
310
310
310
310
152
310
310
310
310
310
310
310
310
310
310
310
310
310
310
310
310
310
310
310
310
310
310
310
310
310
310
310
310
310
310
310
310
310
310
310
310
310
310
310
310
310
310
310
310
310
310
310
310
310
310
310
310
310
310
310
310
310
310
310
310
310
310
310
310
310
310
310
310
310
310
310
310
310
310
310
310
310
310
310
310
310
310
310
310
310
310
310
310
310
310
310
310
310
310
310
310
310
310
310
310
310
310
310
310
310
310
310
310
310
310
310
310
310
310
310
310
310
310
310
310
310
310
310
310
310
310
310
310
310
310
310
310
310
310
310
310
310
310
310
310
310
310
310
310
310
310
310
310
310
310
310
310
310
310
310
310
310
310
310
310
310
310
310
310
310
310
310
310
310
310
310
310
310
310
310
310
310
310
310
310
310
310
310
310
310
310
310
310
310
310
310
310
310
310
310
310
310
310
310
310
310
310
310
310
310
310
310
310
310
310
310
310
310
310
310
310
310
310
310
310
310
310
310
310
310
310
310
310
310
310
310
310
310
310
310
310
310
310
310
310
310
310
310
310
310
310
310
310
310
310
310
310
310
310
310
310
310
310
310
310
310
310
310
310
310
310
310
310
310
310
310
310
310
310
310
310
310
310
310
310
310
310
310
310
310
310
310
310
310
310
310
310
310
310
310
310
310
310
310
310
310
310
310
310
310
310
310
310
310
310
310
310
310
310
310
310
310
310
310
310
310
310
310
310
310
310
310
310
310
310
310
310
310
310
310
310
310
310
310
310
310
310
310
310
310
310
310
310
310
310
310
310
310
310
310
310
310
310
310
310
310
310
310
310
310
310
310
310
310
310
310
310
310
310
310
310
310
310
310
310
310
310
310
310
310
310
310
310
310
310
310
310
310
310
310
310
310
310
310
310
310
310
310
310
310
310
310
310
310
310
310
310
310
310
310
310
310
310
310
310
310
310
310
310
310
310
310
310
310
310
310
310
310
310
310
310
310
310
310
310
310
310
310
310
310
310
310
310
310
310
310
310
310
310
310
310
310
310
310
310
310
135
310
310
310
310
310
310
310
310
310
310
310
310
310
310
310
310
310
310
310
310
310
310
310
310
310
310
310
310
310
310
310
310
310
310
310
310
310
310
310
310
310
310
310
310
310
310
310
310
310
310
310
310
310
310
310
310
310
310
310
310
310
310
310
310
310
310
310
310
310
310
310
310
310
310
310
310
310
310
310
310
310
310
310
310
310
310
310
310
310
310
310
310
310
310
310
310
310
310
310
310
310
310
310
310
310
310
310
310
310
310
310
310
310
310
310
310
310
310
310
310
310
310
310
310
310
310
310
310
310
310
310
310
310
310
310
310
310
310
310
310
310
310
310
310
310
310
310
310
310
310
310
310
310
310
310
310
310
310
310
310
310
310
310
310
310
310
310
310
310
310
310
310
310
310
310
310
310
310
310
310
310
310
310
310
310
310
310
310
310
310
310
310
310
310
310
310
310
310
310
310
310
310
310
310
310
310
310
310
310
310
310
310
310
310
310
310
310
310
310
310
310
310
310
310
310
310
310
310
310
310
310
310
310
310
310
310
310
310
310
310
310
310
310
310
310
310
310
310
310
310
310
310
310
310
310
310
310
310
310
104
310
81
310
310
310
310
310
148
310
310
310
310
310
310
310
310
310
310
310
160
310
310
310
310
310
310
310
310
310
310
310
310
310
310
310
310
310
310
310
310
310
310
310
310
310
310
310
310
310
310
310
310
310
310
310
310
310
310
310
310
310
310
310
310
310
310
310
310
310
310
310
310
310
310
310
310
310
310
310
310
310
310
310
310
310
310
310
310
310
310
310
310
310
310
310
310
310
310
310
310
310
310
310
310
310
310
310
310
310
310
310
310
310
310
310
310
310
310
310
310
310
310
310
310
310
109
310
310
310
310
310
310
310
310
310
310
310
310
310
310
310
310
310
310
310
310
310
310
310
310
310
310
310
310
310
310
310
310
310
310
310
310
310
310
310
310
310
310
310
310
310
310
310
310
310
310
310
310
310
310
310
310
310
310
310
310
310
310
310
310
310
310
310
310
310
310
310
310
310
310
310
310
310
310
310
310
310
310
310
310
310
310
310
310
310
310
310
310
310
310
310
310
310
310
310
310
310
310
310
310
310
310
310
310
310
310
310
310
310
310
310
310
310
310
310
310
310
310
310
310
310
310
310
310
310
310
310
310
310
310
310
310
310
310
310
310
310
310
310
310
310
310
310
310
310
310
310
310
310
310
310
310
310
310
310
310
310
310
310
310
310
310
310
310
310
310
310
310
310
310
310
310
310
310
310
310
310
310
310
310
310
310
310
310
310
310
310
310
310
310
310
310
310
310
92
310
310
310
310
310
310
310
310
310
310
310
310
310
310
310
310
310
310
310
310
310
310
310
310
310
310
310
310
310
310
310
310
310
310
310
310
310
310
310
310
310
310
310
310
310
310
310
310
310
310
310
310
310
310
310
310
310
310
310
310
310
310
310
310
310
