1065
1092
967
934
907
1054
884
845
885
580
849
952
905
655
850
916
696
772
720
765
792
671
709
1589
840
703
455
719
2431
945
1492
573
445
848
912
817
1569
1192
449
797
672
421
797
1122
1215
2037
912
503
578
646
370
408
386
373
542
395
503
420
657
482
617
442
476
495
393
482
456
418
426
438
968
487
393
622
800
374
1210
364
482
567
382
421
488
440
450
480
439
350
421
974
394
450
347
403
464
338
666
458
387
367
489
352
489
1078
455
348
398
353
687
537
370
529
516
350
387
374
328
377
360
317
409
480
409
505
441
379
352
2431
391
323
411
344
694
409
383
372
323
495
413
482
368
441
398
388
415
451
2037
381
481
402
438
447
372
397
389
405
445
367
388
549
493
433
423
387
313
400
358
373
407
434
501
442
385
420
361
397
340
758
376
909
326
457
265
369
456
339
353
358
1569
366
3449
451
314
346
359
406
601
452
441
330
398
1061
435
680
369
625
371
1052
371
396
717
591
579
498
943
378
328
338
404
399
352
341
432
400
372
353
336
800
694
694
478
414
459
330
584
478
380
1189
327
506
534
456
456
386
532
365
529
337
530
427
415
760
505
312
373
515
312
413
286
351
402
415
375
544
326
376
333
441
363
346
438
438
377
367
491
406
346
682
650
378
730
354
321
438
387
421
422
332
386
484
325
561
613
339
430
336
412
384
442
323
359
567
353
341
389
367
675
553
410
340
399
408
410
371
1189
1487
383
776
427
334
722
326
381
593
802
878
468
314
375
500
422
369
388
298
366
529
1238
467
310
317
390
384
303
430
637
362
869
268
775
343
412
361
331
373
704
382
361
952
380
290
282
388
840
350
538
346
407
338
458
519
861
342
342
360
335
1245
440
358
527
426
375
388
313
339
483
334
346
347
401
268
759
1058
412
656
288
353
280
426
391
1508
558
335
885
458
441
455
347
369
389
413
383
356
334
622
434
264
354
397
617
525
341
309
334
1127
1023
371
276
365
299
337
326
473
346
326
355
303
449
326
334
372
385
391
493
384
337
396
411
374
322
326
348
402
349
884
322
388
462
332
636
681
368
266
446
406
310
330
450
402
418
233
416
320
458
645
479
526
327
337
724
435
358
1589
905
356
890
266
303
858
3449
368
363
336
282
1357
413
327
291
254
472
387
333
308
359
390
2280
382
304
660
606
471
418
300
329
607
405
211
388
292
365
387
399
334
402
337
307
357
327
451
347
320
660
416
264
393
232
302
562
382
426
468
459
385
409
327
338
393
1170
504
521
1364
507
315
429
389
434
324
290
355
330
354
519
341
417
330
348
338
224
404
165
366
434
660
462
382
512
660
331
445
421
281
302
397
336
447
399
489
364
426
488
478
1335
327
257
329
221
267
289
291
389
387
361
382
370
351
259
314
725
284
267
426
306
432
327
722
660
363
379
382
281
501
191
440
379
312
186
328
451
302
243
237
281
298
273
364
312
411
281
343
330
424
270
306
395
305
500
660
395
356
357
335
443
335
551
341
413
660
411
311
660
461
259
329
255
660
396
486
331
561
218
434
266
323
274
320
354
362
500
282
276
222
334
269
304
474
391
294
602
279
312
358
463
274
308
317
417
471
460
339
385
441
325
343
255
269
297
503
371
291
449
216
356
362
311
246
222
355
377
850
356
349
307
380
288
353
297
297
328
660
173
315
275
331
334
660
441
484
338
406
374
434
432
361
318
310
345
326
427
303
347
352
297
660
450
435
370
564
3449
345
305
377
374
165
407
256
318
300
660
393
296
660
287
329
383
320
310
271
323
418
414
341
776
973
401
307
292
311
336
624
582
298
618
299
356
357
687
660
326
375
234
331
381
323
204
347
206
1213
320
255
316
391
443
300
389
329
307
315
295
196
272
310
349
244
298
278
492
354
259
243
173
308
227
406
259
278
337
302
301
515
298
356
337
332
354
336
327
279
442
560
660
342
461
754
426
323
336
556
244
391
480
369
322
443
336
334
303
426
294
210
325
290
660
213
454
332
264
324
176
313
297
336
426
359
304
811
338
332
309
358
320
732
237
660
431
247
382
257
240
697
660
425
250
429
291
240
779
383
466
216
973
295
367
260
206
306
428
191
588
184
387
251
372
237
394
318
406
272
578
660
244
377
284
312
332
238
278
660
414
349
336
1335
268
304
361
323
373
344
284
392
254
561
486
396
356
268
341
334
346
271
346
349
402
342
660
263
660
312
375
299
473
434
402
366
230
479
261
319
251
291
322
324
295
201
660
277
314
328
350
248
1238
259
351
391
350
660
559
279
261
167
293
281
371
660
215
306
660
660
660
296
190
284
265
175
326
301
392
431
763
660
412
269
430
1407
368
660
660
226
276
325
538
296
369
173
310
327
262
278
315
261
247
321
337
242
208
506
285
288
1357
552
1497
238
309
368
438
293
660
296
414
196
660
318
279
660
280
329
313
322
299
217
233
809
328
251
315
275
379
269
357
236
469
219
174
306
452
324
277
660
309
289
1054
384
332
237
266
226
672
367
374
1054
302
329
287
533
287
384
317
301
315
624
305
347
601
267
328
356
323
322
660
660
381
326
305
335
324
330
660
328
362
296
494
214
287
222
363
256
349
395
266
330
400
437
660
330
568
272
551
326
213
174
334
241
660
184
660
382
450
281
576
660
660
443
420
329
337
358
274
273
272
301
270
294
236
562
284
316
442
491
361
315
230
316
301
660
335
266
343
266
660
368
2280
406
372
660
219
431
236
275
297
344
358
416
312
426
409
319
660
621
333
660
357
440
693
660
263
660
309
202
175
394
660
1173
394
323
660
298
660
304
217
308
468
422
427
563
295
277
300
326
278
262
268
335
532
483
660
660
419
245
212
320
406
192
279
300
358
208
324
217
660
522
318
250
1061
213
235
660
660
435
1492
334
287
274
308
206
238
186
660
660
323
495
304
422
666
227
273
660
322
281
219
328
343
334
602
401
326
301
1730
386
660
260
376
504
321
213
660
369
1328
660
398
168
660
660
347
281
389
335
308
448
305
270
258
232
165
453
660
339
312
237
660
317
300
660
869
961
296
660
420
405
370
191
337
1160
343
236
237
504
354
410
538
399
366
660
247
660
345
327
256
660
301
393
336
240
660
333
371
568
326
483
169
697
457
345
280
406
227
1508
315
290
261
309
276
660
660
660
487
452
205
237
314
292
347
435
317
367
313
360
324
660
337
660
379
660
281
660
249
331
380
301
315
318
389
392
660
232
358
250
271
660
177
660
236
277
165
167
330
660
271
217
281
298
214
310
328
295
203
1023
660
660
377
660
329
512
660
295
505
409
660
301
246
238
335
324
330
1487
332
334
660
188
440
229
220
350
305
279
238
348
293
427
206
660
309
281
249
660
660
196
173
330
316
318
660
248
211
299
285
205
672
660
312
286
282
360
266
353
660
167
483
247
660
437
339
226
283
289
360
660
312
375
342
217
286
336
244
660
296
660
282
180
660
314
345
660
291
660
367
660
214
285
236
204
341
274
307
322
227
363
660
248
205
240
391
314
369
383
301
338
394
660
492
316
255
660
180
216
295
573
285
179
660
660
432
593
201
365
186
660
660
466
540
226
249
318
386
283
282
348
660
668
432
165
317
330
312
359
204
244
307
227
287
236
644
685
238
335
240
423
439
332
419
472
660
660
660
304
385
545
660
660
442
329
660
660
660
250
384
279
268
660
249
559
300
660
362
257
359
660
255
218
366
660
660
256
248
295
660
660
325
660
271
660
298
660
660
236
229
365
262
660
660
243
241
251
271
403
331
329
319
319
660
311
660
660
222
319
408
660
660
367
283
406
181
272
346
236
315
342
326
660
244
227
660
411
424
660
660
317
660
385
362
660
290
660
660
660
660
440
273
308
660
304
222
311
292
660
660
660
735
258
660
269
181
293
316
1699
227
195
660
352
333
660
660
660
660
572
660
318
283
660
319
242
304
660
348
660
660
660
660
660
319
270
255
202
175
217
660
660
660
300
209
205
660
219
225
254
313
336
290
417
1699
338
548
660
660
312
272
250
315
335
243
237
463
326
252
660
660
246
376
660
228
351
660
266
210
355
276
288
270
541
496
311
268
660
219
660
345
337
197
660
398
353
241
660
330
660
328
305
660
376
660
338
238
204
289
660
704
660
660
269
660
303
333
660
246
299
379
428
303
660
660
328
200
660
660
345
261
660
296
371
660
243
267
660
660
660
172
478
337
236
230
335
361
196
233
660
231
660
302
311
660
342
305
296
660
396
660
660
214
660
325
265
244
325
244
319
660
660
439
259
660
660
660
660
372
225
660
402
281
660
165
660
382
206
660
297
246
660
297
298
286
660
301
660
625
660
660
331
316
282
660
660
660
193
171
504
660
208
302
282
660
581
660
204
257
338
284
165
188
660
660
228
660
660
660
233
347
300
418
660
660
266
349
165
319
660
660
188
660
365
475
225
267
204
660
290
280
660
660
621
300
660
215
317
660
660
176
660
660
281
660
274
660
307
660
325
252
342
300
171
366
494
388
660
350
660
200
660
660
283
278
660
267
660
308
1101
660
660
489
210
222
660
301
660
272
660
348
302
660
660
660
697
660
295
660
264
358
660
323
228
186
660
212
545
284
303
660
391
269
476
165
441
252
180
558
444
660
171
333
317
232
166
506
283
230
331
308
266
296
309
253
660
269
660
660
179
325
192
361
370
660
329
313
1065
660
660
287
660
464
660
660
660
334
660
300
306
333
368
448
228
467
318
168
660
404
285
464
660
349
307
259
287
226
259
324
660
660
258
660
418
400
276
660
643
302
214
437
344
660
660
342
279
202
1407
175
660
416
660
361
255
660
193
334
300
660
345
660
182
236
197
256
332
394
663
660
273
257
361
276
660
660
277
319
1598
345
211
660
660
291
253
165
222
308
278
660
339
660
381
660
236
215
660
660
290
354
263
410
327
660
660
215
247
239
334
1521
254
660
660
413
660
273
165
660
294
398
660
660
206
660
261
660
660
660
660
1052
282
660
635
261
240
388
660
660
660
660
227
3603
282
436
170
660
175
272
293
336
236
660
256
301
197
382
660
310
241
660
290
1786
277
334
608
660
370
318
223
174
167
660
660
339
317
174
214
271
257
228
660
660
660
285
660
660
171
660
310
291
278
660
744
660
660
444
323
256
240
172
172
219
660
660
275
660
173
660
660
551
318
170
208
263
172
660
660
273
660
510
414
660
798
195
295
208
660
385
660
660
267
176
660
307
299
660
323
660
276
660
231
660
205
253
314
968
211
660
660
660
660
660
1002
660
660
250
235
165
660
259
660
264
262
660
183
201
281
266
660
165
660
250
1075
590
213
268
512
660
660
660
531
660
185
660
660
754
552
660
660
660
218
253
222
660
285
284
205
673
217
660
358
660
660
660
384
199
186
169
203
277
660
275
253
383
165
399
328
207
271
660
530
294
660
272
660
304
660
394
660
242
660
277
272
311
264
660
660
205
215
660
660
302
317
660
226
660
185
246
194
165
660
660
660
660
214
660
848
660
660
660
660
660
241
376
660
660
660
660
660
660
660
166
660
660
326
660
660
292
263
270
660
166
660
270
270
191
165
660
660
256
529
660
660
660
211
660
660
200
296
255
214
3449
365
283
1054
660
287
170
660
268
249
212
365
660
251
234
1173
223
660
302
169
266
319
660
369
660
660
194
660
660
660
660
660
339
201
660
210
245
1618
403
207
660
311
660
660
660
217
660
343
343
660
196
346
660
452
660
314
660
660
660
660
172
313
660
389
216
262
273
322
660
278
262
660
264
660
660
660
349
276
366
660
374
195
214
554
212
245
197
331
287
302
660
293
354
660
738
660
191
225
660
660
181
290
214
258
202
290
177
660
365
345
660
660
205
660
203
555
660
660
660
245
660
660
324
660
264
171
660
218
2054
217
660
660
660
192
253
660
171
193
211
333
660
779
166
660
318
379
187
330
231
660
660
304
660
1092
660
223
200
306
660
266
660
295
245
285
660
660
660
660
660
302
470
370
248
660
311
660
248
215
236
660
515
272
581
660
249
293
285
660
660
310
660
660
660
194
277
337
660
358
385
229
175
660
180
217
660
660
660
660
660
660
350
232
239
660
272
380
660
660
660
660
307
660
362
329
279
660
530
407
430
297
176
292
183
660
660
660
332
660
335
375
271
660
166
294
303
660
660
258
212
660
224
660
170
660
260
660
660
244
254
660
484
289
660
286
660
660
363
331
660
232
181
660
660
660
660
660
256
660
238
660
306
256
660
376
660
370
521
660
190
273
660
660
277
417
354
660
660
660
265
275
307
660
198
660
660
209
822
190
660
660
177
277
266
245
205
660
660
318
214
660
267
167
660
504
660
660
254
336
177
241
660
172
177
660
319
326
268
660
660
349
495
660
392
660
325
660
262
660
660
660
321
660
660
660
213
660
660
167
165
418
362
660
660
241
660
660
165
278
165
174
763
208
660
660
660
660
660
384
363
169
660
660
660
660
256
284
358
660
660
341
217
660
175
290
204
250
238
202
660
660
326
529
320
660
315
660
290
268
660
660
660
660
317
660
660
660
660
241
660
215
174
660
211
660
247
660
660
676
660
660
241
660
660
338
294
660
217
223
660
660
276
282
660
660
305
782
660
206
292
660
660
660
330
660
660
244
468
660
245
660
286
345
660
296
224
660
660
660
249
226
170
176
660
660
270
660
660
306
660
660
333
660
660
168
660
383
481
314
277
660
660
239
660
221
333
347
247
232
660
660
660
660
350
660
263
238
271
227
660
280
406
217
296
230
262
310
232
660
257
934
660
174
305
660
660
660
213
660
660
410
660
660
660
178
477
660
587
660
404
326
660
240
660
660
660
660
248
332
292
616
214
660
660
660
240
307
275
331
660
422
315
329
293
660
330
660
660
660
660
220
660
672
166
289
277
660
660
660
660
168
660
660
384
660
660
246
660
660
660
660
660
660
235
660
660
256
660
660
298
193
230
490
239
660
660
660
660
660
207
263
307
660
660
660
660
660
660
422
660
289
265
660
660
660
279
274
168
331
660
198
660
240
302
316
660
259
274
327
253
1521
660
269
250
660
215
660
660
660
225
318
241
302
668
660
507
176
660
660
251
660
660
660
355
284
660
286
660
660
660
660
660
660
660
268
660
660
176
660
622
311
321
660
192
404
660
340
301
297
165
660
341
660
660
217
660
660
660
347
660
660
323
660
366
319
660
660
660
660
660
660
660
660
660
365
660
660
660
660
465
431
660
660
660
179
660
255
214
401
660
180
278
246
660
240
335
280
203
660
670
660
660
373
297
333
405
289
291
660
484
314
186
220
660
277
181
660
660
311
306
660
660
660
660
660
376
660
660
235
660
165
660
660
660
660
660
660
275
660
660
660
660
660
660
660
186
200
660
274
636
660
660
248
660
329
660
660
660
330
660
660
660
660
278
660
1558
660
336
660
311
660
660
660
660
660
660
332
660
660
660
206
172
660
205
660
660
660
660
305
660
660
660
352
660
660
660
201
384
269
274
660
660
660
660
233
240
660
660
660
165
909
660
210
343
277
493
304
660
265
660
660
244
433
765
464
974
660
320
660
660
660
285
321
660
443
660
298
660
660
660
207
660
660
660
294
660
660
660
223
334
660
165
282
660
286
175
303
660
447
660
301
660
323
660
660
660
338
660
315
660
660
660
660
192
660
660
204
323
660
660
660
217
660
660
476
234
660
304
660
193
182
660
231
660
660
660
305
186
660
171
230
660
660
660
660
660
660
660
660
629
296
660
196
1212
243
226
165
660
212
660
660
293
660
660
285
165
406
175
660
660
276
184
660
660
660
199
165
328
262
206
660
660
217
718
660
280
660
183
191
660
660
660
660
660
660
204
660
660
360
660
660
324
660
187
660
367
660
214
660
660
660
660
660
292
660
660
386
660
660
660
660
218
265
660
253
660
500
190
660
660
660
660
211
329
660
660
191
660
660
660
660
239
660
293
213
244
660
660
223
199
660
660
302
309
660
202
660
182
660
660
660
660
176
660
165
660
660
660
660
266
223
660
199
267
660
660
274
660
423
437
241
740
1072
187
346
660
262
165
784
660
205
244
660
660
660
242
660
239
660
660
660
660
660
660
660
660
205
660
660
660
660
1238
235
374
177
660
660
660
467
660
660
660
660
660
660
363
660
321
170
184
660
755
660
660
660
333
660
232
660
256
660
660
660
660
660
165
660
660
660
308
660
660
660
660
252
343
192
660
305
660
660
169
660
660
195
182
660
292
660
2280
660
222
660
370
660
202
660
660
660
322
660
660
281
223
660
213
266
660
186
660
299
218
445
660
197
660
181
165
660
660
660
660
660
660
660
660
228
316
660
270
660
370
660
660
181
660
660
516
259
218
328
702
660
208
660
660
206
660
660
660
660
282
660
660
469
170
425
278
246
660
660
660
251
294
239
290
660
308
660
660
660
660
660
187
167
660
660
660
318
293
660
660
660
660
309
660
660
660
660
228
660
660
660
660
237
660
660
660
660
660
660
660
244
660
443
660
660
167
660
292
660
660
660
660
210
266
660
660
506
660
660
660
538
660
579
254
660
256
174
660
660
457
194
660
660
182
660
660
660
660
660
660
660
660
660
660
260
660
660
399
660
660
660
551
173
660
166
660
660
660
660
660
660
227
660
292
660
660
660
660
660
660
660
660
535
660
660
220
660
1798
660
660
175
246
250
660
303
660
660
256
660
660
660
660
660
660
660
660
660
271
400
660
219
222
328
660
188
660
660
223
660
260
660
660
660
660
660
660
660
660
569
501
303
660
660
660
660
333
165
280
660
660
660
660
660
196
660
326
167
660
213
660
660
660
660
660
660
211
660
348
660
180
660
660
660
660
268
660
660
660
660
660
660
660
660
472
660
660
660
345
302
229
193
280
660
660
660
289
660
660
660
660
660
660
660
202
660
660
660
660
660
165
660
660
660
660
660
660
660
660
213
660
660
660
660
660
660
660
660
660
179
272
660
660
660
660
660
660
660
660
660
660
212
174
215
451
227
660
660
660
660
660
282
660
660
446
660
660
280
239
660
255
660
384
660
660
660
660
660
316
186
222
660
660
214
248
660
317
660
368
248
529
272
244
228
660
660
194
660
278
660
660
660
660
660
253
288
660
660
240
660
165
660
165
168
660
660
660
660
660
660
660
660
660
269
660
660
305
660
261
660
660
660
660
660
660
660
660
660
660
660
310
234
660
291
325
179
660
660
660
206
660
660
248
265
660
660
660
660
178
252
660
660
196
660
660
660
165
660
660
660
660
660
660
660
660
660
231
660
176
305
660
660
660
251
660
582
660
660
187
660
660
660
660
298
660
660
948
660
660
165
660
660
660
187
334
660
494
660
660
660
262
660
660
660
428
206
660
660
660
660
660
267
660
234
168
660
660
195
660
660
660
660
233
660
660
276
660
567
216
660
326
660
660
326
660
660
293
312
181
660
660
660
311
660
660
660
660
169
457
379
660
660
660
286
660
660
660
247
660
365
230
168
660
171
318
511
218
660
660
660
660
167
660
209
660
660
426
660
660
660
660
660
235
660
660
660
660
660
660
660
167
660
660
285
368
274
660
660
660
191
660
660
660
660
660
660
660
660
660
660
660
444
660
660
660
660
660
660
660
475
327
660
660
201
660
660
660
660
660
660
216
235
298
356
660
208
660
352
264
660
660
698
224
660
660
660
660
660
334
660
660
660
660
660
660
660
660
228
775
660
660
180
270
312
660
660
660
293
660
660
660
660
278
409
232
660
660
660
660
660
660
395
660
660
208
660
660
660
1288
660
660
416
1730
660
660
660
660
289
660
281
660
281
660
660
660
660
660
660
660
660
306
660
660
660
660
660
660
393
660
356
660
660
660
660
660
252
660
660
660
189
660
660
660
660
376
325
580
660
660
660
254
319
304
181
758
1170
660
660
660
324
660
660
660
660
660
660
246
660
432
660
227
660
660
187
210
247
660
660
173
660
660
660
660
165
2037
660
302
660
660
660
660
336
660
660
660
660
660
205
712
185
660
660
660
660
239
229
660
660
222
660
660
308
193
185
660
660
660
660
260
660
660
660
660
660
462
228
582
303
660
660
660
660
660
660
660
660
660
660
660
660
660
660
660
344
660
660
201
660
183
660
207
660
328
660
660
281
168
660
660
660
660
660
660
660
660
660
660
660
660
660
660
660
232
660
237
660
660
169
660
660
260
660
338
660
660
660
660
215
660
660
660
660
660
174
660
660
660
660
199
165
660
660
660
660
660
660
166
470
660
348
660
660
216
308
660
660
660
248
660
660
363
660
295
660
660
226
660
230
660
660
205
660
660
370
660
1078
223
660
660
660
374
209
572
166
660
339
660
660
660
660
232
660
660
660
660
660
660
660
660
660
660
660
660
660
660
194
660
193
245
660
500
660
660
660
660
223
660
660
660
660
177
660
660
660
660
660
660
660
1560
660
660
660
184
660
660
165
660
326
660
660
660
660
188
660
195
660
660
660
293
660
660
660
660
660
660
660
316
205
660
283
660
660
660
660
943
660
660
660
660
660
660
660
660
660
220
660
660
660
660
660
660
660
236
660
660
660
660
248
660
660
660
660
660
634
413
660
660
292
421
660
660
660
660
168
660
660
660
660
660
660
175
660
660
660
660
660
176
660
1159
660
725
660
660
228
660
660
973
660
234
660
660
660
660
660
660
660
660
660
660
356
172
660
218
660
488
660
660
660
660
660
193
284
660
660
660
660
660
660
660
302
660
660
660
660
660
660
660
660
660
660
660
188
660
660
169
660
179
660
356
410
660
388
660
660
660
239
660
660
660
660
220
277
660
660
660
660
660
660
236
660
660
315
660
651
660
660
660
660
660
660
480
660
660
660
188
462
660
660
660
660
660
178
660
660
660
660
660
660
660
660
660
221
660
660
660
300
660
660
660
660
660
660
660
660
660
660
233
423
660
660
660
660
660
660
660
660
660
660
238
330
165
660
660
660
660
660
168
660
204
660
660
367
195
660
660
208
660
660
660
660
660
660
660
660
244
660
660
660
660
660
209
660
660
165
668
660
660
266
252
660
358
660
660
660
660
660
660
263
660
278
660
660
660
660
660
660
660
660
660
198
660
263
660
247
660
168
660
660
660
660
253
660
660
660
660
660
660
404
304
283
660
660
660
224
165
660
660
660
257
660
660
660
447
660
199
344
177
660
231
660
660
660
660
660
660
660
272
660
660
660
259
660
660
660
301
322
660
298
660
660
231
660
660
285
660
660
660
295
171
660
660
660
660
660
660
332
660
660
660
660
660
660
660
660
254
230
237
660
660
165
228
386
660
660
660
660
660
660
660
660
393
660
660
660
302
660
660
177
660
660
660
660
660
660
660
660
660
660
176
660
660
660
660
660
660
660
660
175
660
660
660
660
355
660
660
245
660
277
214
660
660
660
660
660
168
219
660
660
660
660
660
660
660
660
660
660
660
660
165
660
660
556
660
660
325
660
194
660
186
299
660
660
660
660
660
660
660
660
660
296
660
177
660
254
660
660
274
660
660
660
660
206
660
660
660
660
274
660
660
660
660
660
660
660
349
660
660
272
199
187
660
660
237
278
660
660
660
660
660
660
660
660
660
660
660
660
660
660
470
660
660
660
206
660
229
660
660
660
660
660
660
238
190
660
660
660
660
660
660
660
660
187
660
660
248
301
660
660
177
660
660
660
660
660
660
660
660
660
319
660
660
310
189
165
660
660
660
660
660
660
660
660
660
660
660
660
660
660
225
660
343
660
660
250
189
660
660
660
278
165
660
660
660
237
660
660
660
660
660
660
660
660
660
660
660
660
660
660
660
660
660
660
660
660
660
382
660
660
660
660
201
660
660
219
338
187
660
660
660
660
660
660
660
232
320
192
660
660
660
660
660
660
660
660
660
660
660
660
660
660
660
660
660
660
660
660
666
660
273
660
173
373
660
660
660
265
660
660
660
660
294
660
660
660
660
359
660
660
1443
660
660
165
660
239
660
660
660
255
241
660
660
660
660
660
660
660
660
660
604
660
660
660
660
660
660
233
660
660
660
252
660
660
660
660
660
660
660
261
2054
660
660
660
247
660
215
660
660
660
222
660
660
343
660
288
660
341
660
660
660
660
660
267
660
660
660
660
660
660
660
660
660
660
246
660
213
660
660
660
660
221
660
660
660
660
359
660
342
660
338
660
660
269
660
660
660
660
194
660
660
660
660
660
660
660
660
660
660
660
660
361
660
289
660
660
660
660
660
660
660
660
660
660
261
660
660
177
232
660
307
660
660
173
321
660
244
660
660
660
660
660
660
660
660
660
176
660
660
660
175
660
273
660
660
232
660
660
660
660
660
206
660
660
660
660
660
257
660
660
660
660
660
262
165
660
660
217
660
296
660
308
660
342
660
660
660
660
315
660
660
660
660
660
660
660
660
660
660
660
660
660
660
300
660
660
660
194
660
660
660
224
660
660
660
171
660
660
660
660
660
660
660
420
370
660
660
660
260
273
660
660
660
660
166
660
660
432
660
660
660
660
660
191
660
239
660
361
660
660
660
660
660
660
660
660
660
660
167
660
189
660
660
660
660
660
660
660
660
300
204
222
660
660
660
660
660
660
608
660
660
166
172
236
660
660
660
315
660
660
660
660
322
660
660
660
200
660
660
660
660
660
723
660
660
660
660
660
217
660
660
660
330
660
660
660
660
660
660
226
660
660
660
660
670
660
660
325
660
660
281
197
660
660
660
660
660
660
660
660
660
660
660
660
660
660
323
660
660
660
660
660
660
660
660
178
660
165
371
660
660
660
208
660
244
660
660
660
660
660
660
486
165
201
660
660
660
660
660
660
660
514
660
660
660
660
660
660
660
660
660
188
660
660
660
650
660
660
169
660
660
660
216
660
660
327
660
660
260
230
660
660
660
206
660
660
271
660
471
660
660
272
660
329
660
660
660
660
660
660
660
660
660
660
660
660
660
260
660
660
277
660
660
660
660
424
660
812
660
660
660
660
660
660
660
660
660
660
201
264
660
660
660
660
334
327
660
660
263
660
660
165
660
198
218
660
660
660
660
660
660
660
660
225
660
660
660
660
247
660
573
660
660
660
660
660
660
193
660
660
660
660
660
660
660
660
660
660
660
660
660
660
660
660
201
660
660
660
660
660
660
660
660
660
212
660
660
660
660
660
247
660
660
230
660
660
660
660
660
660
660
166
660
660
607
200
660
660
660
660
660
181
660
660
660
660
660
270
255
660
233
269
660
1127
660
246
436
660
660
660
660
660
245
660
204
660
660
660
660
660
660
660
660
660
660
660
660
180
660
660
660
660
660
360
660
660
282
660
660
660
660
660
660
660
660
660
660
660
660
660
660
165
660
660
660
660
308
660
660
660
660
360
660
183
660
660
327
369
660
209
602
660
660
660
660
660
198
168
660
660
660
660
660
660
660
660
660
660
660
660
414
660
660
660
660
660
660
660
660
660
660
660
660
477
218
660
660
660
660
660
660
660
660
195
660
660
660
660
660
660
660
660
660
660
660
660
660
660
660
366
660
660
168
253
660
660
660
660
660
660
247
660
660
660
660
660
478
723
660
660
660
660
660
241
660
660
660
660
660
660
660
660
660
660
660
660
178
660
660
660
660
255
264
660
660
660
660
660
307
660
660
211
660
660
184
660
660
660
660
660
660
660
660
660
660
660
660
660
660
660
660
660
267
660
660
581
808
660
660
228
660
255
660
660
165
660
660
660
660
660
222
660
660
202
660
660
660
660
165
327
660
660
269
167
660
660
660
660
660
660
660
660
660
660
660
640
660
387
660
207
660
628
660
660
660
270
660
660
660
660
660
660
233
660
324
660
660
660
222
660
660
322
660
299
253
660
660
660
660
660
660
660
660
660
660
660
660
660
660
660
660
660
247
660
605
560
660
219
660
660
660
660
263
660
236
660
338
660
183
660
660
660
660
660
660
181
660
660
660
660
324
660
660
192
660
429
660
660
450
660
660
185
261
660
660
165
660
660
660
660
309
660
660
660
660
660
660
660
660
660
660
660
660
660
660
660
660
335
660
660
201
660
660
660
660
660
225
660
660
660
289
660
660
660
660
660
660
185
174
660
660
660
660
660
660
660
660
660
660
660
660
281
660
197
660
660
660
660
660
660
660
660
660
660
660
660
660
660
660
189
660
660
660
660
660
660
660
660
215
660
294
660
660
660
293
660
324
468
660
660
660
533
660
660
167
660
222
660
660
660
660
660
660
660
660
660
340
660
660
660
660
660
660
660
345
660
660
660
660
269
264
660
228
660
660
660
194
280
229
227
660
660
660
238
660
660
660
660
660
660
175
660
660
660
1090
660
660
660
220
239
660
660
660
660
660
660
660
660
660
660
324
244
660
660
660
3603
660
660
660
660
660
660
660
660
660
660
660
660
660
660
660
660
660
660
660
660
660
660
732
660
660
660
302
282
660
259
660
326
660
660
660
660
660
359
660
660
660
660
170
660
660
206
660
660
660
660
660
660
660
660
660
233
660
165
660
660
660
310
660
660
660
660
224
660
660
660
660
660
660
660
660
660
660
660
198
660
660
660
660
660
660
660
660
660
660
543
660
660
660
220
377
660
660
660
660
660
660
224
660
660
660
660
660
660
660
660
660
660
660
660
215
660
660
660
660
660
660
660
660
167
209
660
660
660
487
660
453
660
660
660
170
660
305
660
225
660
660
660
660
660
660
660
660
660
660
660
387
660
229
173
841
660
660
660
660
660
660
1364
660
660
660
660
660
660
660
660
352
660
660
660
660
660
660
660
339
660
660
333
660
258
660
660
660
660
660
660
660
601
252
261
660
660
660
250
660
660
301
660
660
660
660
660
660
660
660
523
370
660
660
660
284
184
660
660
660
660
226
660
660
660
660
660
660
660
660
818
660
660
660
660
660
660
660
660
660
256
660
248
660
331
660
182
660
660
660
252
660
549
201
211
660
660
660
660
660
275
365
289
660
660
660
660
660
660
660
213
660
660
660
660
660
660
660
251
660
660
171
761
278
660
660
660
660
660
660
660
660
660
660
660
660
660
173
660
660
494
660
660
660
660
660
660
660
660
660
660
300
660
660
660
660
660
660
735
660
212
660
660
660
660
295
660
660
660
333
660
660
660
660
237
432
293
660
660
660
212
196
660
660
660
660
244
660
660
660
660
660
660
660
660
660
660
660
660
660
660
660
660
660
660
660
660
660
660
660
660
660
660
660
660
660
660
660
660
660
660
302
660
660
660
660
660
660
660
660
660
660
368
660
660
660
660
660
660
660
660
174
660
660
660
660
193
660
660
244
660
660
284
660
660
660
660
660
660
660
660
660
660
660
660
660
660
660
181
660
235
660
660
660
177
660
660
660
286
660
660
660
328
660
660
660
660
326
660
660
660
660
348
660
660
660
660
660
660
660
660
660
660
660
660
660
660
660
660
660
660
660
660
660
660
660
660
660
660
174
660
660
660
660
660
660
660
660
167
660
660
245
660
305
660
1048
660
660
660
660
660
660
166
660
412
351
660
342
660
660
681
660
660
660
660
293
300
660
660
225
660
660
660
660
660
660
1786
186
660
319
660
660
1620
660
660
660
632
660
660
660
660
660
167
660
167
660
660
660
660
660
660
660
660
660
371
660
172
660
660
660
660
440
660
660
325
641
660
660
660
660
660
220
660
660
235
660
660
165
660
254
660
660
660
250
265
660
660
660
660
358
238
660
660
660
660
660
660
660
660
371
199
660
660
660
660
660
660
660
660
660
660
660
660
660
660
660
660
316
287
660
660
660
315
660
237
249
660
660
660
660
660
660
660
660
660
660
660
660
660
660
660
660
660
660
660
660
660
660
660
660
660
660
660
660
294
660
660
660
660
660
660
660
219
660
165
660
660
660
660
266
660
660
660
660
660
660
165
660
660
660
660
660
660
288
660
660
660
660
660
660
660
261
660
660
660
660
660
660
660
660
660
226
660
660
230
660
222
660
177
660
660
660
660
660
660
660
660
660
660
252
660
165
660
660
660
660
660
420
660
660
660
660
660
245
660
660
192
660
660
660
660
660
660
275
660
660
660
660
660
229
660
660
660
660
298
660
660
660
660
660
660
660
660
660
660
660
660
660
420
660
660
660
660
660
660
660
660
660
660
660
660
660
660
660
660
660
660
660
660
660
660
165
660
314
660
660
660
660
291
660
660
660
660
660
660
660
660
660
660
660
275
660
660
660
660
660
660
660
660
660
660
660
660
660
660
660
660
660
660
660
660
660
660
660
660
660
660
660
660
660
660
330
660
660
660
660
660
660
660
165
660
254
660
337
660
660
660
660
660
247
660
660
660
660
211
660
660
660
333
660
660
660
436
660
660
660
660
660
660
660
660
660
660
660
660
660
660
175
660
283
660
246
660
660
660
660
364
660
660
660
660
660
660
660
166
660
660
660
660
252
660
660
254
660
660
660
660
660
660
660
538
660
660
660
660
195
660
660
660
660
660
660
660
660
660
548
660
660
660
324
660
660
660
660
660
660
660
660
660
660
246
660
660
660
660
660
660
660
660
660
660
660
660
660
660
660
660
660
660
660
660
660
660
278
660
660
660
660
660
202
660
660
660
660
660
660
660
660
660
660
660
660
660
660
660
660
660
660
660
660
660
660
660
660
237
660
660
660
660
660
660
316
660
660
660
660
660
660
660
660
169
660
660
308
660
303
660
660
660
337
660
660
660
660
167
660
660
660
660
660
660
660
660
660
660
660
660
179
660
660
660
660
660
660
660
660
1148
660
660
660
361
660
660
660
167
228
660
660
660
386
660
660
660
660
503
307
660
660
660
660
660
660
175
660
660
660
309
660
660
660
660
660
660
660
660
660
660
660
383
660
660
660
660
660
660
660
660
660
660
660
660
283
930
660
660
660
660
660
177
660
660
660
660
660
660
660
660
660
660
660
660
660
660
660
660
660
660
660
660
660
660
660
660
660
660
660
660
173
660
660
660
660
660
1011
660
660
660
660
660
660
660
660
660
660
660
660
660
660
660
660
660
237
219
660
660
168
660
660
660
660
660
660
660
660
660
660
313
660
660
660
326
660
660
660
660
660
660
172
660
660
660
660
660
660
660
660
660
660
165
660
243
660
660
660
660
660
660
182
660
660
660
660
660
165
660
660
235
660
660
660
660
660
660
660
660
660
660
368
660
660
660
660
660
660
312
660
660
221
660
660
660
660
660
660
660
660
660
660
660
660
660
660
660
660
225
660
259
660
660
660
998
660
660
660
660
275
660
660
550
660
660
660
300
660
660
660
660
177
660
660
660
660
660
660
660
660
660
660
660
660
309
660
660
660
660
226
660
660
660
660
660
660
660
660
660
660
660
215
660
660
660
660
660
660
660
345
182
660
290
660
660
660
660
660
660
660
660
660
660
660
660
186
660
660
660
177
660
660
660
660
660
660
660
660
660
660
660
660
660
167
660
660
660
660
660
371
660
660
218
660
660
660
660
660
660
660
2431
660
660
660
660
660
660
660
660
660
660
660
660
660
660
196
660
660
660
660
660
660
660
660
660
660
660
660
660
660
660
660
660
660
660
660
660
660
660
660
660
660
660
250
660
660
280
660
660
660
660
660
660
660
330
660
660
660
660
660
660
660
660
660
217
660
660
175
660
660
660
660
660
660
660
371
293
660
660
660
660
216
660
179
660
660
660
660
660
660
660
660
660
325
660
660
660
660
660
660
660
660
660
660
660
660
660
660
660
660
660
660
660
660
660
362
660
660
660
210
660
660
660
660
660
660
660
660
3603
660
660
660
660
660
660
660
660
660
660
660
660
660
660
660
660
166
660
660
660
660
660
334
660
660
660
660
660
660
660
660
660
660
660
165
660
311
660
660
660
660
660
660
167
660
660
660
660
277
660
660
660
660
272
660
660
660
660
660
660
660
660
660
660
319
660
660
660
660
660
660
660
660
660
660
660
660
286
660
356
869
660
660
660
660
660
660
660
660
660
660
660
376
660
179
660
660
660
660
660
660
660
202
660
660
660
660
660
660
660
660
660
1539
660
660
660
374
660
660
660
660
660
660
660
244
660
660
660
660
432
660
660
660
660
660
660
660
660
660
287
660
274
198
660
660
165
660
660
660
660
660
660
660
660
660
660
660
660
660
660
660
717
660
660
660
660
660
660
660
660
660
660
660
191
660
232
660
196
660
660
208
660
660
660
660
660
660
660
660
660
660
660
660
660
660
660
660
660
660
660
660
660
660
660
660
660
660
218
660
660
660
280
660
660
660
660
660
660
660
660
660
660
660
660
660
461
660
660
660
660
660
375
660
174
660
660
660
660
660
660
660
660
660
244
660
660
660
660
660
660
660
660
660
660
660
660
660
660
660
660
660
660
660
660
660
660
660
660
660
660
660
265
660
660
660
660
660
660
165
660
660
660
660
660
660
660
418
660
660
660
660
660
660
660
660
660
660
660
660
660
660
660
660
660
660
660
660
660
660
320
660
660
660
660
660
660
660
660
660
660
660
533
660
660
660
660
660
275
660
660
660
165
192
660
660
318
660
660
660
660
660
660
660
660
660
660
660
660
660
660
948
660
660
660
660
660
660
297
660
660
660
660
660
660
660
660
660
660
660
660
660
660
660
660
660
660
660
660
660
660
660
660
660
660
660
660
222
660
660
660
660
660
221
660
223
660
660
660
660
660
660
660
199
660
660
217
660
660
660
660
660
660
660
660
660
660
329
168
660
660
660
660
660
660
340
316
660
660
270
219
660
660
316
660
660
660
660
660
660
660
660
660
660
660
660
660
660
660
660
660
660
248
660
660
660
660
660
660
660
660
660
660
660
660
660
172
660
660
660
660
660
660
660
660
660
660
660
660
660
660
660
660
660
660
660
660
660
165
660
660
660
265
660
170
660
660
660
660
660
660
660
660
660
660
445
660
660
660
660
660
660
324
660
660
660
660
660
660
660
660
660
660
660
660
660
660
660
660
660
660
660
660
660
660
660
660
660
660
660
660
660
660
660
660
660
660
660
660
660
660
660
202
660
660
660
660
660
660
660
660
660
660
660
660
660
363
660
660
660
660
660
213
660
660
660
660
660
279
660
660
660
660
660
660
660
195
660
660
660
660
660
660
660
660
660
660
660
660
214
660
660
469
660
660
187
660
660
660
660
660
660
660
660
660
660
601
660
204
234
660
351
660
660
660
660
660
1215
660
424
660
660
660
660
660
660
660
660
660
660
660
660
660
660
660
660
660
660
1072
175
660
660
660
660
660
660
660
660
660
660
660
660
660
660
660
660
660
660
371
273
660
660
660
243
660
660
275
660
330
316
660
660
660
458
660
660
660
660
660
660
660
660
660
660
660
660
660
660
660
660
660
660
660
660
660
199
168
660
178
660
660
660
660
660
660
660
660
660
660
660
660
660
660
660
660
660
660
181
660
660
660
660
660
215
660
660
660
660
660
660
660
660
341
660
660
167
660
660
660
289
660
660
660
660
660
660
660
232
660
660
660
361
660
660
338
660
660
660
165
660
660
660
660
660
660
660
660
660
660
660
660
660
488
220
660
660
660
660
660
338
660
285
190
660
660
660
660
660
660
165
233
660
660
660
660
660
660
660
660
660
660
660
660
660
660
660
660
660
660
660
660
660
660
660
660
660
660
660
660
660
660
660
660
660
660
660
660
660
660
660
660
660
660
660
660
660
660
660
660
660
180
660
660
660
660
660
169
660
660
227
660
660
660
660
660
660
660
660
660
660
660
660
660
660
660
660
660
660
660
660
660
660
660
660
660
660
660
660
660
660
660
660
660
255
660
660
660
660
660
660
660
660
660
660
660
660
660
660
660
660
660
660
660
660
660
660
660
230
660
660
660
660
660
660
660
660
660
660
342
660
660
400
660
339
660
660
224
366
660
174
660
660
660
660
660
660
660
660
660
166
660
660
660
240
660
424
660
660
660
660
1407
660
660
660
660
660
660
377
660
660
660
170
660
660
660
660
660
660
660
660
660
660
660
660
660
165
660
660
660
660
660
660
660
295
660
660
660
660
660
660
660
660
270
660
660
660
660
660
660
660
660
660
660
660
660
660
660
660
660
660
660
660
660
660
660
660
660
188
660
660
397
660
660
207
660
660
660
660
660
660
660
660
660
660
660
660
660
660
625
660
660
660
660
660
660
258
660
660
233
660
660
660
660
660
660
660
660
660
306
660
660
660
419
660
660
660
660
660
660
660
312
366
660
660
660
206
660
660
660
660
660
660
660
660
660
165
660
660
660
660
660
660
660
660
660
660
167
660
660
660
343
660
660
1148
660
660
660
660
585
660
660
266
660
206
660
660
660
660
660
660
660
660
660
660
660
210
660
660
660
660
660
660
660
660
660
660
253
660
660
244
660
660
660
660
660
660
660
246
660
660
660
660
660
179
660
660
660
660
660
660
660
660
660
660
660
660
660
660
660
629
660
660
660
660
660
660
660
660
660
660
660
660
660
660
660
660
660
173
660
375
660
660
660
660
274
660
660
660
314
660
660
660
329
660
660
660
197
660
660
660
660
660
660
660
660
660
660
660
660
660
660
660
660
660
660
660
660
660
660
660
660
660
660
660
660
660
660
660
330
660
660
660
660
660
660
660
660
660
660
660
660
660
660
660
660
660
660
660
660
330
660
660
660
660
660
660
660
660
660
660
281
660
660
660
660
660
660
660
660
660
660
660
660
660
660
660
660
660
660
660
660
401
216
660
660
660
660
196
250
660
660
660
660
660
660
660
660
323
660
660
660
660
660
660
660
660
660
660
660
660
660
660
660
660
660
660
176
660
660
281
660
660
660
660
660
660
660
660
660
660
660
660
660
660
319
660
660
660
660
660
660
660
283
660
660
660
660
660
660
660
660
660
660
660
660
660
660
660
166
660
660
660
660
660
660
660
660
660
173
660
660
660
274
660
660
660
660
660
660
660
660
660
427
660
660
219
288
288
660
660
660
660
660
660
342
660
660
660
660
660
660
660
660
660
660
660
660
660
660
660
660
660
660
660
236
660
660
660
660
660
660
660
660
660
660
660
660
660
660
660
193
660
660
660
660
264
660
660
660
243
660
660
194
660
660
329
660
660
660
327
660
660
660
660
660
660
660
660
660
660
374
660
660
660
660
660
660
660
660
660
660
660
660
660
660
660
660
660
660
660
660
660
660
660
660
660
660
660
660
660
257
660
660
660
660
660
660
660
282
660
660
660
660
660
660
660
660
660
660
660
660
660
660
660
227
660
660
660
660
660
660
660
660
660
660
660
306
660
660
660
660
660
660
660
660
660
660
433
660
660
253
296
660
165
176
660
346
660
660
660
660
660
660
660
660
660
660
660
660
660
660
660
660
660
660
660
660
332
660
337
660
660
660
660
660
660
660
660
165
660
660
1011
660
660
660
263
660
660
660
660
660
189
660
660
660
660
660
660
660
660
660
660
660
660
660
660
660
660
660
660
660
660
239
660
660
660
660
660
660
660
660
204
244
660
660
660
660
660
660
660
660
660
660
660
660
660
660
660
660
181
660
255
660
660
660
660
660
660
660
660
660
660
660
660
660
221
660
660
660
660
660
660
660
660
264
660
660
660
660
660
660
660
660
660
660
660
660
190
660
660
343
421
660
660
660
660
660
660
660
660
660
660
660
660
660
660
660
660
660
660
660
660
191
660
660
660
660
269
660
660
660
660
660
660
660
660
660
660
660
660
339
392
660
660
277
660
660
660
660
660
660
660
660
548
660
660
660
660
660
660
202
660
660
240
660
660
660
660
660
660
660
660
660
660
660
660
660
660
660
620
660
660
660
660
660
660
660
660
200
660
660
660
660
660
660
660
660
660
660
660
660
660
660
660
660
660
660
660
215
660
660
660
660
660
225
660
660
215
287
660
660
179
660
660
660
660
323
660
660
660
660
203
660
660
660
660
660
660
660
660
660
660
254
660
660
660
660
660
660
660
660
660
660
660
187
660
660
660
660
660
660
660
660
660
660
660
660
253
660
660
660
660
660
660
660
660
660
660
660
660
660
660
660
660
660
660
660
660
660
660
660
660
660
660
660
660
660
660
660
660
660
660
660
660
660
517
660
190
660
660
368
660
660
660
660
507
660
660
660
689
660
660
660
660
660
660
660
660
660
369
660
660
660
660
660
434
660
660
660
660
660
660
660
660
660
660
660
660
660
660
660
660
660
660
178
660
660
660
660
660
660
660
660
660
660
660
660
660
660
660
660
660
660
660
660
660
660
660
660
660
660
660
660
660
660
660
660
660
281
660
660
660
660
660
660
660
660
660
660
660
660
660
660
660
660
660
660
660
660
660
660
593
660
660
660
660
263
660
660
660
660
660
660
660
660
660
660
209
660
660
1023
660
660
660
660
660
660
660
660
660
339
482
660
660
660
660
660
660
660
660
660
660
660
660
660
660
660
660
348
660
660
660
660
660
660
660
660
660
660
660
660
660
660
660
660
660
660
333
660
346
660
660
660
660
660
660
660
660
660
660
280
660
660
660
660
330
660
660
660
660
660
660
660
660
660
660
660
660
660
660
660
660
660
660
660
660
660
660
660
660
660
660
660
660
660
660
660
660
660
660
660
660
660
660
437
660
660
660
660
660
660
392
660
660
660
660
660
660
660
660
660
660
660
660
660
660
660
660
660
660
660
660
660
660
395
660
660
660
660
660
220
660
660
660
660
660
660
660
660
660
660
660
660
660
660
660
878
660
660
660
204
660
660
660
660
660
660
660
660
660
210
309
660
660
660
660
660
660
660
660
660
660
660
660
660
660
660
660
660
660
660
660
264
426
660
660
660
660
660
660
660
660
660
660
660
660
660
660
660
171
660
660
660
660
660
660
660
660
660
660
660
660
660
660
660
660
253
660
312
660
660
660
660
660
660
660
660
660
660
646
660
238
660
660
660
660
660
660
660
660
660
660
660
660
660
660
660
660
660
660
660
660
660
660
660
660
660
660
660
660
660
660
697
660
660
660
660
660
660
219
660
660
660
660
660
660
660
660
660
660
660
660
660
660
332
660
660
660
660
660
660
660
660
660
660
1245
660
660
178
660
660
660
660
660
660
660
660
660
660
660
660
660
660
660
660
660
660
660
660
170
660
660
366
660
660
660
660
660
660
660
660
660
660
660
556
660
660
660
660
660
660
660
660
660
660
660
660
660
660
660
315
660
660
660
660
660
660
660
660
660
660
298
660
660
660
660
411
660
660
660
660
660
660
660
660
660
660
660
660
660
660
660
660
660
660
660
660
660
660
660
660
660
660
660
660
660
660
660
660
660
193
660
660
660
660
660
660
660
660
660
660
660
660
660
660
660
660
660
660
660
660
660
334
660
660
660
660
660
660
660
660
660
660
660
660
660
660
362
660
660
660
660
660
660
660
660
660
660
217
660
660
660
226
660
660
660
660
660
660
660
205
660
660
660
660
660
660
660
660
660
660
660
660
660
660
660
660
512
660
660
183
660
660
660
660
660
660
660
660
660
660
660
660
660
302
660
660
259
660
660
660
660
660
660
660
660
660
660
660
660
660
660
660
482
660
660
660
660
660
660
3603
660
660
660
660
660
660
660
660
660
573
660
660
660
660
660
660
660
660
660
660
660
660
660
660
660
216
660
270
197
660
660
660
660
660
660
660
223
660
660
165
660
660
660
660
660
660
660
660
660
660
660
660
660
660
660
660
660
660
660
660
660
660
660
660
660
660
660
660
660
660
660
660
233
660
660
660
660
660
660
660
660
660
660
660
660
660
212
660
660
660
660
660
660
660
546
660
660
165
660
660
660
660
660
660
660
660
660
660
660
660
660
660
660
660
660
660
660
660
660
660
660
660
660
660
660
660
660
660
660
660
660
660
660
660
660
184
660
206
660
660
660
212
660
660
660
660
660
660
175
165
660
268
660
660
660
660
660
660
274
660
660
660
660
660
660
193
660
660
660
660
660
660
660
660
660
1001
660
660
660
660
660
660
660
660
660
660
660
660
660
660
660
660
660
660
660
660
660
660
660
660
660
660
660
660
660
660
660
660
660
660
660
660
660
660
660
660
660
660
660
660
660
423
660
660
660
660
660
660
660
660
660
660
660
660
660
660
660
660
660
660
660
660
660
660
660
660
308
660
660
660
660
660
660
660
660
660
660
660
660
660
660
660
660
660
660
660
660
660
660
660
660
660
660
660
660
315
660
660
660
660
660
660
660
660
660
660
660
660
660
220
660
660
660
660
660
660
660
660
660
660
660
660
660
660
660
660
660
660
660
660
660
660
660
660
660
660
660
660
660
660
660
660
660
660
660
660
660
660
660
660
660
660
660
660
660
660
660
660
660
660
660
660
660
660
660
191
660
660
660
660
660
660
591
660
660
660
660
660
660
201
660
328
660
660
660
660
660
660
660
660
660
232
660
660
660
225
660
660
660
203
660
660
660
660
660
660
660
376
660
660
660
660
273
660
660
660
660
660
182
660
660
660
660
660
660
660
660
660
186
660
660
193
660
660
660
660
660
660
206
660
1011
660
660
660
273
660
660
660
660
660
660
660
660
660
660
660
660
1357
660
660
660
660
660
660
660
660
660
660
660
660
187
660
660
660
660
660
660
660
660
660
660
660
660
660
660
660
660
660
660
660
660
660
660
660
660
660
660
660
184
660
660
660
660
660
660
660
660
660
660
660
660
660
660
660
660
660
660
660
660
660
660
660
660
660
660
660
660
342
660
319
660
660
660
660
660
660
186
660
660
660
660
660
660
660
404
660
660
660
660
660
660
660
660
660
660
660
660
660
660
660
660
660
660
660
660
660
660
660
660
660
172
660
660
660
660
660
660
168
400
660
660
660
660
272
219
660
660
660
398
660
186
660
660
660
660
660
660
660
660
660
660
660
660
660
660
660
660
660
660
660
660
295
660
660
660
660
660
660
660
660
660
660
660
660
660
660
660
660
660
660
660
660
198
660
660
660
660
660
660
660
660
660
660
660
660
660
660
660
660
660
660
660
660
214
660
660
660
660
660
660
660
660
660
660
660
660
660
660
660
660
660
660
660
660
660
660
660
660
660
660
660
660
660
660
660
660
660
660
660
660
660
252
660
660
660
660
660
660
660
660
660
660
660
660
660
201
660
660
660
660
660
660
660
660
660
660
660
660
660
660
660
660
660
249
660
660
660
660
660
660
660
660
660
660
271
660
660
660
660
660
313
660
255
660
660
185
660
660
660
660
660
660
660
660
660
660
660
660
186
660
660
660
660
660
660
660
660
660
660
660
660
660
660
660
660
660
175
660
165
660
660
660
248
660
660
660
660
660
660
660
660
660
660
660
660
660
660
660
660
660
660
660
660
660
660
660
660
660
660
660
660
660
660
660
660
660
660
660
660
660
660
660
660
660
660
300
660
230
660
660
660
660
660
660
660
660
482
660
185
660
660
660
660
660
660
660
660
660
660
660
660
660
660
660
660
660
660
660
660
660
660
660
660
660
490
660
660
660
660
660
660
319
660
660
660
660
660
660
228
660
660
212
660
660
660
660
660
660
660
660
973
660
660
660
660
660
660
660
660
660
660
660
660
660
660
660
660
660
319
660
660
660
660
660
660
660
660
660
660
660
660
660
207
660
660
660
660
660
660
660
660
660
660
660
660
660
660
660
660
660
660
660
660
660
660
660
660
660
660
660
660
660
660
660
660
660
660
660
660
660
660
660
660
395
660
244
660
660
660
660
660
660
660
660
660
660
660
660
199
660
660
660
660
660
660
660
660
660
660
660
222
320
660
660
660
660
660
660
660
660
660
660
660
660
660
660
660
660
660
660
660
660
660
660
660
660
660
660
660
660
660
660
660
172
660
660
660
660
660
660
660
660
660
660
660
660
660
660
660
660
660
276
660
861
660
660
660
660
660
660
660
660
660
660
660
660
660
660
660
660
248
660
293
660
660
660
660
660
660
660
660
660
660
660
660
660
660
660
660
660
660
660
660
660
660
660
660
660
660
660
660
177
660
660
660
660
660
660
660
660
660
660
660
660
660
660
660
660
660
660
240
660
660
660
660
183
660
660
660
660
660
660
275
332
660
660
660
660
660
660
660
660
660
660
660
660
660
660
660
660
660
660
660
660
330
660
660
660
660
660
660
660
660
660
660
660
660
342
660
660
660
660
660
660
660
660
660
660
660
660
660
310
165
660
660
660
660
660
718
660
660
660
660
660
660
660
222
287
660
660
225
660
660
660
660
660
660
660
660
253
660
660
660
660
660
660
660
660
660
660
660
660
660
660
660
660
660
660
660
660
660
660
660
660
268
660
660
660
660
660
660
165
660
660
660
660
660
660
345
660
660
660
660
660
660
660
166
660
660
660
660
660
660
660
660
660
660
660
660
660
660
165
660
660
660
660
660
660
660
660
660
660
660
584
660
191
660
559
168
660
660
660
276
660
660
660
275
660
660
660
660
660
660
660
660
660
660
660
660
660
660
660
221
660
660
240
660
660
660
660
660
660
660
660
660
660
660
474
660
660
660
660
660
290
660
660
660
168
660
660
660
660
660
660
660
660
660
660
660
175
660
660
660
660
660
660
660
660
660
303
660
660
660
660
660
660
660
660
1453
660
660
660
660
660
660
660
660
660
660
660
660
660
660
660
660
660
660
660
660
660
660
660
660
660
660
660
171
195
660
660
660
660
660
660
660
660
660
660
660
660
660
660
211
660
660
660
660
660
660
660
660
660
660
660
660
660
660
660
660
660
660
660
660
660
660
660
660
660
660
660
660
660
660
660
660
660
660
660
660
660
660
660
660
660
660
660
660
660
253
660
660
660
660
660
660
660
660
660
275
173
334
660
660
660
660
660
660
660
660
660
660
660
660
660
660
660
660
660
660
660
660
660
660
660
660
660
660
660
660
660
660
660
660
660
660
660
660
660
660
660
660
660
660
660
660
660
660
660
177
660
660
660
660
660
660
660
660
177
660
660
660
660
725
660
660
660
660
660
660
660
660
660
660
660
660
660
660
660
660
660
660
660
660
660
660
660
660
660
660
660
660
660
660
660
660
660
660
660
660
185
660
660
660
660
660
660
660
290
660
660
660
660
660
660
660
660
660
660
660
660
660
660
660
660
322
660
660
660
660
660
660
660
167
660
660
660
660
660
328
212
660
660
660
660
184
660
660
660
660
660
660
660
660
660
660
263
660
660
660
660
660
660
660
660
660
660
660
660
504
660
660
660
660
660
660
660
660
660
660
173
660
660
