781
942
982
993
1038
843
819
738
719
469
1010
1255
1132
769
990
541
849
458
1155
795
1307
1228
705
819
470
450
1214
673
819
474
5405
908
797
1619
424
466
490
453
486
682
771
557
474
557
444
437
669
891
746
622
426
392
469
584
765
632
426
423
1446
5841
673
403
632
2241
442
660
422
622
656
455
550
400
444
612
789
836
407
441
756
438
603
419
441
422
439
450
442
432
567
483
709
522
396
440
588
533
4275
408
392
636
394
417
1619
468
1252
436
381
476
571
417
398
442
398
427
387
610
446
400
953
4122
390
4128
400
4889
717
608
432
411
826
400
388
439
434
416
386
516
442
610
454
487
405
401
586
619
421
457
404
448
409
384
448
407
398
463
1038
386
410
417
524
440
397
501
657
743
412
413
384
614
389
400
371
419
1047
373
613
398
434
408
392
407
473
404
385
400
385
395
383
442
443
527
427
398
435
1691
443
361
398
465
431
478
383
485
407
674
528
380
396
599
409
380
440
366
656
366
390
656
388
400
368
458
629
400
390
421
403
384
413
381
599
478
457
572
576
398
614
4037
431
1010
420
731
582
360
447
398
673
607
467
422
2978
395
416
469
410
402
402
1155
402
373
643
607
369
381
391
370
352
388
402
375
376
556
377
383
519
424
368
419
399
643
715
364
377
408
413
376
403
460
370
393
379
364
345
359
404
571
616
881
587
425
727
403
363
404
369
381
384
374
671
385
392
488
390
376
832
1050
360
492
574
369
323
397
364
393
386
404
405
376
395
411
368
396
373
359
613
361
363
397
386
393
409
420
401
635
510
573
404
445
371
368
378
360
359
384
362
379
557
377
375
377
382
392
606
365
359
481
419
1040
383
383
935
369
385
540
377
348
595
759
535
393
389
383
401
351
429
664
548
895
415
620
415
561
564
499
1037
376
383
380
382
405
437
324
480
4122
643
382
561
361
370
354
589
375
367
634
2564
358
394
370
406
508
1001
418
402
518
372
394
466
357
503
588
369
363
688
383
372
553
406
655
413
633
577
368
866
345
352
377
366
575
420
4332
491
345
336
335
390
376
387
517
393
478
380
366
381
1302
424
381
400
630
357
555
377
339
350
398
428
555
373
441
350
368
1101
348
656
351
409
325
496
451
358
343
384
565
386
371
1379
424
362
402
418
355
582
640
366
374
353
409
565
1228
357
356
362
337
371
1666
365
361
352
483
525
1393
376
390
452
671
376
374
347
483
337
343
1255
567
358
421
361
474
376
630
349
349
948
367
370
480
388
369
346
346
322
355
407
1098
376
436
428
360
374
724
337
350
357
396
540
372
383
353
351
383
555
357
463
377
565
554
344
350
373
531
639
363
345
312
535
356
479
344
326
369
354
3327
351
339
394
805
355
367
355
366
383
360
374
369
345
401
400
358
390
367
306
361
562
370
396
347
607
583
347
363
644
365
384
373
567
415
502
561
565
474
361
350
458
409
387
574
576
361
360
377
493
781
1774
357
376
362
544
357
369
351
388
337
481
364
538
360
329
374
393
383
390
372
331
543
365
357
386
381
457
459
379
360
328
598
438
347
731
357
335
365
336
422
832
381
341
425
1231
354
544
388
375
343
404
365
316
588
330
538
434
1214
392
458
355
310
377
360
643
377
345
476
356
529
372
453
506
361
342
401
394
327
616
410
391
415
331
631
350
367
348
370
363
659
402
367
794
713
363
359
531
434
639
399
349
381
305
395
342
426
359
375
353
363
366
620
355
445
351
319
344
365
394
408
367
359
509
367
356
605
395
534
375
387
367
391
344
511
325
386
545
404
355
389
362
682
394
367
384
304
354
397
347
1109
340
351
388
376
365
349
343
372
362
375
388
381
566
592
428
379
322
374
370
399
903
402
372
340
327
410
333
416
349
345
625
332
548
1887
336
393
345
313
343
387
346
350
390
312
402
348
514
351
356
349
343
371
405
374
369
496
369
536
317
327
613
450
419
337
366
389
350
532
385
365
619
358
348
354
363
377
337
348
469
380
314
345
512
328
328
320
1482
470
476
398
388
367
686
680
431
367
552
330
392
353
486
324
372
342
367
355
360
630
290
541
319
342
319
345
357
501
536
408
350
325
497
374
524
330
342
327
361
328
308
337
353
318
300
489
328
329
333
315
327
369
340
321
386
337
614
607
345
378
337
382
973
682
295
394
383
321
354
374
571
363
484
326
400
346
348
350
345
325
472
348
370
337
340
448
352
347
619
349
373
442
396
375
351
307
328
510
309
372
336
369
310
343
388
667
338
489
346
347
408
491
305
312
367
369
451
382
343
351
760
341
315
330
318
332
392
532
335
567
366
439
362
524
348
685
300
342
431
348
548
572
372
336
514
373
388
318
573
352
370
391
347
450
366
352
319
598
315
583
336
337
331
380
373
501
413
324
343
350
321
361
393
293
332
377
341
375
335
376
350
373
332
344
375
377
342
538
327
369
297
321
423
749
356
701
481
361
509
373
571
325
351
342
432
377
379
603
334
374
368
351
300
493
321
408
641
338
535
518
600
2165
321
335
337
340
346
337
353
392
314
321
359
1116
330
710
375
555
403
332
361
331
340
320
316
540
340
519
394
352
336
334
361
387
361
342
358
330
380
376
425
361
337
316
333
471
355
356
376
506
379
305
348
376
359
424
326
357
339
518
349
345
352
306
364
313
349
326
345
379
550
429
327
324
350
541
328
401
318
288
889
326
550
334
339
1112
344
349
301
329
353
440
402
535
348
447
406
377
367
350
348
511
358
323
576
481
4332
582
360
358
318
272
539
326
347
475
546
546
400
368
332
558
386
326
382
367
309
353
507
371
379
537
623
347
320
381
327
506
469
481
358
679
364
340
352
303
330
384
313
594
568
413
309
340
399
313
421
357
350
584
326
355
365
351
337
321
374
359
311
398
345
347
360
378
301
325
388
331
376
360
295
342
607
357
337
368
346
355
311
318
375
1307
319
343
418
355
311
336
334
361
299
294
303
341
982
316
339
342
593
329
325
345
345
288
309
360
332
379
371
336
534
344
306
356
344
336
333
561
340
558
510
372
375
322
361
395
321
492
336
1721
354
531
332
367
494
324
358
481
499
491
403
592
859
353
740
355
309
341
526
341
355
331
312
375
337
358
378
317
554
357
350
345
337
335
353
1133
318
321
473
335
544
332
370
329
415
436
356
347
408
368
325
313
317
330
393
413
341
447
355
324
369
603
539
457
364
356
341
473
321
612
304
535
317
326
340
9490
305
443
421
484
369
527
346
325
383
323
418
407
315
355
569
366
516
326
385
400
367
356
302
316
320
433
1164
334
453
365
322
361
728
467
468
333
370
352
403
462
350
317
624
371
296
329
343
345
353
330
351
322
328
378
536
347
311
478
355
297
325
343
341
344
463
392
382
536
370
344
352
517
431
301
354
333
296
313
315
368
394
572
440
542
494
332
3327
348
502
321
499
329
379
355
327
415
331
343
316
387
387
337
363
326
367
384
531
486
291
375
337
335
365
304
380
319
402
299
313
319
349
362
320
326
354
341
306
705
332
309
355
318
344
375
328
317
314
386
362
307
489
472
358
408
283
510
630
740
308
336
316
301
310
454
346
335
352
324
329
327
566
421
266
349
334
368
338
302
543
328
351
375
312
287
362
338
300
307
309
336
344
326
548
347
308
673
335
335
577
344
532
312
311
363
319
338
1116
337
311
351
317
590
406
297
303
511
352
481
371
279
349
594
307
278
332
4128
323
565
682
317
459
693
332
314
324
405
320
292
318
297
330
329
328
280
377
326
327
276
315
384
264
320
497
363
496
315
261
293
322
355
527
332
322
538
290
442
362
550
360
574
423
262
351
351
598
350
363
740
388
350
326
291
289
379
419
326
297
309
417
317
319
487
361
343
308
317
1112
590
332
294
350
299
572
359
417
299
290
293
328
317
365
380
303
296
290
1119
332
297
445
285
354
317
320
315
315
328
308
1721
337
387
480
324
322
317
529
365
330
653
339
337
346
285
338
296
308
6848
311
347
311
311
322
315
363
274
332
313
325
443
355
346
369
339
343
323
300
793
323
317
402
355
351
544
537
339
617
348
340
317
360
354
348
305
338
315
306
309
340
371
362
402
305
324
380
339
333
337
354
385
303
387
386
475
340
2079
359
344
341
314
756
295
351
292
285
316
367
317
353
327
336
310
453
454
586
355
350
332
316
412
404
757
342
354
369
441
1637
312
575
336
327
269
592
278
329
345
354
339
512
844
311
344
382
376
368
328
316
284
382
485
417
373
346
370
358
463
353
296
317
318
498
290
333
633
334
361
317
379
356
360
765
313
455
313
344
289
353
345
357
790
302
317
307
313
362
287
554
350
349
397
627
320
353
286
314
275
280
346
290
338
320
321
310
267
294
347
357
1984
316
308
333
488
263
305
2564
369
373
333
401
301
501
303
258
448
353
498
480
283
319
387
479
372
428
297
332
440
290
381
322
275
331
320
329
489
412
3378
345
292
363
325
324
305
516
562
370
433
317
309
378
322
301
299
302
299
307
354
303
276
438
562
315
353
709
344
317
291
447
280
329
328
347
301
335
297
322
350
721
581
534
336
362
349
346
304
303
317
323
303
291
346
285
318
374
340
447
275
360
353
343
321
347
315
343
330
300
285
483
350
629
347
297
312
329
399
281
258
324
310
235
366
289
282
339
320
304
365
305
307
335
402
299
464
253
310
355
286
304
419
309
305
326
347
284
350
324
368
317
607
305
325
345
305
512
352
537
644
294
358
403
308
398
348
300
369
345
433
319
351
367
302
366
335
290
289
330
356
264
314
287
273
385
355
292
308
267
323
258
348
245
348
378
287
349
282
371
354
471
301
302
289
310
341
285
809
363
614
340
1152
272
294
289
353
280
255
294
326
303
310
316
315
294
366
348
322
347
308
330
265
329
313
335
298
366
282
331
382
319
273
520
290
348
350
293
329
331
304
286
370
521
505
399
311
294
343
522
320
314
326
252
335
319
324
257
315
274
811
331
329
309
296
367
326
6848
579
517
355
307
361
249
293
321
1379
314
310
431
344
299
524
317
326
392
597
372
295
359
430
439
307
325
338
373
374
290
399
308
314
330
582
325
356
320
553
483
313
320
506
332
311
584
404
869
324
275
304
384
287
335
496
359
303
298
332
304
380
336
454
311
353
296
294
351
336
340
324
329
272
298
278
465
310
325
306
286
275
355
245
1028
279
342
335
368
410
310
339
607
340
305
296
331
388
329
346
283
325
432
544
361
315
306
303
396
634
374
300
338
332
488
395
293
484
289
370
326
522
366
317
304
519
301
359
473
353
357
312
753
306
308
1490
275
431
280
289
307
369
522
275
317
312
328
285
1500
303
281
544
312
325
316
290
457
516
294
300
326
350
530
280
328
344
291
265
261
344
342
323
1509
273
315
358
451
331
286
527
265
310
362
271
282
295
315
558
318
326
286
392
274
274
337
383
357
301
298
307
596
356
250
310
338
259
270
295
354
327
354
356
326
281
329
332
296
350
358
313
336
267
361
402
334
365
513
595
314
338
341
466
295
391
538
284
400
372
317
300
335
292
305
288
298
350
315
345
287
555
292
349
321
375
311
328
489
368
285
444
287
308
289
325
312
134
381
298
306
259
346
335
415
287
301
587
378
441
304
307
348
265
320
362
322
355
323
320
318
277
311
290
296
276
453
275
321
341
519
300
310
294
216
314
585
301
320
365
366
340
350
576
292
321
448
309
320
329
339
319
273
297
309
336
262
319
379
341
363
286
270
855
306
336
261
328
309
325
291
311
295
336
353
305
330
297
352
400
302
931
337
292
326
441
512
347
323
357
298
587
293
292
326
366
286
354
341
299
508
204
361
226
291
539
360
366
305
297
314
280
354
298
275
275
363
313
324
439
291
337
308
212
532
346
291
299
272
352
349
378
324
594
437
327
258
321
315
314
2133
365
312
218
282
278
317
276
343
361
315
266
318
332
344
280
453
275
285
360
319
334
328
255
264
307
331
311
319
318
302
310
288
1379
302
307
304
261
356
355
318
281
469
276
307
310
327
273
428
315
340
287
338
316
352
300
424
416
286
328
321
317
298
375
284
379
427
838
350
335
295
341
346
450
266
275
335
285
292
537
286
346
324
289
314
337
344
323
226
337
432
335
335
508
582
319
293
418
292
366
253
433
275
284
334
637
293
334
345
333
291
284
272
359
248
296
298
334
376
327
319
314
379
6848
529
258
310
337
252
476
290
320
1733
254
356
290
378
351
335
341
322
322
471
305
321
307
645
322
332
350
531
541
320
317
292
305
317
325
290
301
277
282
279
322
387
571
277
639
305
340
544
594
386
274
367
314
297
447
294
375
573
262
293
296
302
284
350
413
321
458
378
347
205
373
584
294
287
314
436
285
262
290
318
384
310
313
279
294
345
422
411
325
682
261
590
323
276
318
651
321
305
345
313
453
292
288
451
541
253
306
302
251
290
246
314
5405
359
263
328
475
254
312
348
300
268
309
367
441
329
263
307
229
302
284
266
318
385
280
310
295
325
294
312
283
307
244
283
354
278
319
370
258
187
289
302
301
337
313
318
282
362
301
333
521
261
326
716
344
255
308
280
283
378
296
303
469
367
379
420
296
345
318
303
265
343
375
324
319
338
281
277
260
333
610
533
259
301
458
281
512
300
513
627
313
565
550
289
285
394
259
299
450
320
309
315
327
314
308
208
554
478
250
355
337
361
310
253
282
299
274
292
299
300
367
336
489
575
307
356
311
328
467
263
317
349
362
327
396
497
280
288
458
531
270
333
471
306
440
283
281
271
380
406
312
282
279
290
326
344
214
310
282
320
293
288
307
308
292
337
268
293
311
319
280
344
281
227
284
426
326
301
257
396
368
351
320
326
332
1405
531
362
287
273
295
351
430
357
319
289
319
303
276
336
279
438
268
283
318
705
307
262
272
270
306
304
326
266
346
582
291
270
208
343
330
317
296
310
313
366
320
541
521
348
303
298
228
287
307
300
316
321
607
320
250
278
242
331
335
242
299
275
295
291
418
335
760
263
356
311
262
274
320
284
262
577
292
304
294
273
285
284
343
288
316
313
376
1874
293
293
266
288
296
308
349
287
345
358
379
291
367
303
270
312
340
268
259
544
298
302
236
281
327
474
295
441
291
255
454
379
601
298
291
260
253
228
283
450
292
350
278
344
366
427
333
271
301
240
286
353
1030
354
301
343
417
332
290
276
491
274
606
465
350
312
321
306
230
307
385
256
374
273
289
295
198
279
280
241
298
554
221
285
305
255
653
726
258
303
387
306
342
286
319
317
315
236
307
310
576
299
1509
259
227
296
310
2017
382
319
341
310
291
324
172
385
327
258
371
315
271
399
372
334
421
324
263
325
264
301
321
548
269
347
310
305
347
318
269
316
2061
351
341
238
442
338
320
360
325
563
279
296
312
357
489
354
274
321
624
266
255
269
347
308
519
261
283
277
297
215
334
249
210
305
308
401
422
223
256
310
260
258
239
325
329
293
393
298
515
310
326
309
264
312
620
275
292
261
219
337
437
337
276
404
235
323
297
255
258
307
549
299
324
319
345
272
266
294
267
325
392
356
325
278
345
348
378
281
310
292
309
290
303
553
316
330
268
256
374
262
304
532
327
285
315
288
337
313
289
622
311
314
412
294
204
289
286
568
331
271
282
297
273
351
618
299
241
332
319
361
394
295
499
336
248
285
480
289
331
174
271
273
263
345
307
193
364
292
281
385
313
303
298
318
228
276
290
259
301
276
372
291
205
272
491
456
224
303
328
304
268
328
348
335
243
262
287
237
272
313
338
280
307
256
291
292
314
267
290
277
314
283
366
252
350
314
289
271
321
258
284
318
273
304
593
309
273
255
278
523
546
505
328
309
542
328
525
270
319
300
336
315
380
333
366
266
303
243
371
287
693
287
318
280
315
322
318
297
230
282
269
309
246
295
198
315
327
254
324
630
313
296
387
441
267
336
351
263
353
264
244
359
292
316
288
272
276
308
362
277
335
272
324
319
355
308
314
794
289
250
290
264
280
304
387
302
217
1143
305
317
223
282
259
337
300
289
296
292
284
298
297
259
333
277
284
260
3675
197
315
345
270
286
262
277
273
279
221
298
290
257
303
279
477
336
255
277
283
651
2484
283
230
312
256
402
185
259
396
255
296
290
639
323
273
278
322
568
574
405
265
388
223
269
306
267
294
288
338
295
318
286
645
317
308
238
311
295
326
269
359
477
192
295
302
343
303
794
210
285
2061
258
303
291
265
287
229
385
1140
301
265
429
258
292
261
387
286
302
342
286
328
267
327
329
265
273
305
276
258
211
273
341
622
272
512
310
297
421
187
251
248
281
297
275
258
306
279
391
310
364
249
199
360
384
990
2855
336
284
324
272
298
314
260
338
286
280
502
637
300
399
659
312
250
264
306
303
242
297
325
285
355
310
562
300
249
298
287
287
307
260
312
274
251
302
273
260
577
637
267
242
477
256
249
262
310
372
402
267
203
527
301
524
343
381
281
273
321
772
287
269
339
271
287
315
220
264
327
289
345
306
243
5405
278
310
337
513
278
154
287
325
237
318
286
293
342
325
290
323
209
427
2143
223
292
552
301
368
356
259
288
232
266
295
328
301
305
165
264
281
272
284
350
383
539
311
309
247
923
244
317
314
267
398
232
294
324
609
349
266
202
265
307
344
282
490
272
286
268
464
267
297
307
253
282
251
350
307
317
277
273
318
285
288
262
809
284
256
325
298
260
340
1446
393
304
288
221
282
286
306
287
394
253
251
273
355
398
286
565
336
197
378
295
229
272
303
263
291
232
330
339
2192
455
288
216
260
265
363
224
206
296
273
306
331
290
290
1673
316
312
264
369
281
266
288
262
279
320
264
275
290
259
262
191
240
268
279
292
328
301
319
236
304
305
286
683
300
291
309
208
347
318
278
700
286
405
474
295
269
251
405
341
272
1390
309
250
288
371
853
524
312
244
308
275
263
270
285
1631
277
324
262
353
330
592
304
249
457
278
227
302
1506
502
356
323
393
334
293
280
524
290
553
302
208
367
302
299
334
281
548
258
583
524
287
317
277
291
296
325
263
258
329
223
316
384
260
245
380
347
316
493
318
269
299
536
261
521
322
325
238
258
385
260
294
239
467
281
263
312
269
520
236
255
291
524
465
290
222
271
277
319
280
282
296
252
277
260
292
343
340
334
282
296
224
342
825
235
467
363
293
310
496
288
265
310
262
264
230
331
305
391
266
216
285
297
195
324
260
302
359
334
1506
310
277
266
539
540
348
300
219
274
262
312
288
291
298
277
679
264
336
519
303
403
292
254
323
258
403
438
336
282
200
281
657
274
223
301
239
264
503
276
257
262
338
320
4889
350
543
244
317
232
271
1035
338
342
320
230
323
346
305
306
330
369
377
361
350
359
251
235
282
284
9490
303
268
305
281
296
206
309
265
279
325
306
329
532
292
276
268
175
238
246
354
302
261
14611
2499
293
389
305
267
307
329
287
335
266
357
397
301
314
308
278
358
274
277
449
213
338
338
218
287
245
286
2069
551
239
292
235
207
524
292
277
307
330
305
249
210
300
317
255
302
259
302
225
263
248
266
288
250
257
241
182
289
218
247
304
227
244
328
319
294
311
214
289
473
241
765
294
185
281
311
222
338
280
254
263
209
279
314
683
267
303
271
236
282
283
265
247
309
422
304
339
249
267
275
353
380
268
303
304
291
209
237
282
265
501
291
230
171
247
238
269
265
282
307
233
312
278
333
254
202
309
246
436
227
220
1391
253
343
289
285
258
278
268
215
276
372
268
251
263
247
169
266
243
6848
256
323
322
199
263
253
325
302
258
259
282
539
302
268
292
272
240
250
296
179
471
303
287
252
286
333
1002
1700
337
256
304
247
284
248
289
254
434
606
320
218
262
300
290
264
322
286
283
596
155
285
271
285
252
239
321
263
460
289
165
354
244
368
319
264
241
260
300
274
272
292
274
272
302
296
300
269
335
365
348
300
318
259
267
258
278
281
211
261
244
255
272
286
199
631
259
228
232
296
223
295
278
264
300
322
250
239
135
299
339
370
612
309
174
301
1023
717
263
250
253
5405
284
267
246
265
245
141
296
300
328
131
255
696
238
752
517
265
661
363
503
266
308
287
524
197
256
315
270
341
2484
271
293
822
298
239
1355
241
475
352
367
271
324
271
318
266
352
381
346
304
431
524
571
263
263
274
344
302
271
286
355
297
347
385
1098
339
270
231
149
299
1567
249
269
256
295
324
290
216
301
279
323
278
272
296
263
247
282
274
174
264
302
286
519
269
291
324
326
1231
329
240
295
276
286
262
261
257
328
454
277
1944
261
282
256
278
6848
313
163
265
251
277
282
277
393
260
264
236
263
524
538
261
238
506
231
327
2165
524
250
275
361
344
321
328
295
321
208
278
318
283
319
242
246
312
276
266
264
320
560
201
299
278
307
266
274
251
216
142
243
294
464
290
263
260
247
213
268
250
284
266
145
301
294
323
230
255
669
309
244
281
248
323
234
283
295
238
241
277
346
294
307
324
268
313
262
261
1269
326
351
310
232
268
292
240
256
217
524
287
262
264
243
233
195
517
288
533
308
300
272
190
220
274
341
598
509
323
299
340
532
200
295
174
651
284
295
544
279
293
276
871
234
266
311
250
292
301
317
347
256
212
292
308
280
268
263
325
264
304
298
288
265
318
332
311
234
297
229
262
235
510
239
528
296
253
277
266
355
293
247
283
237
300
366
266
311
679
218
524
249
257
318
368
246
275
421
260
284
232
307
291
292
333
321
272
577
267
300
210
270
299
282
295
228
271
279
360
279
294
288
313
286
279
326
258
454
479
388
256
579
260
270
274
248
232
279
144
369
313
345
334
263
258
280
247
251
342
247
280
294
248
281
309
234
262
251
329
241
263
280
249
294
314
243
459
291
237
190
250
262
322
268
255
406
337
241
298
324
282
232
1079
219
1527
203
255
246
200
255
312
265
203
284
284
303
248
285
235
294
223
193
314
254
323
524
234
5841
478
290
219
173
267
872
255
283
259
304
267
319
328
277
319
260
242
971
365
221
214
314
237
558
283
387
231
304
251
297
231
1050
266
462
281
261
286
257
297
297
504
212
521
291
272
233
296
524
286
252
259
319
328
314
282
316
524
524
305
277
262
524
537
203
131
266
377
279
327
524
368
333
217
149
294
334
388
431
266
243
299
299
609
270
227
274
260
358
286
524
253
2069
248
233
450
1333
261
268
349
222
132
253
249
570
150
180
131
262
241
524
565
267
260
277
240
270
419
296
220
273
1224
249
218
335
242
268
236
220
221
265
261
152
243
323
563
270
302
246
255
193
266
227
318
251
236
254
274
243
310
289
219
140
404
213
1116
270
260
543
270
245
313
214
377
276
329
241
431
259
283
270
262
1527
273
140
277
277
351
426
295
440
263
218
314
266
269
3327
242
299
272
283
304
300
246
226
262
242
269
191
189
343
261
539
257
263
251
184
227
260
259
339
227
254
245
264
583
232
266
264
269
296
408
259
524
433
198
265
254
292
524
245
218
244
575
239
220
336
227
249
150
235
255
201
220
198
257
283
247
350
253
325
406
895
374
276
269
293
323
288
251
270
248
325
282
544
253
293
194
293
308
220
255
201
309
310
210
294
154
948
4775
387
300
256
343
282
316
134
524
172
238
249
321
214
220
6848
289
272
285
326
247
381
280
286
202
251
344
238
247
248
524
264
288
977
342
237
184
211
285
226
425
1514
261
288
308
267
289
395
951
290
261
292
231
279
287
226
255
279
299
314
364
329
329
259
307
242
263
297
285
992
644
439
174
263
268
524
284
209
224
342
196
231
283
249
273
560
368
261
336
211
272
249
327
203
223
334
253
266
344
192
269
262
189
295
240
181
377
265
309
384
242
554
276
383
4037
254
664
277
292
309
203
288
315
228
338
331
266
144
260
280
253
252
331
231
816
242
256
301
271
323
270
327
255
524
240
260
302
215
242
264
410
524
263
411
294
260
292
259
302
209
274
613
324
247
219
223
235
236
327
311
455
269
292
249
252
279
299
329
213
262
287
264
587
291
524
270
641
340
262
301
293
252
337
265
317
264
299
251
255
252
268
356
270
258
1666
190
265
246
233
240
287
166
302
4122
280
179
237
244
227
236
291
266
251
213
371
287
177
323
227
158
257
524
245
314
318
245
137
304
248
158
270
277
406
275
364
265
250
216
278
315
348
197
229
261
204
333
248
370
181
319
236
423
323
2297
252
221
227
263
204
312
257
245
242
231
193
291
409
238
152
265
269
242
352
320
300
302
222
345
9490
524
296
373
287
210
304
524
263
392
280
190
242
255
238
620
272
147
293
236
357
250
524
227
186
272
149
225
285
296
249
223
183
359
235
262
257
286
258
357
266
201
256
279
261
230
280
265
327
294
290
5405
152
517
257
243
282
242
250
287
716
295
227
268
323
563
311
524
286
271
241
157
272
296
253
266
241
312
327
239
351
310
252
252
275
246
332
225
274
273
524
273
218
264
298
219
187
204
438
240
257
302
244
289
319
261
292
196
364
319
349
208
278
205
320
173
251
239
368
261
186
270
215
147
319
234
261
309
145
240
236
287
251
239
265
320
221
284
524
325
300
340
251
281
219
289
330
224
138
239
253
289
320
242
313
262
220
166
387
224
266
225
201
257
285
227
304
239
353
298
315
286
275
524
158
279
307
262
248
217
397
524
248
181
793
165
212
268
243
213
251
232
341
524
220
261
1132
244
235
309
544
373
245
239
246
275
162
201
251
524
142
208
287
274
280
271
131
248
269
289
374
338
410
213
545
292
292
524
296
266
138
219
270
273
232
221
207
232
236
295
261
192
261
261
287
279
280
252
358
298
236
280
256
241
271
302
284
524
257
230
386
286
234
309
307
262
379
178
297
524
253
270
217
189
248
5841
284
524
239
249
283
243
264
227
298
183
222
524
255
268
212
237
170
364
194
1133
259
245
244
524
151
524
266
286
264
284
229
242
304
321
524
261
342
485
813
524
267
292
221
292
240
245
524
259
265
355
325
329
248
256
318
245
341
524
324
698
249
267
413
226
249
524
240
300
379
243
233
197
214
498
273
215
261
188
227
524
218
215
194
154
312
304
136
242
257
334
302
524
524
255
156
254
264
263
132
221
307
224
278
252
381
509
263
289
194
280
260
178
221
164
1032
260
229
352
241
280
277
291
204
524
342
269
650
247
246
309
303
260
147
352
358
142
213
200
314
230
163
524
248
280
524
382
266
294
406
4332
524
231
275
254
261
524
409
320
524
254
239
268
188
524
548
248
209
348
572
254
309
524
254
524
209
369
524
290
247
314
179
242
233
239
295
205
332
209
268
284
282
288
272
405
272
260
289
460
422
263
260
394
310
249
253
524
242
227
172
287
298
275
287
685
524
170
886
554
306
269
246
302
274
268
302
262
174
244
277
261
716
276
209
374
338
240
320
524
197
184
222
231
224
184
1514
170
259
269
147
252
524
288
216
242
239
239
269
252
268
4122
131
183
336
342
524
289
274
314
257
305
242
298
250
290
266
251
785
165
313
150
305
382
277
1169
351
262
223
229
251
498
304
214
296
235
274
146
249
806
252
309
286
255
300
295
223
801
176
252
140
292
260
267
524
298
524
289
263
524
236
218
290
232
310
261
168
263
258
212
203
240
274
234
233
238
524
257
296
256
181
524
292
305
261
274
260
296
212
524
239
187
235
238
524
280
220
352
236
516
401
524
261
242
268
252
231
239
524
230
1351
262
1682
246
283
370
157
544
258
249
256
256
264
133
220
198
260
259
221
249
248
250
524
220
295
301
450
233
227
240
230
285
5349
240
131
187
258
218
297
222
261
267
265
790
257
251
240
524
146
234
215
257
525
223
345
167
289
475
217
281
555
524
524
198
524
250
189
265
287
162
212
262
519
240
222
271
204
497
131
336
933
246
299
208
324
247
274
303
247
227
265
316
334
502
238
524
264
205
252
358
225
259
164
131
452
157
222
524
213
265
201
240
524
295
208
277
286
327
282
277
222
249
508
262
234
221
550
221
789
241
524
524
226
273
318
205
318
289
208
277
249
338
262
400
247
522
1613
304
255
152
247
524
256
274
290
272
237
289
524
265
286
247
524
307
221
299
237
240
270
210
272
243
524
257
175
212
259
268
524
263
149
206
327
218
296
538
213
302
221
324
252
215
189
256
315
524
160
238
217
380
319
313
200
219
222
193
253
278
524
213
318
504
254
278
259
259
343
261
142
198
191
158
587
225
162
683
368
201
236
194
219
300
266
296
142
256
308
642
194
310
208
351
191
304
246
257
238
272
206
524
269
351
192
330
524
184
263
524
285
238
385
243
216
262
524
183
189
334
246
273
245
207
170
524
257
899
347
272
140
179
175
269
178
260
286
294
226
376
165
1341
229
282
312
294
241
186
213
524
143
229
273
260
205
331
236
249
456
432
329
241
524
315
322
202
263
286
372
280
306
524
260
260
251
153
243
287
354
376
249
261
214
265
598
524
260
524
242
267
329
134
209
259
656
524
280
231
233
256
325
212
295
152
238
235
236
263
232
263
264
274
308
524
524
316
207
194
287
251
297
217
524
304
261
270
286
259
302
735
203
221
261
245
311
332
231
268
230
311
253
260
259
362
177
257
326
312
205
231
299
175
524
390
266
180
211
524
211
265
524
261
251
270
224
300
253
524
210
524
149
451
236
259
607
238
544
2337
249
166
524
236
517
244
279
524
280
268
262
286
234
226
1087
280
131
234
281
251
253
259
1519
181
238
252
260
763
214
240
357
138
206
210
383
524
243
206
244
186
524
237
221
524
217
257
524
486
262
283
278
194
251
219
244
242
524
287
352
209
188
319
288
298
304
524
316
240
252
277
312
252
385
265
203
298
253
211
188
219
213
189
294
201
1625
225
382
295
286
524
134
370
196
532
184
251
524
305
188
219
319
248
178
263
243
261
254
150
198
332
219
167
204
524
244
202
237
262
230
253
1020
278
228
337
220
299
365
347
232
505
176
242
524
222
318
194
196
236
244
258
365
250
195
213
176
253
254
237
254
524
202
247
269
169
524
524
353
261
206
277
193
243
240
210
177
134
241
265
216
241
164
286
361
212
308
283
278
205
211
133
298
380
229
261
237
212
194
177
262
288
317
186
244
363
237
380
238
179
222
342
380
292
182
272
313
524
320
524
258
258
524
204
250
524
201
385
353
229
151
269
193
495
199
251
166
206
470
236
240
231
282
173
218
291
293
344
524
524
586
1056
524
238
211
241
298
174
269
274
262
250
138
211
524
181
142
282
248
270
159
164
3375
216
358
352
2079
294
279
193
2061
305
135
222
169
224
165
136
290
241
524
316
481
524
274
259
524
524
245
162
331
285
223
524
524
319
197
524
524
241
187
296
290
369
260
292
524
327
241
152
524
264
154
294
254
221
202
262
223
489
524
245
236
198
147
524
195
205
227
195
199
274
524
246
131
257
524
205
2587
524
721
319
210
249
166
524
235
280
230
152
221
209
1564
249
219
524
289
308
334
217
236
233
201
379
239
228
385
269
309
363
282
149
293
232
216
143
249
223
252
171
5349
524
524
250
269
221
355
209
524
215
193
524
208
281
336
524
155
194
222
524
264
303
239
524
524
291
264
529
183
252
188
342
524
139
265
252
307
345
260
197
359
267
337
1613
218
647
337
254
241
212
180
198
331
198
189
143
293
205
524
259
285
225
271
289
265
229
273
336
713
152
217
524
172
291
315
263
194
207
346
196
275
259
285
524
195
581
159
3184
545
260
211
1637
338
524
206
171
261
524
256
306
160
226
300
295
266
237
139
219
256
320
244
919
259
524
307
447
243
217
224
524
193
273
331
234
290
282
261
524
300
992
524
269
269
195
218
206
321
186
284
281
524
278
250
131
254
524
524
237
142
478
359
263
1010
206
204
524
524
283
452
524
324
309
280
524
255
316
337
281
248
265
393
253
276
189
287
194
259
212
278
196
250
527
183
287
524
256
536
265
524
162
259
524
166
287
139
637
177
287
359
292
524
271
150
261
524
405
524
132
524
292
239
225
300
524
254
236
221
203
219
195
174
197
524
252
524
282
524
286
524
265
188
264
406
196
167
189
195
1470
149
226
145
524
524
196
206
206
524
354
1646
267
172
188
257
174
461
524
195
524
220
277
263
307
306
202
240
524
216
216
524
163
285
160
243
492
237
332
191
241
363
228
214
524
250
244
220
142
255
1774
759
290
179
232
444
229
174
321
303
540
201
220
524
255
206
230
524
412
262
243
273
524
524
601
297
208
260
524
524
689
282
308
524
316
307
265
258
297
524
242
524
203
235
232
1653
251
213
238
219
172
210
328
524
314
185
524
276
238
354
524
312
258
197
298
335
280
255
214
294
524
234
610
277
152
230
524
231
524
524
138
524
178
524
524
314
524
238
524
524
185
228
259
172
524
272
313
359
721
524
524
270
226
524
329
287
162
227
236
282
207
290
284
349
524
204
524
262
254
226
402
223
261
192
1444
180
268
324
293
251
524
206
235
147
282
285
194
237
524
242
201
327
256
207
162
156
524
524
177
799
206
308
351
208
226
245
274
524
524
238
242
242
274
304
258
524
207
338
246
210
164
423
263
264
524
524
524
457
524
131
256
1351
235
254
330
279
296
280
260
203
524
293
524
587
524
254
258
281
246
595
294
218
524
205
181
241
615
229
234
524
143
234
524
244
524
133
271
524
322
524
208
311
524
225
281
245
249
377
242
524
171
186
198
207
283
285
260
524
242
367
260
265
261
204
199
233
149
257
220
233
302
361
317
524
176
412
239
135
163
136
540
200
246
178
264
253
524
524
524
220
271
273
145
524
285
208
199
189
236
524
247
524
248
250
219
210
370
300
344
220
138
544
257
233
227
221
266
173
252
187
162
205
220
133
524
524
524
524
226
524
319
191
318
524
491
291
286
399
144
336
131
240
287
243
300
263
3281
182
214
240
228
422
280
221
301
222
524
549
248
227
524
332
524
207
292
282
206
334
191
524
524
855
524
277
185
220
261
280
311
242
175
524
2978
175
273
334
524
206
524
289
219
194
299
279
377
274
193
552
343
250
155
253
524
140
239
238
524
344
183
262
224
213
200
237
133
1077
215
524
524
304
298
524
202
184
295
524
524
524
257
211
220
199
524
524
524
235
380
259
270
267
1774
524
245
218
288
227
297
524
524
524
450
524
243
434
249
216
147
252
159
426
243
219
274
189
524
286
257
273
203
258
191
161
281
227
1019
179
317
221
525
165
291
177
524
259
205
524
244
285
142
214
325
348
253
251
305
290
141
247
229
239
178
386
244
239
160
327
131
524
249
342
2753
268
220
524
283
524
236
524
524
183
167
4122
524
264
216
298
261
213
266
295
530
338
524
323
264
323
160
524
292
524
1019
168
196
524
524
524
524
251
256
214
210
262
524
363
131
176
2327
214
286
524
242
524
195
205
180
390
237
273
278
853
141
269
238
269
228
524
210
290
412
216
210
524
217
249
217
230
264
147
524
524
524
261
288
235
266
262
212
180
221
524
238
194
524
844
181
792
252
661
201
277
219
133
524
201
260
375
293
314
260
524
302
174
262
135
203
274
524
212
265
524
153
524
447
217
178
170
210
230
198
524
153
208
174
287
157
203
142
196
496
232
218
262
201
524
524
222
178
186
225
524
291
524
204
249
524
524
240
288
141
224
250
270
173
253
191
524
282
254
198
524
166
193
800
524
188
249
261
164
283
270
204
524
249
524
524
233
245
524
260
137
411
281
171
524
253
136
236
524
141
262
216
261
131
203
363
600
215
204
262
524
273
524
192
177
134
524
524
273
198
215
221
297
319
231
323
259
245
200
517
261
440
240
524
208
524
156
171
257
195
259
286
267
233
255
220
209
259
256
524
317
280
183
524
303
293
524
246
215
185
524
524
267
304
242
327
196
327
246
205
261
524
354
524
184
524
524
189
524
349
391
213
300
211
524
244
145
259
141
524
227
256
272
177
524
524
227
269
524
256
285
330
179
158
222
153
207
256
168
524
458
201
524
277
524
524
301
216
192
212
150
213
319
524
666
171
194
253
244
2063
242
221
185
216
246
150
195
524
524
524
202
524
157
209
210
291
227
143
321
254
238
524
266
325
297
292
252
266
524
264
199
250
231
295
231
252
261
524
524
225
251
291
213
214
524
211
134
262
133
197
218
156
318
226
524
229
260
293
212
262
249
234
310
293
248
257
222
282
524
153
231
204
524
203
174
329
274
298
179
241
232
524
524
524
204
524
311
524
278
524
188
240
1887
142
524
233
265
225
157
524
524
215
524
946
184
259
221
524
175
241
159
524
246
208
275
524
253
1673
216
260
177
524
283
204
473
160
324
379
235
154
279
219
524
230
232
206
364
287
240
524
131
320
294
524
202
250
524
235
237
131
287
222
213
524
269
153
193
153
165
367
524
220
327
356
524
279
199
212
241
217
287
154
1637
258
222
524
246
254
254
319
240
524
290
3675
169
524
230
174
189
524
168
226
235
233
246
165
390
231
524
229
261
524
247
524
335
218
325
131
244
173
244
210
262
287
223
165
336
273
240
645
167
819
258
167
214
253
146
3628
186
256
281
170
524
524
524
140
278
300
142
722
281
524
524
224
463
216
254
169
393
524
206
183
524
238
233
205
141
524
524
524
524
280
524
231
524
219
524
325
239
263
162
281
524
244
194
524
290
232
240
524
179
314
524
242
487
153
524
2337
240
524
323
600
524
313
148
5170
229
242
524
223
328
157
226
271
524
1130
583
524
681
182
347
524
524
262
524
276
524
206
259
282
271
985
524
335
237
524
242
524
273
146
289
240
232
524
254
250
144
250
186
191
187
524
233
524
524
240
134
461
259
524
185
194
340
524
642
261
237
354
303
248
211
524
241
304
524
216
288
473
636
277
524
361
259
264
524
252
219
271
216
561
524
524
524
254
524
707
260
137
295
524
239
524
283
225
322
524
665
238
230
146
234
519
150
209
301
524
524
288
304
296
524
206
263
524
317
149
552
233
467
289
239
197
182
202
221
139
196
261
524
176
185
192
524
524
306
354
260
343
298
298
155
294
222
524
227
524
524
205
756
257
524
320
524
254
237
599
524
141
292
524
524
211
162
524
524
300
271
276
524
279
291
524
524
524
524
524
524
524
260
318
198
163
210
303
1409
235
184
251
244
305
313
180
291
193
277
524
219
346
475
234
196
221
282
315
1153
291
524
148
211
261
248
288
239
245
148
247
279
513
143
171
133
238
344
253
524
1642
524
307
156
524
491
524
317
524
209
524
226
182
524
524
235
535
452
308
310
524
224
178
199
524
524
524
524
260
237
231
344
254
306
372
282
524
232
524
285
524
156
524
524
263
201
524
229
524
215
179
524
245
288
524
291
264
524
524
220
524
230
279
292
524
204
134
2838
137
150
237
220
524
186
391
193
524
284
524
269
327
243
237
324
181
245
524
196
219
138
524
524
524
524
228
203
261
208
524
273
209
219
524
524
245
193
301
187
242
524
266
524
329
257
326
147
256
273
524
524
162
361
234
405
226
524
524
247
524
524
524
524
375
219
524
524
337
135
180
524
210
215
169
268
242
242
222
210
252
198
191
202
606
545
524
263
524
206
524
251
247
524
297
364
203
203
524
227
197
326
255
169
524
524
257
238
277
192
524
159
172
208
524
256
524
164
6848
524
218
411
1098
189
271
524
347
282
524
138
161
176
208
314
262
261
285
212
524
172
134
524
367
131
247
321
213
524
524
285
248
269
251
535
524
586
524
651
171
255
218
278
524
278
275
247
234
256
260
180
221
236
194
524
524
131
232
524
257
524
143
524
352
421
265
354
524
258
201
524
293
524
274
309
178
225
524
271
300
133
284
302
524
182
524
524
267
524
227
464
524
524
271
524
286
524
160
196
524
524
162
141
524
819
524
241
132
147
415
524
524
258
199
524
169
262
197
175
214
221
185
524
524
133
243
524
5405
210
260
261
524
183
346
524
293
247
297
228
206
143
524
524
153
524
285
502
524
261
524
224
239
1165
290
239
524
210
239
143
143
219
336
524
274
243
524
244
524
289
969
334
524
168
247
301
236
524
524
213
524
164
242
524
524
269
524
294
226
222
315
181
524
323
186
524
213
251
176
305
207
524
255
196
192
524
131
264
265
524
143
524
179
214
524
277
524
207
524
180
524
159
524
268
524
524
524
243
173
219
135
229
146
524
200
282
282
228
524
310
524
258
168
306
374
524
524
193
450
524
524
138
250
160
237
236
524
524
567
204
524
524
1759
262
524
160
185
139
237
278
194
138
172
524
236
524
548
210
285
184
264
364
264
256
524
190
178
524
255
200
442
192
489
282
211
524
264
153
524
213
783
261
266
524
3675
265
524
202
197
524
536
445
507
177
163
524
524
524
524
524
524
524
211
290
213
228
267
524
524
338
215
381
198
172
524
227
190
524
524
239
195
254
309
140
290
297
524
217
267
253
232
524
524
1755
672
524
524
524
352
524
524
524
224
176
268
267
159
247
156
524
524
524
579
524
188
1384
524
299
503
524
139
193
205
154
164
524
1390
145
204
258
524
524
524
159
221
131
524
743
262
141
268
131
174
1567
266
261
221
259
198
524
524
524
243
524
158
220
524
524
277
429
357
524
250
188
162
524
524
524
524
524
137
232
301
484
251
524
321
179
524
225
180
157
524
524
524
243
140
524
524
197
236
155
620
255
524
524
524
524
282
524
524
524
320
170
197
181
142
524
586
524
211
524
524
262
224
240
285
131
260
141
524
190
197
524
524
148
239
159
524
232
191
175
138
373
177
524
181
212
183
175
524
574
202
214
198
300
524
524
137
524
262
524
219
236
524
200
504
148
286
184
524
244
188
524
301
254
194
252
524
524
524
228
524
524
180
216
219
264
201
524
321
524
514
194
289
524
166
212
242
232
524
263
131
524
259
524
524
202
138
524
180
242
265
202
143
180
555
167
191
334
524
187
524
324
198
198
214
524
194
372
262
524
291
247
524
235
219
524
190
219
173
262
146
524
524
524
251
524
146
524
524
524
207
524
371
286
224
196
546
524
372
524
524
432
177
164
524
198
524
165
252
524
144
214
524
524
471
191
208
135
187
524
258
524
271
524
524
827
671
155
524
267
486
275
220
524
159
194
644
138
175
524
524
299
327
524
185
192
256
524
524
461
343
524
524
305
524
207
156
228
524
524
201
204
201
227
524
524
211
304
161
258
135
405
265
524
200
266
826
154
258
195
524
215
524
258
264
610
226
134
279
239
524
524
198
190
216
146
247
211
524
158
410
258
280
276
228
267
524
201
266
261
524
300
524
140
524
197
524
172
524
286
259
263
524
349
282
269
272
180
293
347
257
208
524
229
524
208
169
251
683
230
235
524
524
271
524
156
131
197
214
524
170
321
178
524
248
524
257
524
524
524
433
261
175
140
168
347
231
131
524
156
204
240
421
193
252
162
192
420
232
154
524
524
524
245
151
524
204
753
193
181
524
282
524
285
524
252
131
344
186
219
241
188
524
524
213
197
524
258
196
524
285
246
524
4275
524
212
273
214
1246
524
150
524
524
524
306
248
370
524
254
204
524
1887
271
142
524
524
669
178
524
168
139
298
288
524
524
524
304
524
347
354
483
971
186
524
289
168
249
524
524
220
524
183
524
208
227
524
274
198
524
524
524
524
286
326
280
524
524
167
524
257
524
524
242
196
265
524
196
248
288
391
178
304
524
524
524
524
269
207
192
340
524
524
280
524
178
354
230
201
223
165
187
524
524
524
247
371
153
524
524
178
342
194
226
190
819
211
428
196
524
339
524
267
524
572
524
524
234
248
155
768
265
266
183
142
317
135
270
225
143
258
250
203
524
189
524
1346
228
595
326
524
168
264
524
144
291
524
209
140
642
270
524
192
226
145
186
524
217
524
348
240
524
165
144
261
524
133
469
262
141
524
205
524
369
299
262
246
524
249
159
216
524
318
267
249
524
216
524
327
262
234
524
382
524
524
524
149
151
303
524
193
300
524
524
524
623
1061
309
265
150
524
524
172
524
202
524
133
244
260
177
179
524
524
163
524
317
524
133
290
524
215
524
199
524
159
524
264
217
222
524
524
156
524
524
236
259
524
267
443
295
524
805
524
278
214
524
167
188
524
197
206
320
524
181
524
144
524
524
524
524
289
213
524
184
524
239
187
524
524
524
524
428
132
216
233
479
524
235
257
212
524
524
261
524
524
524
386
524
524
320
524
524
258
232
524
524
773
312
524
524
524
524
167
524
221
524
524
524
524
524
2297
131
524
524
524
167
148
524
524
208
524
219
524
524
243
304
237
322
190
1327
268
253
524
261
219
524
207
364
284
415
524
343
157
180
349
524
230
254
291
524
242
170
131
310
524
524
524
524
134
202
207
315
234
524
275
254
524
189
524
263
524
225
524
231
156
524
524
226
172
180
524
524
193
524
524
524
524
515
222
215
665
206
490
524
196
198
165
590
3527
218
347
524
199
178
524
135
524
1027
151
524
261
224
176
131
524
524
524
524
524
289
524
211
568
176
524
243
524
269
223
472
2397
524
524
261
159
208
524
367
164
871
134
248
208
132
524
524
297
293
524
188
143
166
161
524
292
215
266
195
195
165
524
253
524
266
524
268
3281
180
178
159
302
524
524
241
4037
279
524
524
524
524
263
373
132
524
2564
166
201
3436
215
463
147
524
537
524
301
260
524
296
204
219
524
200
4889
189
524
224
260
155
247
223
218
192
213
131
136
272
524
218
524
334
524
258
245
524
193
524
2113
1052
193
206
261
524
195
524
524
212
230
524
524
524
280
524
336
204
524
147
524
248
239
524
524
133
228
211
186
524
524
150
524
184
218
524
192
524
187
579
226
524
524
298
524
524
211
139
144
207
524
524
254
177
263
524
373
524
524
524
159
220
524
163
269
244
524
131
489
152
144
192
524
250
210
524
524
266
179
209
524
524
131
560
524
287
261
219
251
231
236
292
333
524
263
239
524
524
151
497
221
524
247
242
524
524
524
524
360
524
233
216
180
524
181
175
524
225
524
524
524
524
252
189
1465
286
524
524
152
141
524
524
155
524
237
951
524
263
524
184
524
161
524
524
524
599
524
252
209
524
524
345
152
524
524
524
154
173
524
524
221
524
159
524
590
524
186
524
524
524
524
175
160
165
524
524
524
524
274
524
524
1037
524
246
524
510
227
524
295
524
1509
217
858
524
228
300
159
131
524
524
250
243
524
242
325
524
232
218
264
524
201
148
524
283
230
524
524
251
524
1313
524
218
157
161
164
290
524
524
216
191
524
524
142
200
208
524
524
209
524
194
131
524
524
186
524
524
524
524
245
524
524
524
133
235
524
196
1115
524
225
524
208
131
524
524
223
180
182
524
524
158
525
229
524
521
524
164
341
197
524
524
246
153
236
182
181
246
524
759
524
524
524
227
159
524
278
201
177
225
524
524
1410
280
278
524
524
524
235
152
216
146
524
524
131
157
524
445
524
204
142
135
238
524
157
218
249
2182
524
524
260
524
289
524
248
524
524
524
354
213
323
524
524
264
247
524
524
296
148
524
524
224
223
157
524
204
524
186
214
225
524
296
524
156
225
3378
513
208
230
524
257
524
524
184
194
294
223
524
236
192
524
437
218
174
524
348
262
524
327
166
524
524
793
245
524
209
524
563
261
134
524
524
242
233
394
524
524
215
233
196
524
169
200
524
289
235
199
322
524
222
524
524
152
524
268
205
487
524
626
222
346
543
194
524
146
524
211
179
524
524
216
165
267
594
187
524
1757
279
189
219
524
524
310
524
516
239
524
176
524
257
311
524
436
524
524
139
524
192
524
524
524
228
131
524
524
183
524
193
524
244
257
244
342
216
183
170
258
524
228
524
1449
524
188
226
132
524
524
524
524
257
524
244
221
524
148
524
150
524
150
248
209
524
524
3436
195
524
169
524
524
201
524
138
318
524
135
178
276
216
524
157
161
524
524
524
174
176
192
208
524
524
304
631
524
524
524
136
249
230
229
294
524
296
524
524
524
159
524
224
524
143
524
218
191
244
164
173
524
524
2515
190
524
524
170
524
232
188
524
242
524
524
196
211
235
524
139
135
182
147
191
320
524
524
524
524
524
248
524
237
524
154
524
262
161
265
220
524
524
303
174
175
524
524
524
265
223
524
182
524
260
248
524
4128
524
131
524
146
524
155
260
159
524
524
157
133
191
524
524
219
186
230
131
232
151
524
441
321
524
524
237
181
257
252
200
524
132
263
524
299
524
524
524
200
227
524
524
524
524
524
260
143
162
524
213
197
524
524
524
136
213
524
229
524
237
524
524
185
524
524
524
524
524
140
255
182
446
524
239
524
524
186
363
187
524
524
524
1030
334
1490
257
263
524
238
670
290
4775
524
524
524
234
524
178
305
236
524
302
227
224
290
524
140
279
142
524
524
524
524
993
524
182
524
524
524
178
524
179
258
138
524
212
299
131
206
162
227
524
131
475
169
524
221
524
135
163
153
207
524
524
524
1310
277
524
188
524
260
196
524
524
524
524
180
524
524
522
494
524
148
229
2978
524
524
242
524
255
524
134
524
524
524
524
172
249
524
223
524
524
168
131
524
524
159
524
524
524
180
524
170
398
524
185
1510
230
183
524
201
524
262
268
1691
524
524
524
524
236
524
261
524
231
266
183
524
524
141
281
524
524
524
423
524
269
524
524
214
990
524
131
524
524
218
171
175
524
524
1564
207
524
524
722
524
262
524
313
524
524
253
260
524
140
524
357
524
173
524
524
218
425
524
422
210
243
225
136
241
271
524
524
133
356
833
210
183
524
524
186
205
216
213
524
143
178
524
524
524
524
138
135
524
268
183
224
524
524
524
524
524
175
524
524
524
164
179
524
524
524
524
151
187
159
524
139
524
131
524
524
524
524
222
218
524
253
315
572
165
524
524
333
732
2563
524
142
272
524
218
524
231
524
524
276
180
524
255
524
205
524
159
524
524
524
254
524
524
246
341
524
211
524
524
524
524
131
131
524
252
524
524
524
524
236
268
524
524
1410
179
195
524
524
140
1881
287
150
524
524
524
201
524
206
203
524
131
546
524
524
211
524
524
220
1625
430
168
524
233
5406
524
223
241
524
679
524
524
524
524
524
181
148
192
524
161
524
524
196
609
141
524
185
524
248
524
524
205
524
198
524
186
335
265
524
524
524
131
271
524
210
524
288
524
524
524
599
524
524
524
170
187
524
524
524
524
267
862
524
234
1730
524
524
196
194
827
524
524
524
204
573
524
131
2506
657
173
271
524
175
524
524
524
310
240
524
302
524
524
206
524
167
178
211
188
131
172
2189
524
524
180
267
524
524
166
524
524
524
524
150
524
222
524
161
524
524
214
225
524
167
251
524
524
184
171
262
207
243
184
524
524
524
524
313
524
223
189
158
230
185
227
524
300
524
285
524
230
151
131
215
303
524
191
524
244
213
219
524
315
524
146
270
253
345
524
273
260
524
524
524
232
524
524
208
2182
289
524
524
524
524
524
524
238
524
524
224
524
524
524
134
242
524
524
524
524
524
524
524
524
345
524
267
524
524
524
131
201
485
524
524
524
256
524
202
524
150
139
309
142
195
498
191
224
220
524
524
469
524
524
524
524
199
524
232
524
131
205
245
524
276
524
163
139
213
276
524
216
524
524
524
524
524
146
524
274
524
524
309
524
524
524
134
467
173
524
217
389
188
147
524
524
524
140
231
524
210
524
224
191
524
524
160
171
264
524
267
524
524
524
223
271
524
155
524
645
269
524
524
156
236
524
524
524
363
524
259
524
524
203
131
524
524
524
379
524
524
524
242
524
215
144
524
524
131
206
524
524
524
196
524
182
198
1546
524
398
524
524
524
524
426
156
524
188
229
524
524
524
524
214
524
172
471
524
192
524
184
290
190
280
131
182
252
524
524
524
221
163
131
167
260
524
524
321
524
524
524
524
462
247
222
524
186
524
261
524
238
788
212
524
262
409
194
207
217
524
176
210
241
524
524
151
263
225
353
284
179
167
524
214
524
524
203
524
216
524
243
524
524
2099
188
524
524
524
524
180
1973
166
236
524
247
524
235
524
198
524
219
2079
256
209
524
524
4275
524
625
524
323
524
524
240
524
524
170
481
524
524
150
142
212
271
524
290
182
524
194
206
147
272
524
524
524
524
524
181
233
524
524
260
524
139
221
207
135
524
524
779
524
139
240
2192
524
524
257
306
524
524
189
524
245
524
524
524
197
524
338
524
160
524
303
524
524
193
524
524
181
524
346
263
524
243
524
131
524
304
273
391
524
524
524
524
171
524
679
524
524
524
524
524
524
257
524
133
284
201
302
1078
524
243
402
524
756
524
524
271
524
400
524
259
524
257
2978
201
524
146
524
524
145
524
171
524
188
229
524
243
524
524
307
215
524
524
139
257
253
524
524
524
524
222
524
524
244
524
524
524
131
940
235
192
524
524
146
524
305
524
524
524
310
524
524
524
135
512
265
524
524
524
524
358
524
251
167
524
250
256
266
458
524
524
283
194
524
524
524
524
131
1388
237
524
524
524
524
524
524
142
524
243
459
150
524
524
524
524
899
134
524
151
247
203
524
524
268
361
524
226
524
152
3644
186
208
524
1961
524
524
524
133
524
524
524
524
524
290
197
524
524
524
289
524
215
198
524
247
154
199
230
524
347
180
172
524
168
132
524
165
524
317
5406
524
524
142
241
524
524
524
135
524
183
201
213
524
524
524
233
131
186
524
391
524
328
524
193
524
524
524
524
168
524
946
462
305
131
524
524
237
524
359
277
524
299
202
524
524
232
524
450
524
524
524
524
254
182
524
212
422
236
524
382
524
524
524
524
201
441
524
1218
367
204
249
524
190
524
524
524
524
524
296
158
362
1000
524
524
347
239
197
524
524
285
617
185
524
144
277
524
211
524
346
524
273
209
524
524
524
225
250
524
524
219
259
524
153
524
524
524
261
175
524
244
666
524
219
524
524
378
538
524
524
524
524
524
470
212
524
524
524
131
524
147
184
134
524
524
524
137
524
524
524
524
524
524
524
131
524
524
300
524
348
1109
235
178
524
131
131
177
298
524
524
211
524
131
271
524
194
524
287
524
206
524
524
290
524
524
524
524
524
524
131
268
131
389
524
524
524
524
524
212
143
380
279
171
524
219
332
524
524
524
251
524
524
2061
524
142
524
138
524
524
524
524
524
229
524
524
273
524
524
524
524
233
524
171
183
524
292
524
524
131
524
640
266
159
226
162
524
524
524
155
524
524
524
524
524
524
524
321
524
700
188
199
524
524
400
154
524
524
227
193
180
524
524
159
261
524
524
524
368
524
524
147
524
550
524
524
524
524
524
524
232
221
524
524
202
149
524
1592
524
524
192
524
524
208
177
524
545
206
524
524
465
350
524
524
524
524
166
524
524
524
524
524
524
524
157
524
228
524
524
189
524
524
211
524
234
524
270
524
226
524
524
202
524
524
524
524
253
156
524
524
524
524
524
524
524
524
150
524
213
524
221
206
198
524
190
524
524
524
524
524
421
524
524
524
524
524
651
524
135
162
185
524
524
237
189
131
143
524
237
191
524
324
524
524
185
524
743
216
524
163
524
524
524
268
524
206
524
524
253
524
193
162
524
524
524
524
202
524
215
524
263
524
524
717
524
524
524
524
266
524
524
1009
524
524
155
524
269
264
205
299
524
1510
524
524
321
524
524
1178
524
198
524
325
181
156
524
209
524
524
524
524
157
524
253
524
524
256
144
258
6848
524
524
524
524
524
296
524
193
192
214
524
524
524
524
173
179
534
146
264
192
295
524
524
170
135
149
223
200
524
524
524
524
167
163
525
276
216
508
524
245
158
257
524
2711
262
524
524
524
524
524
524
524
524
217
524
524
524
524
213
524
140
524
748
524
524
180
524
524
138
524
524
188
524
524
524
524
524
284
524
226
157
524
572
242
524
143
398
141
524
524
199
524
524
524
524
524
238
524
333
225
524
524
524
524
311
524
294
524
524
524
524
524
524
262
161
226
524
524
212
524
216
195
524
727
183
251
227
524
524
139
524
524
524
524
524
524
524
524
159
305
131
169
524
245
207
783
524
524
524
172
524
524
240
524
352
5778
524
524
524
524
524
524
524
524
684
524
255
131
524
157
524
203
149
524
524
203
524
141
524
524
524
524
524
477
524
140
524
524
524
524
524
177
230
131
524
524
524
524
154
524
184
524
168
524
524
524
524
238
524
524
524
524
524
524
524
167
524
524
200
524
524
524
524
524
131
182
191
204
524
524
262
524
524
524
524
524
524
524
168
202
524
524
159
524
524
220
524
524
524
367
524
524
524
222
132
524
184
524
524
182
524
212
192
178
246
230
524
524
144
131
1733
524
131
524
186
228
524
524
524
524
239
524
524
524
313
3184
524
221
192
524
136
524
202
524
151
524
524
524
191
524
524
524
524
524
524
134
524
157
524
524
855
524
524
903
524
524
728
524
524
524
524
236
524
524
166
524
211
306
524
524
524
191
257
524
524
322
195
184
524
131
524
524
389
273
524
524
137
524
524
140
402
138
138
524
524
524
524
524
524
163
524
481
524
341
220
131
4889
378
180
190
524
524
303
153
524
524
524
524
524
524
174
153
161
524
164
524
524
271
524
524
524
520
524
912
215
524
524
524
524
400
524
524
187
210
524
524
271
237
524
524
524
524
524
524
524
524
524
524
524
131
524
182
524
524
524
524
321
381
524
196
182
524
134
524
160
177
236
524
524
316
524
259
524
524
524
524
263
131
524
220
524
524
524
524
524
524
144
208
524
243
137
524
524
524
159
524
232
199
134
297
524
210
524
524
524
524
524
524
524
183
524
172
464
524
218
294
524
218
524
249
524
524
182
524
524
524
239
190
3375
524
227
215
524
186
524
262
524
524
205
524
524
524
524
524
445
524
166
524
136
524
524
524
160
524
204
524
227
261
213
134
292
149
524
135
224
524
143
524
524
524
1316
524
149
524
524
524
524
524
524
524
304
743
524
178
524
524
134
524
140
272
606
524
524
524
524
396
524
210
524
524
524
524
524
149
236
524
524
524
158
524
299
524
524
172
231
524
524
524
524
1115
524
524
524
524
189
524
524
524
524
183
524
279
318
249
182
265
524
132
524
524
524
524
175
132
524
524
524
140
524
296
303
524
223
524
524
524
131
524
524
524
524
312
512
524
524
524
524
412
524
524
524
524
524
524
524
524
240
299
524
524
524
294
227
189
9490
524
3628
524
524
524
524
524
235
1491
524
141
524
524
524
524
524
524
524
173
524
524
142
524
524
524
524
524
524
212
524
377
241
158
524
524
524
524
213
131
524
524
1082
524
524
524
524
241
524
524
524
524
524
524
306
228
524
524
163
524
524
524
524
524
304
284
135
524
198
284
148
153
280
524
205
524
524
195
274
190
196
524
524
198
524
136
524
524
524
524
140
173
524
268
524
524
132
524
285
524
298
524
524
524
524
524
524
524
234
205
234
524
235
524
254
194
524
524
524
524
262
524
524
172
235
524
199
524
524
524
524
524
217
524
254
524
352
281
524
524
298
524
239
524
216
148
524
524
524
524
204
196
524
524
524
197
221
176
524
524
524
524
175
524
248
151
524
524
200
524
524
524
243
524
524
524
524
185
524
148
203
177
524
270
511
1684
524
227
161
380
169
524
524
524
524
524
156
524
524
161
524
236
524
524
201
524
524
1477
138
131
524
524
246
226
168
524
524
524
524
158
237
196
140
254
524
524
524
157
524
169
191
524
264
524
168
524
524
131
524
262
524
524
524
211
131
524
524
220
524
524
255
212
286
135
162
524
524
194
287
140
524
524
524
524
524
524
524
237
524
218
524
524
290
524
524
524
196
524
269
192
524
524
524
524
131
524
231
524
524
524
524
524
304
179
524
524
524
524
193
524
524
524
193
524
524
242
524
289
524
524
524
524
198
524
524
524
524
524
159
524
201
423
524
524
186
524
524
524
524
524
215
524
524
524
132
524
524
524
4775
524
139
524
524
524
524
524
524
524
524
524
524
494
524
239
524
524
524
524
524
314
422
184
524
223
524
176
160
524
524
524
138
524
524
524
524
201
524
524
524
524
524
241
178
458
171
524
326
524
233
171
524
524
234
524
342
524
524
249
143
259
524
613
524
524
156
524
524
524
524
524
230
524
214
524
524
524
524
266
524
524
207
524
276
241
247
524
524
524
524
135
524
638
297
524
286
524
524
309
539
524
524
524
274
354
524
299
524
297
524
524
524
524
163
164
524
524
524
524
132
524
524
272
524
524
524
231
235
618
141
524
442
524
524
524
175
524
524
524
524
258
524
524
524
390
524
524
298
524
191
524
174
524
524
180
316
4037
524
132
234
524
524
524
524
524
140
188
225
524
147
524
524
214
157
131
524
524
182
312
131
524
524
524
233
524
524
524
524
3551
524
220
524
146
524
524
524
165
524
524
203
306
236
176
524
292
489
524
171
524
261
524
307
524
524
524
132
524
524
2063
524
524
248
438
524
524
524
240
561
131
524
1023
524
524
524
524
524
151
241
163
524
524
524
524
524
524
524
208
524
225
268
224
524
168
206
524
524
524
524
165
524
524
189
504
524
524
3436
524
524
232
524
190
257
241
524
524
524
524
524
3327
524
524
524
524
524
250
157
524
172
318
524
524
279
524
233
524
524
524
214
524
524
524
418
524
202
524
361
419
2400
524
198
131
524
162
524
524
524
524
524
181
524
524
524
533
149
524
135
524
524
524
524
524
524
524
226
524
524
188
524
524
159
524
524
178
524
524
161
296
524
524
524
524
131
278
524
524
145
242
524
230
524
524
148
524
143
524
218
524
196
524
1546
524
524
524
165
524
524
227
141
524
263
524
524
171
524
524
524
237
212
524
524
255
524
524
182
208
524
524
255
173
524
524
250
508
524
524
524
524
225
434
524
524
524
524
524
131
190
524
524
524
524
524
133
469
722
265
278
208
1728
524
524
524
207
131
584
192
524
524
295
141
524
524
139
524
524
524
524
524
524
355
524
524
524
524
524
524
380
524
306
524
524
233
524
4037
524
329
524
524
524
524
524
284
163
188
524
524
524
524
524
524
524
216
524
172
173
524
524
524
243
271
524
524
287
259
524
524
318
131
524
524
1393
524
524
524
207
524
524
302
524
524
524
524
524
524
524
456
489
215
524
275
524
524
524
524
524
524
524
524
524
1950
524
524
228
524
219
524
158
524
295
159
524
524
524
524
230
235
524
131
149
524
524
267
365
450
524
295
524
524
524
524
524
524
369
524
524
254
524
164
232
524
524
524
524
524
524
524
199
524
524
131
524
524
524
220
524
203
214
524
524
170
524
524
524
524
634
524
524
524
524
241
135
524
137
524
524
524
524
441
524
524
138
524
145
524
524
299
524
853
524
524
360
179
524
524
215
174
190
524
524
524
524
524
189
524
524
229
524
197
524
524
524
524
148
524
472
209
524
524
524
524
524
524
2099
524
524
524
524
524
524
139
219
524
524
251
524
524
524
524
806
165
524
524
524
524
132
131
206
524
198
524
190
524
524
524
524
199
322
524
524
384
524
524
166
524
524
524
524
278
524
6848
524
524
524
269
524
210
631
524
524
524
284
524
524
524
143
524
331
221
259
524
524
524
524
524
212
194
147
238
524
524
524
1853
524
524
524
524
200
165
216
524
524
164
524
524
9490
204
524
132
524
498
172
524
524
524
203
813
524
161
254
524
172
622
145
280
524
229
141
524
232
131
261
524
524
175
524
524
524
524
204
524
524
524
524
524
524
524
524
524
252
524
4889
300
524
524
524
524
241
524
139
524
524
524
524
524
524
166
524
524
299
524
524
1755
524
524
524
524
524
524
524
390
524
524
524
245
202
524
524
229
178
524
371
524
206
524
524
524
139
524
524
524
341
524
524
524
524
524
180
139
265
172
524
524
524
524
524
205
257
201
524
524
524
524
524
524
524
9490
524
524
524
524
524
214
524
524
524
524
524
524
524
524
524
212
524
524
524
524
524
524
524
524
788
197
143
524
524
524
524
3527
524
524
524
524
266
524
524
524
524
524
269
524
524
524
524
2998
283
524
204
524
524
524
5406
524
524
524
524
524
131
201
524
524
524
524
524
524
255
329
524
524
5406
524
205
524
208
524
524
524
248
250
524
524
524
2400
524
524
524
524
524
524
293
524
524
524
137
269
524
524
524
524
524
166
524
524
248
524
264
524
524
167
524
524
524
214
524
217
524
524
181
219
524
524
524
524
524
524
524
524
524
753
524
524
524
524
524
170
137
149
524
524
524
188
524
524
524
524
524
524
524
524
524
524
524
524
526
524
524
524
524
524
524
535
524
524
524
524
155
524
524
237
524
524
524
524
1501
261
329
524
1684
524
524
524
524
524
524
524
481
524
168
524
222
345
524
524
524
524
145
214
524
524
1135
524
207
139
159
524
524
524
167
174
524
249
1622
161
524
524
524
524
524
388
524
524
298
131
524
524
133
184
524
524
524
524
524
206
155
216
297
524
145
524
524
524
524
407
524
524
524
524
204
524
524
524
177
524
397
131
137
232
524
524
524
251
189
524
524
216
283
133
524
524
318
524
671
524
154
461
133
524
524
524
524
524
524
524
524
524
136
524
524
524
199
324
524
524
524
524
524
708
524
524
524
524
524
524
524
524
179
524
319
524
524
524
524
524
161
133
203
524
524
524
167
524
524
524
155
524
249
524
524
460
524
230
524
301
524
524
524
177
224
224
524
136
524
162
142
257
889
524
197
524
524
524
524
524
524
524
524
524
524
524
524
524
201
524
524
183
524
524
524
135
1397
524
213
219
217
524
190
260
524
524
524
524
485
524
220
247
524
524
219
524
653
524
131
131
524
524
524
524
524
524
524
524
524
524
524
524
140
524
524
477
172
524
524
524
524
524
524
548
298
524
524
524
524
524
149
524
524
265
524
133
724
524
524
524
524
524
143
258
524
524
524
253
205
524
524
194
524
524
524
524
524
524
524
524
524
524
524
240
524
524
524
524
524
211
213
524
524
524
135
524
524
524
1256
524
524
524
524
1984
215
148
524
524
202
317
524
131
524
524
524
260
546
131
524
524
524
136
228
524
524
172
147
184
524
524
194
1278
524
524
524
524
524
244
524
524
524
524
138
524
524
524
524
524
524
524
524
524
524
3628
524
748
524
524
524
524
524
524
205
524
266
524
349
215
969
524
524
524
524
524
524
524
222
524
187
524
245
524
524
174
524
524
278
524
524
497
524
524
201
524
524
524
524
524
524
142
230
524
524
224
524
241
192
524
524
524
271
273
524
524
524
524
1101
524
524
524
150
524
524
524
524
524
524
524
524
792
524
524
152
524
524
524
153
1774
134
524
524
174
191
194
194
524
212
524
526
524
524
524
524
255
524
524
360
524
524
524
314
524
524
524
363
524
524
131
524
524
524
524
524
207
524
524
200
1482
524
274
524
157
524
524
524
524
524
524
524
300
156
226
524
524
524
524
524
193
524
524
524
524
166
182
524
524
524
524
131
402
136
524
524
524
524
249
167
524
524
524
524
263
524
524
524
524
524
524
524
524
524
524
524
524
524
524
524
524
524
192
223
524
524
524
524
524
9490
524
524
524
524
524
524
903
165
524
135
524
140
524
172
221
218
524
524
1881
524
524
524
524
181
257
524
524
387
277
524
524
190
164
524
524
524
524
524
196
259
524
524
300
524
524
524
524
182
524
257
166
524
524
524
193
252
211
524
349
524
524
189
524
524
167
524
524
524
524
524
243
159
524
524
524
488
195
524
524
524
199
524
524
524
524
524
524
164
524
403
524
524
524
709
524
524
524
524
524
524
524
524
379
524
524
524
524
505
301
381
524
524
200
524
524
524
524
524
131
524
201
524
257
173
524
2175
524
524
524
524
524
524
524
524
273
524
524
524
524
524
524
524
153
524
176
524
524
524
194
524
218
524
524
524
524
524
149
524
524
524
252
524
524
524
524
221
524
338
524
524
524
524
5841
524
524
304
524
234
524
524
524
246
524
524
524
137
524
524
524
524
524
524
524
2515
524
524
524
524
524
524
131
524
145
524
524
334
524
267
524
281
524
524
297
524
524
524
524
246
524
524
494
211
524
524
524
524
524
524
160
131
524
524
524
524
524
321
538
524
524
5841
524
151
524
524
390
524
524
524
354
524
234
183
2026
524
214
524
588
524
524
230
524
524
189
524
131
524
262
524
524
672
524
524
524
524
132
524
524
524
524
524
524
524
524
305
244
524
524
139
524
177
524
524
203
524
524
524
532
524
524
214
135
143
149
524
175
203
524
214
2193
524
301
555
524
524
524
524
524
524
524
524
524
524
524
524
261
524
524
524
524
524
524
524
524
524
524
524
524
524
140
524
524
524
135
524
256
524
524
1158
515
524
524
210
524
343
265
524
524
524
524
524
524
170
524
284
524
524
524
282
524
251
207
524
198
275
524
250
524
524
524
524
289
524
524
524
524
524
524
524
524
524
524
149
524
524
174
524
232
524
524
153
524
524
524
524
524
524
524
284
524
524
524
524
524
524
524
204
524
524
524
524
223
213
174
344
524
524
524
2855
524
524
230
524
524
187
258
524
151
524
524
230
134
524
524
524
524
524
137
497
524
524
524
524
524
458
524
258
524
524
524
587
524
208
524
524
524
524
524
524
524
524
524
178
488
185
524
524
524
524
257
524
524
524
138
501
198
183
524
524
524
524
524
524
524
524
524
524
524
249
524
254
261
524
524
1119
524
144
163
524
178
524
243
524
213
524
524
321
524
524
524
234
524
524
136
524
524
524
524
524
524
1434
524
524
524
524
524
524
524
524
203
524
524
524
524
524
524
148
524
170
187
524
524
524
135
524
524
524
240
524
524
204
524
236
524
524
524
283
524
524
141
524
524
524
304
2998
1730
524
524
562
583
524
524
524
524
524
524
524
524
524
186
524
524
524
524
212
155
524
524
524
498
524
524
587
524
1334
524
524
524
524
343
524
285
524
163
524
524
142
524
515
524
524
524
524
524
524
150
192
139
248
524
524
145
524
524
136
524
131
524
524
204
524
524
524
524
524
524
4775
524
524
2133
226
524
3281
524
524
524
524
524
353
524
524
168
524
524
218
524
524
192
524
172
387
524
524
524
524
524
524
524
524
524
524
524
524
524
524
279
524
524
524
524
524
140
1861
390
4051
524
524
524
524
524
4775
133
524
524
534
524
524
524
524
1470
524
524
211
524
524
197
524
524
147
524
524
524
524
197
524
524
524
524
524
524
524
164
524
524
524
524
524
524
524
763
132
524
524
524
524
524
524
524
524
367
524
221
524
524
257
524
2189
524
524
524
524
524
134
524
256
524
524
524
358
524
524
274
131
524
524
524
524
524
524
524
293
245
524
524
132
524
524
524
524
343
290
524
524
524
524
524
524
191
524
524
524
524
524
524
305
524
524
524
524
191
182
524
524
524
524
524
524
524
524
524
524
524
524
524
524
208
524
209
524
524
524
524
524
524
524
524
524
524
524
217
524
524
524
524
140
524
524
155
524
524
524
524
524
524
160
524
448
524
524
524
524
524
524
524
524
524
147
524
158
143
427
524
524
524
524
257
524
524
197
445
324
524
180
524
524
524
524
131
174
524
524
524
524
524
524
524
524
524
798
171
524
524
524
304
524
524
524
524
524
524
524
524
205
151
207
144
524
524
272
524
524
233
211
524
524
232
524
524
524
889
421
524
524
524
524
184
524
210
524
5349
524
524
524
524
524
524
524
247
524
258
524
524
524
524
524
251
524
524
524
524
524
524
197
524
134
524
524
524
191
524
155
180
524
297
524
441
524
524
220
524
524
143
524
524
524
524
524
212
524
524
357
524
612
524
524
295
292
524
524
360
524
144
977
524
524
1001
524
524
524
226
524
524
217
524
524
524
265
312
524
524
524
524
524
132
524
140
524
524
524
224
171
524
524
524
524
524
524
524
524
133
524
524
524
524
524
1468
524
524
524
524
524
524
189
524
524
524
2711
524
263
524
540
524
524
524
524
524
524
524
385
524
524
644
524
337
3378
524
524
524
524
524
524
253
524
524
271
524
173
524
524
524
524
524
524
524
524
524
524
524
277
524
524
524
524
524
179
524
524
395
524
480
307
524
524
524
524
524
524
524
524
524
524
179
524
524
524
131
524
524
524
179
1164
524
524
524
201
524
189
524
524
524
524
524
524
524
524
524
265
524
524
524
524
142
524
524
524
524
524
674
249
524
524
141
524
524
524
524
524
524
524
196
524
227
524
524
524
131
524
263
524
524
524
524
145
524
524
524
524
524
524
228
524
524
186
254
524
524
147
524
524
524
524
524
524
524
524
524
524
524
524
524
524
524
297
137
524
524
524
524
524
524
524
524
524
211
524
524
524
524
524
524
524
524
157
280
156
524
524
292
524
1592
524
524
524
317
524
524
524
524
524
524
524
524
287
251
524
524
524
256
181
524
524
524
418
524
524
524
524
524
524
524
524
237
161
524
524
524
524
524
524
524
979
524
524
524
524
524
464
524
310
524
524
524
524
524
190
14611
524
524
524
524
524
524
524
524
524
187
524
524
242
524
524
191
524
132
223
524
1470
524
524
524
524
219
524
315
524
524
524
524
524
524
303
457
524
137
296
139
1324
524
524
524
533
524
524
524
524
274
524
173
168
389
524
227
524
524
166
524
524
524
524
524
192
524
524
524
524
258
524
524
524
524
524
524
412
524
192
524
524
315
524
524
524
524
524
524
524
524
524
224
524
524
524
524
950
524
171
524
524
524
166
524
524
524
192
524
524
524
260
524
524
251
478
179
524
524
524
524
524
524
524
524
2017
524
524
162
131
524
524
524
886
524
524
237
524
172
194
524
524
524
524
219
161
524
524
524
524
322
524
243
524
524
171
596
524
276
524
524
524
524
355
524
524
524
524
524
524
353
524
524
524
524
524
524
141
524
524
171
524
524
524
524
524
524
524
232
524
524
524
206
524
524
524
524
524
524
524
524
339
524
524
524
131
262
524
524
524
785
524
524
524
524
136
524
223
524
524
234
524
524
247
524
524
203
524
524
524
524
524
524
167
450
524
184
524
524
524
524
323
524
524
524
256
333
198
242
524
304
167
655
524
524
206
131
524
524
284
138
524
524
524
524
229
1035
524
524
168
524
524
524
524
2327
524
524
524
362
524
222
524
227
524
524
524
396
524
524
524
524
192
524
524
524
524
524
342
192
261
524
248
279
260
524
524
524
176
524
524
524
524
524
524
524
524
524
524
276
524
524
524
524
524
524
220
524
524
524
524
135
524
524
524
524
164
524
524
524
524
215
524
524
524
524
524
524
524
524
524
524
524
233
223
524
524
524
524
524
524
524
266
524
524
524
1270
524
524
524
524
524
253
184
4051
524
524
524
524
524
524
524
524
524
524
524
524
524
524
524
263
276
565
524
524
524
524
160
242
524
524
217
524
524
524
135
524
524
260
524
524
524
211
524
1063
524
282
524
524
524
192
524
524
219
524
524
524
524
524
524
524
530
524
524
524
524
1020
524
524
524
524
524
524
493
336
524
524
524
2711
267
131
524
524
524
524
524
524
186
524
524
524
286
524
524
524
524
524
524
524
524
185
524
524
524
524
524
191
524
524
338
161
524
524
524
524
1272
524
524
524
524
524
524
142
524
524
524
524
524
524
524
524
524
524
193
524
524
524
524
524
524
133
524
524
524
524
167
262
524
524
224
524
524
175
166
524
143
177
524
524
524
524
524
524
508
524
524
524
524
524
524
524
524
524
524
524
524
524
236
524
524
524
524
230
524
524
522
524
524
150
524
524
235
166
524
168
524
524
524
524
524
524
524
524
524
524
524
524
524
173
524
524
524
524
524
524
5405
524
524
141
249
524
201
131
223
524
301
524
524
524
524
524
300
138
175
209
524
524
524
524
524
524
524
524
524
257
524
524
524
524
524
689
1755
524
524
524
246
524
524
524
524
524
524
311
524
524
524
312
131
524
524
524
284
524
524
524
524
524
524
143
524
220
303
524
131
524
131
524
524
524
229
524
524
524
524
5170
524
524
524
524
524
524
524
524
524
524
328
524
524
524
524
140
524
411
524
524
524
524
524
524
524
524
524
524
524
524
524
524
524
264
258
260
524
524
251
524
524
524
524
524
524
524
524
524
524
524
524
524
524
524
524
524
524
524
331
524
503
176
524
524
524
524
524
524
524
524
240
524
487
524
524
524
524
524
524
524
524
524
524
524
162
524
524
524
524
196
524
293
227
524
524
524
524
155
524
524
524
524
524
444
524
524
524
177
161
524
524
524
290
524
524
524
524
524
524
140
524
524
511
524
524
392
524
524
204
524
524
133
524
524
524
524
524
240
524
524
1765
524
524
524
524
178
356
200
524
524
524
524
232
524
524
524
524
524
524
524
261
524
150
524
533
524
524
266
524
211
184
524
364
444
524
524
524
524
524
524
524
581
524
180
157
255
524
232
210
524
524
524
524
524
524
311
524
448
524
142
524
227
524
524
524
524
589
237
228
647
201
524
524
310
524
524
524
524
524
524
326
524
524
227
624
524
222
324
524
524
524
524
524
524
524
524
524
524
524
524
524
524
524
524
524
524
524
524
197
524
524
524
524
155
524
524
524
524
524
181
524
524
524
524
257
524
524
524
524
524
524
524
524
524
524
199
524
524
264
1730
524
524
217
524
524
524
524
524
524
524
166
524
524
524
524
524
524
133
524
524
524
524
524
524
524
524
524
524
524
524
2352
3227
486
131
524
524
228
524
524
524
207
524
524
524
524
524
524
524
524
524
524
374
480
524
524
524
524
198
524
222
524
143
524
524
524
524
524
524
524
524
524
524
296
524
609
524
226
524
524
148
524
524
524
524
524
524
207
524
524
4275
524
524
524
524
524
524
524
524
524
524
524
524
524
524
524
524
524
524
524
524
246
233
524
524
257
524
524
243
524
524
524
524
524
524
524
524
524
524
218
152
524
524
155
524
524
510
524
524
524
226
524
184
524
524
524
524
524
524
524
170
524
170
524
524
524
524
148
524
524
524
155
524
133
403
524
2838
524
524
156
524
178
174
524
225
524
524
524
524
524
524
524
524
524
524
382
524
221
524
249
136
1490
524
524
524
524
524
524
524
228
524
524
524
524
524
524
166
524
524
524
524
524
524
524
524
524
147
524
133
524
524
524
244
524
524
524
524
524
524
524
524
150
137
148
524
524
1269
524
524
524
524
139
524
157
1535
524
224
524
524
524
524
524
171
496
524
524
524
524
524
3527
524
524
258
524
197
524
524
524
524
524
680
524
524
286
2563
524
524
2175
950
524
233
136
524
524
567
524
524
524
524
205
524
524
2099
229
524
524
4122
524
524
524
1465
524
212
524
131
524
524
524
153
279
524
524
524
524
524
524
524
524
524
524
524
524
200
524
524
282
524
253
322
524
524
524
524
524
524
524
524
524
524
524
524
524
251
524
524
524
524
524
524
524
524
231
524
524
524
497
524
524
524
524
250
524
2711
524
524
524
524
524
524
539
524
350
524
524
524
524
524
524
524
524
524
524
524
263
524
524
524
524
524
249
524
524
524
524
524
1700
524
524
182
204
524
524
524
524
524
524
524
524
524
524
524
524
218
524
524
524
524
524
524
524
142
268
214
256
524
206
506
524
165
524
327
185
340
524
524
524
186
524
524
524
524
433
524
524
524
524
524
524
524
524
181
524
524
524
524
524
524
524
524
524
524
524
524
524
524
524
216
524
524
524
524
524
524
524
524
135
524
213
524
524
524
524
524
524
524
524
524
524
524
524
524
199
524
524
524
524
524
524
175
524
524
200
524
524
163
524
524
524
524
524
524
524
524
524
524
524
524
3375
524
524
239
524
524
183
524
524
524
405
524
524
524
524
524
524
524
524
524
524
524
524
524
261
524
524
524
524
524
165
524
524
524
524
524
524
524
524
380
524
166
524
524
184
524
703
524
524
524
524
524
356
266
524
524
183
524
524
524
524
524
524
524
524
524
335
143
161
524
2297
524
524
524
813
524
524
158
524
524
524
524
524
236
524
524
524
524
524
524
524
524
524
524
524
524
524
524
524
524
524
524
524
524
226
524
524
524
253
524
524
132
165
1950
524
524
524
269
187
131
524
1347
217
524
524
524
524
524
524
524
524
524
524
524
369
524
524
208
524
524
524
524
440
524
524
524
524
524
524
419
524
524
768
524
524
1140
524
524
213
524
724
524
296
142
524
1060
524
524
524
167
524
185
188
524
278
591
524
524
524
524
501
524
524
524
524
524
524
524
524
524
524
524
524
524
188
138
524
524
515
275
524
524
634
524
273
524
524
297
158
524
524
524
524
524
524
524
524
147
524
524
256
524
524
524
524
524
524
524
390
524
524
327
524
548
524
524
1347
524
524
252
171
300
524
524
524
524
189
295
524
524
524
524
524
270
1500
524
273
524
524
524
142
210
806
524
524
238
524
524
524
524
1482
524
524
931
524
524
524
524
524
174
524
524
524
524
524
524
524
524
524
524
524
524
524
524
524
524
131
524
524
524
131
132
524
524
524
155
524
524
524
263
524
524
524
524
524
524
524
524
524
524
524
137
524
311
524
524
524
333
524
524
524
205
524
524
260
1063
524
524
524
524
524
524
524
524
524
524
524
524
524
524
524
148
524
524
524
524
212
524
524
524
524
524
418
524
524
524
524
524
524
524
524
524
287
524
136
524
524
524
524
229
524
524
524
524
524
524
524
132
524
524
524
524
524
524
524
524
524
524
524
227
524
524
524
524
524
524
524
524
524
947
219
524
524
524
524
524
524
696
524
524
524
524
524
255
524
524
524
171
524
524
524
375
169
524
524
524
524
524
524
524
524
524
524
301
524
524
524
524
524
524
136
524
524
524
173
524
524
2352
524
524
187
524
188
524
524
524
524
524
524
524
524
524
524
524
524
297
524
524
524
524
317
524
524
524
524
524
524
524
288
524
524
524
524
1496
733
376
205
524
501
646
524
524
144
524
193
223
524
524
524
524
177
524
146
524
524
524
524
524
524
524
524
524
524
232
524
524
524
524
524
524
524
524
524
524
524
524
524
211
524
524
524
155
524
524
524
524
524
524
524
524
524
524
524
524
524
524
524
237
651
524
524
524
524
524
524
524
524
524
524
524
524
524
524
524
524
201
524
524
210
198
143
524
302
524
524
524
290
524
524
314
524
524
524
524
524
524
524
524
311
524
185
524
524
135
524
524
524
524
524
524
524
182
524
524
199
524
524
524
524
524
311
524
524
524
131
524
204
524
175
1027
524
524
291
524
153
131
132
419
524
524
1861
524
524
524
524
524
314
524
524
524
152
524
524
524
524
524
524
524
524
524
524
524
199
524
524
234
524
371
524
149
524
197
6848
264
524
524
524
524
524
524
524
524
143
524
524
524
524
218
524
201
240
524
524
524
213
524
524
524
524
524
524
524
131
524
524
135
524
524
524
524
143
524
524
524
524
524
186
154
524
524
524
524
524
524
215
524
524
524
166
524
524
524
524
524
524
524
524
143
524
524
524
524
524
524
342
524
524
524
261
524
524
307
524
136
486
524
524
167
524
524
168
524
524
524
524
133
758
524
524
524
524
524
131
131
524
168
524
524
524
524
524
524
524
524
524
524
524
524
524
524
158
524
323
524
135
524
524
137
524
524
524
524
524
524
524
524
832
524
524
524
131
524
524
524
162
524
524
524
946
524
202
524
180
524
524
209
524
524
524
295
161
524
136
524
524
151
524
524
524
245
524
524
524
214
524
524
524
524
524
681
524
524
524
174
524
524
524
524
524
524
524
293
259
132
216
524
524
524
524
524
135
524
162
524
524
156
524
223
524
524
524
507
524
524
524
421
524
524
524
524
524
285
524
524
240
524
524
524
524
524
524
524
133
524
524
132
524
524
524
524
524
524
524
524
166
524
524
524
524
524
524
524
524
524
524
524
524
524
363
524
524
524
524
524
524
524
524
524
524
175
524
524
524
524
524
524
524
524
524
524
524
131
524
524
524
524
524
524
524
524
524
524
524
524
197
235
524
524
377
524
524
332
524
156
524
524
131
524
524
524
140
326
524
524
524
524
524
524
524
524
524
524
159
524
524
524
203
524
524
151
524
524
524
524
199
524
524
524
524
524
190
524
524
524
524
524
150
524
524
524
524
524
223
524
524
524
202
524
524
524
524
852
524
153
635
524
524
524
524
524
524
524
524
524
306
524
524
524
440
524
284
139
524
524
524
342
524
524
524
524
524
524
524
148
524
230
453
524
524
524
236
524
524
524
524
524
524
524
524
524
193
524
524
175
524
151
524
524
524
524
524
524
524
2563
524
524
524
524
524
524
524
524
524
524
524
524
4332
218
524
524
524
524
524
524
524
524
524
524
524
524
137
524
524
524
222
524
524
524
524
342
4332
524
188
290
524
524
524
524
524
524
145
524
524
213
524
524
524
524
524
524
524
269
524
524
524
524
524
524
255
524
524
247
524
524
524
524
146
524
524
524
524
524
524
524
286
524
524
524
524
524
1944
524
524
524
524
524
261
318
524
131
524
524
190
524
275
524
524
215
293
524
524
524
524
280
239
524
524
524
225
524
524
243
524
524
524
524
524
524
524
221
495
524
230
524
524
524
253
342
524
524
550
524
524
524
524
524
2753
524
146
341
524
524
524
524
524
524
524
524
294
524
524
524
524
524
524
441
524
214
524
458
524
524
524
524
524
524
524
524
524
524
524
524
406
524
524
148
524
524
524
227
524
524
524
348
524
303
524
524
524
524
524
524
524
524
524
524
524
327
524
181
524
524
524
524
941
524
524
524
266
524
524
524
524
524
524
524
168
524
524
524
524
524
524
524
524
524
225
159
524
524
524
524
524
524
524
524
524
241
524
524
524
524
524
223
524
524
524
524
265
524
524
524
524
524
524
524
524
310
524
524
524
233
524
524
524
524
524
524
524
524
524
524
524
524
524
524
524
524
524
14611
3675
524
176
524
1334
524
524
524
524
524
524
524
524
524
524
148
524
524
524
188
524
524
175
524
524
298
524
524
212
524
524
524
524
206
160
524
1695
5349
524
524
524
524
524
524
524
524
198
2587
524
150
131
524
137
162
524
179
524
524
168
203
266
524
524
524
524
524
524
524
524
524
524
135
524
524
524
195
524
524
140
524
524
524
209
140
524
524
524
524
524
524
147
524
524
524
524
524
255
524
524
524
393
159
524
524
524
524
524
154
524
151
524
524
131
524
524
524
524
524
524
524
524
524
524
524
524
524
524
195
524
229
524
524
524
524
524
310
524
524
180
524
524
524
296
524
524
524
524
195
143
524
524
227
524
524
133
524
524
190
524
266
524
524
524
524
524
1468
524
524
524
524
524
524
524
238
524
2026
524
524
524
524
524
524
524
524
524
217
524
524
524
252
524
524
335
524
524
524
524
524
524
524
524
524
524
524
524
524
524
237
524
524
524
524
524
524
524
524
524
524
524
524
176
524
524
524
135
524
524
131
524
638
524
524
524
524
234
524
524
524
524
524
524
524
1134
524
521
524
208
524
164
524
428
524
524
375
162
524
524
524
196
524
315
315
524
524
524
524
524
524
524
524
524
524
1223
150
524
262
524
524
524
219
524
524
524
524
524
524
155
524
524
524
524
524
524
524
524
524
524
524
524
524
524
524
524
524
524
524
524
524
524
524
524
524
524
524
524
183
524
524
280
276
524
524
207
524
524
524
263
524
131
524
524
524
524
524
524
524
524
140
524
524
524
524
180
524
524
524
524
160
524
703
524
131
384
524
524
524
579
524
524
524
203
524
524
524
524
524
524
524
524
524
524
524
219
524
524
524
524
524
524
524
524
524
524
524
524
222
524
524
524
524
170
524
524
524
524
524
524
524
524
524
524
524
524
524
524
524
2499
337
524
524
1077
524
524
524
524
524
524
584
524
524
524
524
524
524
524
524
524
524
524
524
524
524
1444
524
524
524
524
524
524
217
524
524
524
524
506
524
524
524
524
279
524
524
524
524
398
369
524
524
524
524
524
524
187
524
524
524
524
524
524
524
176
524
131
524
524
524
524
524
524
524
163
193
271
524
524
524
724
524
524
524
524
524
294
524
524
219
524
524
524
524
524
635
199
524
524
524
524
524
524
524
524
215
524
524
312
137
524
524
524
524
524
524
191
524
160
145
524
524
524
131
287
524
524
277
524
524
524
524
524
725
524
524
176
131
524
524
524
524
524
524
524
193
5406
719
524
524
524
524
524
161
524
524
524
524
254
193
524
524
139
524
524
186
524
524
524
524
524
2099
524
524
524
524
524
182
524
232
524
524
275
524
524
524
256
194
524
524
524
524
524
524
267
524
524
524
139
524
524
524
524
524
524
242
524
524
524
733
524
524
524
524
524
524
524
524
524
524
524
524
524
524
235
331
524
195
524
524
524
178
524
524
524
204
524
524
524
524
524
524
524
524
524
524
300
524
524
524
524
524
524
524
524
524
524
524
524
275
524
524
524
524
236
524
235
524
739
524
524
164
524
524
524
219
317
524
277
524
289
524
524
524
524
524
524
524
524
524
524
524
524
524
524
524
524
524
236
524
524
524
524
524
153
524
206
524
524
524
524
524
524
524
524
524
524
524
524
471
524
524
524
524
524
524
524
524
524
524
243
454
524
524
524
524
524
524
524
524
524
524
524
595
326
285
524
1165
524
524
524
524
524
217
524
524
524
524
524
302
524
524
524
225
139
524
524
524
524
524
524
524
524
524
524
524
524
524
524
524
524
524
524
472
524
138
524
524
524
524
524
524
524
524
524
524
524
132
524
163
524
524
524
364
156
524
206
524
524
651
524
524
524
524
524
524
524
249
524
524
181
524
524
524
197
193
524
524
280
672
435
524
524
524
524
524
261
524
211
524
524
524
552
289
524
524
524
524
134
524
524
524
524
524
282
524
524
524
524
524
524
524
524
524
316
524
524
524
524
524
524
524
524
524
524
182
524
524
524
524
524
524
524
524
524
524
2189
524
524
154
524
524
188
524
524
524
195
524
524
524
524
135
524
524
524
524
524
524
524
524
496
257
524
524
1465
147
524
524
524
524
524
524
524
196
524
1622
524
524
524
252
524
524
524
524
524
524
524
524
524
524
524
524
3527
524
524
524
524
524
524
524
524
263
311
524
524
524
524
524
524
524
524
524
174
135
524
524
248
524
524
524
524
524
524
524
524
524
159
524
524
524
333
524
392
524
524
524
524
218
524
308
524
524
524
524
524
524
524
524
524
524
524
524
524
524
524
524
524
524
270
524
188
524
524
524
526
524
524
524
524
524
524
524
524
290
524
524
524
524
524
524
524
524
524
524
524
524
161
524
524
176
524
524
524
524
141
524
524
524
524
524
524
248
524
524
524
524
242
524
268
524
524
524
524
524
524
524
524
524
524
524
524
524
524
524
524
524
524
524
524
524
524
524
524
524
524
131
524
274
131
524
184
524
524
524
524
304
524
524
233
524
524
524
524
156
524
524
210
524
524
524
524
524
166
524
1765
238
524
174
524
524
524
524
524
524
524
524
524
524
524
524
524
524
524
524
524
524
486
524
524
524
524
524
524
524
524
524
524
524
524
524
524
524
524
524
295
524
524
524
524
135
524
524
187
524
524
524
524
524
524
641
524
524
524
262
524
524
524
228
524
524
524
150
524
5841
524
524
134
524
524
135
524
524
524
524
524
524
524
524
524
131
524
524
524
524
178
524
447
524
524
524
524
524
524
524
524
524
524
187
524
170
524
524
524
524
524
524
524
152
524
164
524
524
524
524
524
167
524
647
524
164
524
524
397
524
524
524
524
524
524
3436
142
524
524
524
524
524
524
524
524
524
524
524
524
524
524
524
524
524
524
524
524
524
524
524
524
524
524
524
524
262
524
524
524
524
524
184
524
524
524
524
524
524
524
524
177
524
524
524
524
524
524
277
524
524
524
524
204
524
524
524
524
524
524
202
524
524
524
524
524
524
524
524
502
524
524
524
524
524
524
524
524
524
524
524
524
524
524
14611
524
524
1640
524
524
524
524
524
524
789
524
524
524
524
524
524
524
524
524
524
155
524
301
524
524
422
524
210
524
524
524
524
524
524
147
524
524
524
208
524
524
524
524
524
156
524
524
524
132
524
524
524
524
524
524
234
524
524
524
524
236
524
314
403
524
524
524
524
524
524
524
524
524
524
524
524
524
524
524
524
990
524
524
524
524
524
524
136
524
524
524
262
524
524
524
524
524
524
524
1391
148
938
524
259
524
447
524
524
524
524
524
524
524
524
524
524
524
524
154
524
524
524
524
524
524
524
524
524
524
524
524
524
524
524
524
524
524
524
524
524
524
524
524
524
524
524
524
524
524
524
524
524
524
524
524
524
524
524
524
524
277
223
524
524
524
524
338
164
524
524
524
524
524
524
524
524
524
524
524
524
524
524
524
524
524
524
524
524
524
524
524
524
524
524
524
524
524
524
256
524
222
524
524
9490
524
524
524
524
524
524
524
524
2337
524
524
363
524
524
524
524
208
191
524
524
524
245
187
524
524
131
261
524
524
216
278
524
524
524
524
524
524
524
524
524
524
524
524
524
524
524
524
524
524
524
524
524
524
524
524
524
524
524
131
524
524
524
524
524
524
524
524
524
524
524
524
524
524
524
524
524
263
524
524
524
524
524
5841
524
524
131
157
524
524
524
524
524
524
524
524
524
524
524
524
524
524
524
524
524
524
524
524
148
524
524
524
136
524
654
524
524
524
524
524
524
133
524
524
524
524
524
524
524
524
524
524
218
524
524
524
524
524
347
524
524
524
524
524
524
212
524
524
524
524
524
524
524
524
524
524
524
365
285
524
1655
524
524
524
524
524
524
524
524
513
524
524
524
183
524
524
524
284
524
185
524
524
524
524
524
524
524
524
524
524
524
422
524
524
524
524
524
524
524
142
524
524
524
524
142
137
524
524
230
524
524
524
524
183
524
524
309
524
524
524
524
524
524
1527
189
524
524
524
524
131
524
524
524
146
524
524
524
524
524
524
413
524
524
524
524
524
524
524
243
524
214
524
524
524
524
524
524
157
288
524
524
524
524
213
524
524
186
524
176
524
271
162
524
524
524
524
524
524
524
524
524
524
524
524
524
524
524
524
524
524
524
524
524
2327
524
219
524
524
524
524
524
254
524
524
524
524
524
524
524
524
524
524
143
524
224
524
524
190
524
524
524
211
524
301
524
524
270
524
209
524
524
202
524
524
524
524
524
524
147
524
172
524
524
5406
524
524
524
524
524
524
524
524
524
524
142
188
524
524
524
524
524
524
524
524
524
2017
142
524
524
524
524
524
524
524
524
524
524
524
524
524
524
524
524
156
131
524
524
524
524
524
524
524
524
524
524
524
524
524
494
524
524
524
524
524
524
524
387
524
524
524
524
524
264
524
524
524
524
524
524
524
524
524
524
524
524
524
524
524
524
524
524
524
524
524
161
524
175
524
524
524
524
524
524
200
524
524
524
524
524
426
524
524
524
524
524
524
524
524
524
524
524
205
524
524
524
524
524
524
524
524
524
257
524
673
524
524
524
524
524
174
5778
524
524
524
524
524
524
272
524
524
524
506
524
524
524
524
524
524
524
524
524
524
524
524
524
524
524
524
524
524
524
524
227
524
524
524
524
524
524
524
524
524
524
524
524
524
160
524
524
524
524
524
524
251
524
524
524
524
524
524
524
524
524
792
524
524
524
524
524
299
524
524
524
524
524
524
524
524
524
524
524
524
524
524
524
524
524
524
163
2208
185
524
524
524
524
524
524
524
131
183
200
524
524
524
524
524
524
524
524
524
524
524
524
524
524
524
524
524
524
135
155
149
524
524
524
524
524
524
524
524
524
524
524
506
524
524
524
524
524
524
524
279
524
217
524
524
524
524
524
524
524
524
524
524
524
338
524
249
524
524
524
524
524
293
524
524
524
524
137
524
159
524
524
524
524
524
524
524
232
524
258
183
524
524
524
524
524
524
524
524
524
524
159
524
524
524
524
524
524
524
524
155
524
524
524
524
524
1069
524
524
524
524
524
524
524
524
524
524
524
219
524
524
137
139
524
524
524
524
524
524
524
524
524
576
524
524
524
524
524
524
524
524
524
524
524
524
524
524
720
225
524
524
524
524
524
524
524
524
524
383
524
524
2133
524
524
524
524
524
524
524
524
524
524
524
524
9490
524
524
524
524
524
493
524
524
524
524
524
524
228
5841
524
524
524
524
524
524
524
524
524
5349
454
258
524
524
524
524
524
524
524
524
524
1278
524
524
524
524
524
524
524
524
524
524
222
524
524
524
524
524
524
524
524
524
524
524
170
524
524
524
524
524
279
524
524
524
146
524
524
524
524
524
524
524
524
524
524
524
524
237
524
524
524
524
524
524
524
524
524
524
524
524
524
524
524
524
524
524
524
524
524
524
524
524
524
205
524
524
524
524
524
524
524
524
524
524
524
524
524
524
524
524
524
524
524
524
146
524
524
1272
524
524
524
524
524
524
524
524
524
524
524
524
524
264
524
524
133
524
524
3375
524
524
524
524
524
524
361
524
524
524
524
524
241
524
524
524
524
319
524
524
524
524
133
524
524
524
524
524
524
524
722
524
524
524
524
160
524
524
524
524
524
524
524
524
262
524
524
524
131
524
524
233
524
222
524
524
524
524
524
524
524
524
524
524
524
524
524
524
524
514
524
524
524
524
524
1463
524
524
524
524
524
524
524
524
524
524
1622
524
233
524
524
524
524
216
524
524
524
524
524
168
524
524
524
524
524
524
524
524
524
524
205
524
524
524
524
524
524
524
524
171
524
524
524
524
524
524
179
524
524
524
524
524
239
142
524
4128
524
524
524
524
524
524
524
524
524
524
524
524
524
524
524
524
524
524
524
185
524
524
524
524
524
524
524
5349
524
524
524
524
524
524
524
524
524
524
524
2193
524
524
524
524
524
137
524
524
524
524
524
524
524
524
524
524
524
524
524
524
524
2175
524
524
136
292
524
524
524
524
524
524
524
524
524
524
524
524
524
524
270
524
524
524
263
524
524
3184
208
524
524
524
750
524
524
524
524
524
524
524
524
524
524
524
524
524
524
524
524
524
524
524
524
524
524
524
524
524
524
524
524
524
524
524
524
524
524
524
524
416
524
524
524
524
524
524
524
524
524
524
524
1298
524
524
255
524
524
524
524
375
524
524
524
524
524
524
751
524
524
524
1218
524
524
524
524
524
524
524
175
1592
209
524
524
524
524
524
524
524
524
524
194
524
524
524
524
524
524
524
524
247
524
150
189
524
524
524
524
524
524
524
524
524
524
524
524
524
282
524
524
524
524
524
180
524
524
524
524
524
524
524
524
524
524
524
524
524
524
524
524
524
331
524
2297
524
141
524
524
524
524
524
277
524
524
524
524
524
524
524
524
197
524
524
312
524
524
524
524
524
524
524
524
524
524
157
194
524
524
524
524
524
157
524
524
524
524
524
524
524
524
524
524
524
524
226
524
184
524
524
524
131
524
524
524
524
444
524
149
524
524
524
524
524
524
524
524
230
524
524
510
240
172
243
779
524
524
524
524
524
524
524
524
524
261
524
524
524
524
524
524
524
524
14611
524
524
524
524
524
524
524
524
524
524
524
524
1365
524
524
524
524
258
232
524
524
524
524
262
524
524
524
524
524
524
524
524
524
524
161
524
524
524
524
524
524
524
524
524
524
524
335
232
524
524
524
524
524
1489
524
524
524
524
524
524
524
524
524
524
524
231
524
524
218
524
524
524
524
524
524
524
524
524
524
518
524
524
524
524
418
524
236
302
524
524
524
2192
524
524
524
524
524
524
524
1135
524
524
524
524
524
290
524
524
524
524
524
524
302
524
524
524
524
524
249
524
524
524
524
524
524
524
524
262
524
524
524
524
524
524
524
524
167
524
524
252
524
131
524
524
524
524
524
524
524
524
524
332
524
524
524
524
524
524
524
524
524
524
524
524
524
524
524
524
524
524
524
522
524
524
524
524
154
524
524
524
524
524
524
524
524
562
524
524
205
524
524
5170
524
524
524
524
524
524
524
166
524
336
524
524
524
524
524
524
132
524
524
155
524
524
524
524
524
524
524
1085
524
524
524
524
524
524
524
524
524
524
524
524
524
524
524
524
524
524
524
993
524
524
474
524
524
524
524
524
157
524
524
524
524
524
524
524
524
524
524
524
277
524
524
524
524
524
208
524
524
244
524
524
524
524
524
524
524
524
524
524
1078
524
524
524
524
524
524
524
524
524
524
524
524
524
524
524
524
524
524
524
524
524
524
524
524
169
524
524
524
524
524
524
524
524
524
524
524
524
524
524
524
524
524
524
325
524
524
524
524
524
524
524
524
524
524
524
524
524
524
524
524
524
524
524
524
524
228
524
524
524
524
524
524
524
524
524
524
524
236
524
524
1853
524
524
524
2069
524
524
214
524
524
524
524
524
524
139
524
524
524
524
524
524
524
524
524
524
524
524
524
524
524
155
524
524
524
524
524
524
524
524
189
331
524
524
524
524
524
524
524
524
524
267
285
524
524
524
219
524
524
524
524
524
524
524
524
524
524
524
524
524
524
524
524
524
524
524
524
524
524
524
524
524
1552
524
524
524
524
348
524
227
524
524
524
524
524
162
230
524
524
524
524
524
524
524
171
524
524
524
524
524
285
524
524
524
524
524
524
524
524
524
524
524
524
524
524
524
524
138
524
524
524
524
524
524
524
524
524
524
227
524
524
139
524
524
524
524
524
524
524
524
524
524
524
524
524
524
524
524
524
524
631
524
524
524
524
524
524
524
192
524
524
524
524
524
524
524
524
524
524
524
524
524
524
524
524
524
524
354
524
524
524
524
524
524
524
524
524
149
524
524
524
524
524
524
524
524
524
524
524
524
524
524
524
524
524
524
288
524
524
524
524
524
524
524
524
524
151
524
524
524
524
524
524
524
524
524
524
524
524
524
524
524
144
524
524
524
524
524
524
524
524
524
550
524
524
524
524
524
524
524
524
524
524
248
524
524
524
524
524
524
183
524
524
157
174
524
524
524
524
524
131
524
524
524
524
524
524
524
524
524
524
375
175
524
524
5170
524
524
524
524
524
418
179
524
524
524
524
524
581
524
524
524
524
524
524
524
524
152
524
267
524
524
524
524
133
524
524
524
2142
132
163
524
524
524
524
524
524
524
524
933
524
524
947
524
524
524
524
524
524
524
524
190
524
524
524
524
243
524
524
524
524
524
248
524
524
524
524
524
524
524
524
524
524
524
524
524
524
524
524
524
524
524
300
524
524
524
524
524
524
524
524
316
524
524
524
524
524
524
524
524
524
524
524
524
524
524
524
524
199
524
524
155
524
524
262
524
166
524
524
524
524
524
524
524
131
524
221
268
524
524
524
524
166
154
3527
524
524
524
524
524
524
524
524
199
524
524
524
524
524
524
524
489
524
524
300
524
524
524
183
170
524
524
524
524
524
524
309
524
280
524
524
524
524
524
524
524
142
524
524
524
524
207
324
375
524
524
524
5406
524
524
524
524
524
155
524
524
524
524
524
524
524
524
524
524
524
524
524
443
524
524
524
524
524
524
524
524
524
524
524
451
524
524
524
524
524
524
524
524
524
524
524
219
524
4889
524
524
132
524
524
524
524
524
524
524
524
524
200
524
524
524
524
524
524
524
524
524
524
555
524
524
524
524
524
524
217
524
524
524
166
524
524
524
524
524
524
524
524
524
524
524
524
156
524
514
229
524
176
524
524
524
298
524
524
524
524
524
524
524
524
488
524
524
524
524
524
524
524
524
524
524
524
524
524
1546
524
524
1010
524
526
524
251
524
524
524
524
524
524
524
524
524
524
524
