611
582
435
446
386
524
405
356
498
389
417
572
367
515
419
383
327
386
416
451
308
424
334
386
343
391
610
325
305
675
365
367
511
327
601
404
365
563
436
333
314
386
318
308
407
340
331
311
290
317
364
615
332
300
348
352
304
425
302
355
332
341
285
434
292
412
300
340
370
288
316
477
373
289
359
297
341
460
465
343
409
381
296
324
321
294
294
283
342
331
511
329
285
306
339
354
341
371
287
378
309
294
433
401
290
300
340
341
336
314
281
293
345
338
458
316
292
307
456
360
311
316
364
251
306
343
277
290
304
353
363
316
318
382
767
282
297
255
566
442
274
299
251
365
322
332
219
257
307
446
292
336
261
268
327
275
302
268
266
290
296
260
341
258
267
229
327
278
275
250
241
276
306
311
355
280
280
247
273
252
353
248
283
272
294
253
281
325
272
290
269
269
236
270
610
232
309
270
285
270
284
249
277
240
254
207
274
221
290
275
251
263
488
267
235
262
261
694
277
249
262
246
230
223
237
258
272
234
223
275
278
275
286
244
249
251
265
415
236
237
230
247
216
311
289
223
218
229
228
215
215
232
256
393
264
242
223
355
262
232
216
230
228
263
246
244
284
259
309
242
286
208
216
217
229
273
206
209
248
293
254
205
223
226
202
249
206
281
238
283
222
208
304
234
240
260
385
219
248
212
208
245
245
201
223
226
244
271
217
279
219
216
203
224
233
192
272
261
233
201
264
264
188
205
235
220
212
210
221
244
189
180
209
199
200
154
261
206
237
366
217
197
288
288
276
219
198
230
253
219
239
218
228
147
234
343
215
360
200
216
221
186
202
212
210
205
205
132
259
209
203
205
236
219
216
241
204
178
208
325
206
204
255
227
232
221
202
232
193
236
222
303
202
211
238
207
195
232
199
234
181
228
190
210
170
212
186
206
235
194
222
202
165
308
194
242
253
202
198
222
159
201
216
209
209
219
283
147
222
166
194
173
198
216
188
219
169
181
217
204
204
204
215
203
204
187
110
227
231
187
202
174
268
193
225
230
186
563
221
220
186
180
194
193
206
175
166
196
196
189
185
193
148
184
205
214
175
168
190
189
164
236
225
203
118
212
166
268
208
215
184
125
133
390
201
213
173
204
211
281
197
218
194
217
216
172
164
173
220
171
202
159
200
140
233
151
134
216
228
163
172
158
390
209
218
174
166
198
175
186
177
164
201
181
390
233
133
175
183
204
161
215
183
183
192
165
127
163
166
161
169
186
105
205
209
161
185
184
133
127
390
154
174
183
189
135
154
156
390
172
175
168
188
181
204
186
183
134
121
128
140
185
125
168
205
192
149
182
196
104
390
145
140
163
185
160
165
200
190
390
173
164
158
171
139
181
173
191
146
390
188
178
140
174
172
390
456
195
99
98
390
136
131
179
137
185
201
103
167
164
192
225
148
111
390
174
150
149
152
199
117
390
108
390
151
164
140
155
139
210
190
171
390
171
390
146
390
185
153
183
177
191
106
390
103
180
390
167
192
390
124
127
188
171
98
142
390
196
143
119
139
201
222
123
166
182
390
115
156
113
208
156
134
390
127
390
390
185
194
156
128
175
101
214
199
390
183
305
123
107
181
112
179
205
390
130
153
101
153
113
148
390
127
158
136
101
109
190
159
390
309
140
131
134
390
120
390
126
390
390
132
390
390
767
145
390
390
390
390
390
158
167
131
390
180
109
142
132
390
390
390
142
141
128
98
193
100
149
179
129
167
390
191
390
173
390
390
162
135
390
390
390
117
188
98
179
390
390
186
153
143
137
390
114
98
390
105
130
191
141
390
390
390
390
125
390
98
109
142
123
390
165
390
390
390
390
167
390
98
390
390
123
390
390
390
390
157
390
390
390
390
145
390
390
390
390
152
157
390
390
130
164
390
390
390
390
390
390
390
390
177
390
390
111
390
390
132
390
390
168
390
191
135
390
390
161
182
390
191
129
201
165
390
390
150
390
124
119
390
390
390
390
107
225
390
390
390
140
166
165
135
390
390
390
390
113
390
390
191
390
390
390
167
138
390
390
143
390
154
390
101
159
390
390
390
390
390
390
390
390
155
113
129
390
390
108
390
390
390
390
390
390
390
390
390
390
390
144
488
390
390
390
390
390
390
390
390
390
390
390
390
129
390
390
390
390
390
390
390
390
390
390
390
107
390
390
390
390
390
131
390
145
390
390
390
390
390
390
390
390
390
141
390
511
390
390
390
390
390
390
135
101
390
390
390
390
390
390
390
390
390
390
390
390
390
102
390
390
390
390
123
390
182
390
125
390
390
390
390
102
390
390
390
390
390
390
390
390
390
125
390
390
102
390
390
390
390
390
113
390
390
390
390
390
390
390
390
390
390
390
390
390
390
390
98
390
390
390
390
390
390
390
390
390
130
390
390
390
390
390
390
390
390
390
390
103
390
390
390
390
390
390
106
390
119
390
390
390
390
390
390
390
390
390
390
390
390
390
390
390
390
390
390
390
390
390
390
390
390
390
390
390
390
390
390
390
390
390
149
390
390
390
390
390
390
390
390
390
390
390
390
390
390
390
390
107
390
390
390
390
390
390
390
390
390
390
390
390
390
390
390
390
390
390
390
390
390
390
390
390
390
390
390
390
390
390
390
390
390
390
390
390
390
390
390
390
390
390
390
390
390
106
390
390
390
390
390
390
390
215
390
390
390
390
390
390
390
390
390
390
390
390
390
390
390
390
390
390
390
390
390
390
390
390
390
390
390
390
390
390
390
460
390
390
390
390
390
390
390
390
137
390
390
390
390
390
566
390
390
390
103
390
390
390
390
390
390
390
390
390
390
390
390
390
390
390
390
390
251
390
390
460
390
390
390
390
390
390
390
390
390
390
390
390
390
390
390
390
390
390
390
390
390
390
390
390
390
390
390
390
390
390
390
390
390
390
390
390
390
390
390
390
390
390
390
390
390
390
390
390
390
390
390
390
390
390
390
390
390
390
390
390
390
390
390
390
390
390
390
390
390
390
390
390
390
114
390
390
694
390
390
390
390
390
390
390
390
390
390
390
390
390
390
390
390
390
390
390
390
390
390
390
390
390
390
390
390
390
390
390
390
390
390
390
390
390
390
390
390
390
390
390
390
390
390
390
390
390
390
390
390
390
390
390
390
390
390
390
390
390
442
390
390
390
390
390
390
390
390
179
390
390
390
390
390
390
390
390
390
390
390
390
390
390
390
390
390
390
390
390
390
390
390
390
390
390
390
390
390
390
390
390
390
390
390
390
390
390
390
390
390
390
390
390
390
390
390
390
390
390
390
390
390
390
390
390
390
390
390
390
390
390
390
390
390
390
390
390
390
390
390
390
390
390
390
390
390
390
390
390
390
390
390
390
390
390
390
390
390
390
390
390
390
390
390
390
390
390
390
390
390
390
390
390
390
390
390
390
390
390
390
390
390
390
390
390
390
390
390
390
390
390
390
390
390
390
390
390
390
390
390
390
390
390
390
390
390
390
390
390
390
390
390
390
390
390
390
390
390
390
390
390
390
390
390
390
390
390
390
390
390
390
390
390
390
390
390
390
390
390
390
390
390
390
390
390
390
390
390
390
390
390
390
390
390
390
390
390
390
390
390
390
390
390
390
390
390
390
390
390
390
390
390
390
390
390
390
390
390
390
390
390
390
390
390
390
390
390
390
390
390
390
390
390
390
390
390
390
390
390
390
390
390
390
390
390
390
390
390
390
390
390
390
390
390
390
390
390
390
390
390
390
390
390
390
390
390
390
390
390
390
390
390
390
390
390
390
390
390
390
390
390
390
390
390
390
390
390
390
390
390
390
390
390
390
390
390
390
390
390
390
390
390
390
390
390
390
390
390
390
390
390
390
390
390
390
390
390
390
390
390
390
398
390
390
390
390
390
390
390
390
390
390
390
390
390
390
390
390
390
390
390
390
390
390
390
390
390
390
390
390
390
390
390
390
390
390
390
390
524
390
390
390
390
390
390
390
390
390
390
390
390
390
390
390
390
390
390
390
390
390
390
390
390
390
390
390
390
390
390
390
390
390
390
390
390
390
390
390
390
390
390
390
390
390
390
390
390
390
390
390
390
390
390
390
390
390
390
390
390
390
390
390
390
390
390
390
390
390
390
390
390
390
390
390
390
390
390
390
390
390
390
390
390
390
390
390
390
390
390
390
390
390
390
390
390
390
390
390
390
390
390
390
390
390
390
390
390
390
390
390
390
390
390
390
390
386
390
390
390
390
390
390
390
390
390
390
390
390
390
390
390
390
390
390
390
390
390
390
390
390
390
390
390
390
390
390
390
390
390
390
390
390
390
390
390
390
390
390
390
390
390
390
390
390
390
390
390
390
390
390
390
390
390
390
390
390
390
390
390
390
390
390
390
390
390
390
390
390
390
390
390
390
390
390
390
390
390
390
390
390
390
390
390
390
390
390
390
390
390
390
390
390
390
390
390
390
390
390
390
390
390
390
390
390
390
390
390
390
390
390
390
390
390
390
390
390
390
390
390
390
390
390
390
390
390
390
390
390
390
390
390
390
390
390
390
390
390
390
390
390
390
390
390
390
390
390
390
390
390
390
390
390
390
390
390
390
390
390
390
390
390
390
390
390
390
390
390
390
390
390
390
390
390
390
390
390
390
390
390
390
390
390
390
390
390
390
390
390
390
390
390
390
390
390
390
390
390
390
390
390
390
390
390
390
390
390
390
390
390
390
390
390
390
390
390
390
390
390
390
390
390
390
390
390
390
390
390
390
390
390
390
390
390
390
390
390
390
390
390
390
390
390
515
390
390
390
390
390
390
390
390
390
390
390
390
390
390
390
390
390
390
390
390
390
390
390
390
390
390
390
390
390
390
390
390
390
390
390
390
390
390
390
390
390
390
390
390
390
390
390
390
390
390
390
390
390
390
390
390
390
390
390
390
390
390
390
390
390
390
390
390
390
390
390
390
390
390
390
390
390
390
390
390
390
390
390
390
390
390
390
390
390
390
390
390
390
390
390
390
390
390
390
390
390
390
390
390
390
390
390
390
390
390
390
390
390
390
390
390
390
390
390
390
390
390
390
390
390
390
390
390
390
390
390
390
390
390
390
390
390
390
390
390
390
390
390
390
390
390
390
390
390
390
390
390
390
390
390
390
390
390
390
390
390
390
390
390
390
390
390
390
390
390
390
390
390
390
390
390
390
390
390
390
390
390
390
390
390
390
390
390
390
390
390
390
390
390
390
390
390
390
390
390
390
390
390
390
390
390
390
390
390
390
390
390
390
390
390
390
390
390
390
390
390
390
390
390
390
390
390
390
390
390
390
390
390
390
390
390
390
390
390
390
390
390
390
390
390
390
390
390
390
390
390
390
390
390
390
390
390
390
390
390
390
390
390
390
390
390
390
390
390
390
390
390
390
390
390
390
390
390
390
390
390
390
390
390
390
390
390
390
390
390
390
390
390
390
390
390
390
390
390
390
390
390
390
390
390
390
390
390
390
390
390
390
390
390
390
390
390
390
390
390
390
390
390
390
390
390
390
390
390
390
390
390
390
390
390
390
390
390
390
390
390
390
390
390
390
