440
402
477
562
418
373
360
334
384
823
585
424
473
395
414
405
338
448
405
753
399
347
435
342
366
441
549
398
365
421
329
392
349
383
450
332
351
426
479
604
445
458
346
366
337
390
380
367
544
356
388
364
336
351
370
393
311
368
335
482
319
535
357
438
460
357
439
361
337
400
559
403
336
319
396
326
344
363
341
404
402
317
359
322
332
468
655
338
347
381
413
304
353
326
310
327
405
310
344
314
412
457
323
308
338
474
320
396
287
449
440
323
708
334
310
324
322
315
491
403
401
304
390
315
354
569
403
400
351
538
389
360
347
318
308
346
311
339
381
362
305
326
340
524
299
357
313
379
355
329
481
352
340
376
380
342
322
432
529
462
317
352
325
338
317
312
377
317
323
453
674
355
448
285
417
358
311
362
450
308
317
367
319
365
361
372
458
439
504
366
329
411
316
538
352
261
409
342
287
324
388
471
355
362
407
394
324
383
309
459
439
335
305
314
356
304
308
305
374
396
331
519
335
358
292
480
481
327
329
364
379
329
297
354
367
316
328
427
352
334
289
370
372
328
347
346
317
338
325
319
537
378
409
339
312
302
297
351
335
302
449
278
318
308
367
284
307
322
431
330
284
390
396
324
422
337
342
420
354
418
280
329
302
329
399
327
268
327
331
316
268
310
326
401
304
311
328
296
453
288
559
316
317
288
319
287
272
362
334
352
403
341
293
315
300
299
339
306
413
319
310
372
371
291
305
279
284
283
316
383
348
297
389
324
419
325
289
486
298
297
322
306
298
366
296
309
324
373
283
428
298
261
516
303
364
318
276
368
304
297
485
278
345
348
279
296
354
319
390
348
587
368
331
353
301
300
304
292
295
316
312
287
325
272
307
355
341
367
302
334
364
360
263
392
296
289
351
362
301
289
342
273
324
307
368
317
318
285
385
291
318
300
316
333
278
282
507
319
412
299
323
348
416
302
292
262
574
290
312
531
323
280
299
331
333
315
333
381
320
260
372
325
264
362
316
342
396
297
542
335
272
358
277
326
546
355
428
392
259
270
296
286
596
347
282
261
429
294
289
301
287
507
330
332
301
347
298
288
258
266
283
339
344
303
305
314
302
289
339
336
281
406
295
294
327
270
331
325
287
250
393
291
279
458
321
294
376
287
292
258
268
341
305
411
317
277
311
378
311
370
301
321
253
276
520
347
374
250
315
328
347
335
281
259
277
329
359
263
359
362
298
347
258
315
298
269
267
372
443
655
273
321
258
279
296
286
300
288
284
442
365
285
287
312
263
261
403
271
249
267
662
484
288
271
289
257
261
352
285
306
266
253
283
283
309
265
281
267
281
263
283
330
322
297
278
335
294
294
475
315
317
262
270
376
619
301
363
306
288
285
272
253
414
274
390
246
320
289
331
302
287
344
242
421
283
270
264
310
298
310
297
335
329
282
260
655
439
392
364
284
274
302
332
288
258
263
753
327
347
311
459
255
337
270
398
253
285
257
313
245
275
251
499
274
425
266
383
284
266
268
249
341
287
260
290
359
341
270
260
283
278
298
337
275
390
279
285
278
418
360
261
256
285
248
254
263
287
256
307
274
284
289
412
371
257
324
251
252
259
242
357
281
309
272
222
282
251
339
286
266
467
394
496
254
359
440
279
347
333
265
342
258
247
317
251
310
274
250
230
258
331
322
361
315
282
273
454
292
261
291
276
302
338
334
323
398
263
320
460
282
283
243
336
258
385
353
227
337
260
307
274
272
345
307
304
270
270
304
283
243
218
318
268
302
264
301
253
329
316
290
246
290
331
308
253
359
319
253
255
344
265
273
297
309
247
217
356
247
256
279
248
427
314
354
287
251
260
292
306
349
244
319
284
304
374
255
256
283
285
271
232
270
281
231
274
291
264
258
286
387
261
337
269
255
263
334
300
250
246
310
270
272
252
266
353
268
246
273
230
377
299
262
249
294
272
263
292
238
267
271
264
294
268
281
320
345
253
296
251
302
305
279
289
399
308
310
257
270
293
256
258
257
244
241
270
303
298
345
270
243
263
240
254
319
346
243
250
380
263
238
270
267
261
291
283
245
246
349
187
269
287
298
288
386
285
280
302
273
269
263
257
340
364
298
290
281
291
250
301
250
291
308
220
252
294
269
266
270
241
315
269
238
297
272
348
303
225
384
312
351
254
575
306
320
306
315
267
244
231
301
268
488
222
247
256
279
288
304
267
268
249
244
305
320
294
276
390
224
309
249
274
295
269
307
225
239
281
279
250
240
240
351
407
296
315
264
240
234
271
289
274
336
265
259
294
333
574
352
294
282
248
247
247
252
507
219
259
523
268
261
295
220
241
262
242
207
258
237
244
238
278
254
258
250
282
300
241
270
252
227
526
278
288
319
215
331
273
261
245
282
305
283
252
245
260
214
250
209
274
283
202
349
370
255
269
264
258
250
230
259
276
346
254
276
293
258
289
344
232
257
278
234
266
286
246
274
245
270
223
249
241
164
270
221
206
193
262
319
248
124
277
232
253
192
223
328
227
234
269
289
266
271
219
298
342
255
256
225
307
190
300
357
516
265
254
266
268
246
270
250
278
239
283
234
285
574
226
297
257
270
245
293
239
232
254
270
273
251
249
267
243
222
524
276
225
212
369
246
317
386
178
223
252
240
287
301
268
323
258
254
299
241
297
265
285
247
222
297
308
432
275
320
251
252
283
227
226
263
223
267
345
267
237
282
279
237
235
250
258
282
213
263
246
251
265
226
236
239
271
231
236
246
244
202
257
192
275
240
313
370
253
248
222
227
245
277
222
203
279
236
239
167
328
268
260
274
110
401
237
251
240
250
275
279
187
288
254
238
217
241
251
273
215
249
294
247
129
249
272
377
257
209
272
247
220
280
240
320
242
277
285
240
258
243
243
350
252
224
208
307
240
301
288
279
262
250
234
255
546
251
289
342
301
279
340
228
190
254
276
219
184
259
246
260
226
359
171
239
276
219
248
326
216
233
246
299
188
222
244
252
212
222
359
238
166
201
263
257
267
273
265
244
319
298
247
351
219
249
227
507
241
275
229
241
237
257
220
234
263
181
288
324
234
225
253
235
138
245
219
258
248
238
224
224
243
257
232
238
257
311
236
227
404
228
467
255
256
251
277
409
224
234
209
218
207
257
269
235
193
218
134
228
219
265
214
303
250
282
280
234
269
219
237
221
281
218
211
319
238
253
233
236
260
241
239
252
231
163
295
281
239
242
328
288
245
184
234
232
244
256
277
230
196
252
212
311
200
246
237
823
234
241
246
224
243
321
225
233
235
232
440
223
269
251
236
254
227
226
215
234
195
253
232
209
229
258
201
282
223
212
208
260
275
233
245
234
245
191
267
289
210
200
258
229
261
226
246
340
268
219
255
143
217
229
220
251
230
212
238
440
234
238
234
251
253
244
199
175
294
207
258
226
260
254
223
219
263
268
219
239
195
283
219
235
294
233
239
241
285
283
230
213
202
258
229
359
242
228
341
239
253
244
342
308
254
223
246
206
309
261
228
193
181
217
221
243
202
218
224
188
248
253
246
220
270
314
271
200
272
272
234
237
229
214
225
286
246
192
235
264
245
131
232
226
197
247
216
247
213
201
273
254
246
223
199
273
144
192
201
226
164
155
243
229
190
263
217
246
236
232
255
262
144
247
218
245
223
211
214
201
134
213
232
238
246
227
219
247
251
197
248
225
230
234
229
225
242
270
214
358
225
246
269
182
239
261
208
215
270
243
203
249
233
221
299
338
217
299
220
236
236
239
224
238
302
350
217
213
228
239
231
248
209
216
263
262
190
229
185
152
198
254
235
411
258
206
235
207
273
250
220
284
256
196
206
230
262
215
200
257
192
235
226
233
225
252
152
240
228
277
218
211
196
201
256
240
440
238
252
242
241
440
212
299
231
546
241
289
252
178
319
220
269
216
234
241
219
440
372
440
236
347
191
197
221
221
212
222
251
238
307
239
171
199
148
194
213
272
596
272
440
183
222
190
260
233
242
214
224
190
240
220
172
286
176
219
222
195
258
199
391
255
303
185
237
164
243
253
194
171
223
183
293
204
198
275
232
265
233
189
236
240
259
587
229
207
254
250
110
194
259
172
179
220
152
219
221
275
197
145
172
144
243
210
210
259
225
230
229
206
191
221
207
221
227
262
311
220
168
224
181
273
262
241
201
243
251
252
228
255
227
229
262
185
207
154
250
215
272
259
360
440
200
257
236
182
315
575
163
212
233
242
225
236
229
202
226
247
220
251
144
217
257
224
197
440
242
144
265
239
284
231
226
221
246
115
217
230
180
189
201
218
212
269
440
210
242
196
220
242
233
160
440
203
244
203
215
223
314
259
440
213
321
183
193
216
198
383
207
405
241
194
205
274
206
210
221
182
170
206
206
205
181
217
137
169
371
269
295
246
204
257
142
144
270
211
206
258
141
236
199
264
223
263
232
209
227
234
246
220
271
209
222
176
231
220
243
193
252
215
257
440
258
253
293
440
224
228
207
233
182
221
286
231
173
372
232
218
233
150
194
200
210
440
202
210
224
440
227
341
213
239
284
199
210
207
249
143
222
202
234
440
221
199
261
195
214
355
440
267
270
211
247
210
265
248
160
211
407
209
440
215
214
164
236
223
133
440
155
187
239
124
311
195
235
216
190
201
216
221
278
169
153
182
440
240
160
164
223
199
252
234
440
180
217
220
196
179
201
210
219
202
440
189
189
195
182
243
154
255
189
207
191
219
174
198
440
186
211
215
185
199
195
176
202
220
231
205
219
191
221
197
199
232
206
292
237
207
213
440
162
248
199
117
210
209
251
118
244
224
187
180
190
190
183
216
236
202
238
202
250
169
199
201
440
189
202
244
213
440
440
574
195
204
206
176
240
226
202
232
177
214
217
145
273
243
193
228
197
223
210
179
188
235
196
234
214
203
222
172
213
232
175
218
209
162
314
217
222
206
187
191
201
185
183
232
190
195
255
199
215
179
225
160
218
124
440
259
170
214
250
213
180
214
123
202
187
306
203
208
215
245
245
260
122
220
176
205
222
197
185
205
167
216
179
185
262
184
138
180
216
200
192
112
143
205
160
172
154
198
253
224
222
263
141
192
440
233
214
131
440
171
228
196
440
179
236
179
188
232
167
234
204
118
181
154
191
243
182
440
181
440
244
265
182
201
227
212
136
239
222
207
207
205
201
111
291
202
206
221
232
129
201
440
440
204
177
440
161
114
114
198
189
200
241
440
185
220
137
156
236
440
191
289
250
219
352
236
216
117
210
224
139
187
247
191
186
143
208
176
217
440
214
143
208
163
210
189
172
279
169
152
440
193
231
213
187
171
165
440
237
223
244
202
178
254
213
127
111
181
187
152
178
180
202
195
229
211
440
222
228
175
219
440
242
199
203
219
222
220
172
191
200
181
121
185
170
205
268
110
221
116
440
240
185
186
235
211
366
195
202
182
231
281
119
440
193
225
226
195
169
197
110
229
196
166
440
281
263
169
208
218
157
125
231
191
214
231
440
114
228
256
187
214
122
183
211
256
114
164
239
168
209
440
217
240
223
440
220
194
195
131
440
440
227
204
191
128
151
440
217
193
167
184
148
160
204
174
222
114
155
440
254
440
217
168
210
209
195
207
196
202
245
215
167
269
221
177
212
185
159
313
440
163
232
200
218
210
245
165
223
286
200
175
176
199
176
193
255
181
218
255
192
218
146
208
440
225
111
181
165
214
213
163
440
440
440
140
207
150
110
197
287
158
211
179
205
184
179
155
219
144
194
122
214
169
205
146
218
193
157
244
202
168
152
186
169
440
126
217
174
440
229
201
188
253
440
137
212
440
198
209
213
232
185
137
202
236
128
210
153
172
172
216
243
189
440
220
199
440
440
212
294
198
189
263
212
129
113
190
119
194
198
241
160
223
230
232
440
153
181
440
112
440
216
235
440
129
202
114
220
194
200
156
205
211
155
134
190
140
191
162
231
220
223
197
440
187
145
186
118
113
210
440
130
173
196
148
171
440
132
115
440
218
204
559
204
440
207
214
440
196
209
440
135
195
440
127
440
139
440
209
111
174
214
183
244
218
153
153
184
205
152
178
440
194
440
199
163
176
164
440
178
212
166
177
171
218
440
120
440
130
210
440
142
281
140
198
178
416
229
167
182
200
158
110
193
110
210
151
173
225
194
174
135
183
204
203
211
440
440
175
210
440
188
189
133
288
222
161
166
201
156
214
214
200
182
440
274
440
216
192
206
161
177
210
175
204
440
165
160
440
195
141
206
158
440
542
170
221
182
193
440
171
189
219
150
217
440
183
440
133
440
156
198
440
440
162
216
203
440
185
218
202
155
229
141
210
229
195
193
197
125
196
286
169
440
440
440
174
173
440
129
194
139
260
215
440
440
189
189
134
440
190
440
186
131
196
440
198
440
440
440
440
110
181
190
144
255
158
163
440
175
116
205
117
187
180
119
199
119
187
156
201
160
254
112
201
161
163
200
230
440
153
233
235
222
226
157
440
158
440
440
194
210
133
163
248
156
440
138
440
186
440
403
185
125
224
440
440
203
252
138
166
440
183
191
194
161
113
197
148
226
440
190
171
184
122
440
169
198
440
165
213
160
440
183
214
201
200
173
302
440
440
184
152
179
172
144
190
216
149
440
440
440
185
168
166
440
127
133
440
190
440
162
143
178
440
182
141
208
329
110
147
203
211
186
139
213
209
210
173
137
440
151
440
141
197
188
115
195
440
188
440
440
150
440
159
221
440
147
157
440
201
268
440
144
440
198
122
440
221
440
192
114
440
191
137
228
182
273
440
440
184
197
167
187
440
480
242
142
142
440
186
440
440
219
208
119
440
178
440
440
440
440
125
220
198
166
190
158
137
176
165
440
264
179
169
159
172
164
199
199
440
440
139
221
211
187
440
220
173
440
440
440
440
440
440
440
114
440
440
440
440
152
114
189
203
265
156
176
440
181
440
112
227
440
212
170
440
162
190
440
128
192
440
135
440
138
440
440
169
440
440
171
163
440
163
143
172
134
146
440
256
440
219
183
187
440
160
207
440
186
187
189
440
440
172
216
114
174
440
181
193
190
440
440
126
146
440
440
127
160
440
219
187
110
177
144
128
440
168
440
440
218
440
180
440
186
440
206
186
176
440
141
440
150
202
440
157
440
131
440
181
175
148
243
141
440
269
154
440
440
180
207
180
140
158
440
111
156
160
183
516
241
223
440
440
440
342
187
279
163
440
209
440
440
161
157
440
440
167
189
187
187
440
173
201
440
440
440
176
130
201
440
159
440
129
217
440
132
165
174
140
440
166
218
160
440
147
440
170
117
190
207
110
440
122
440
138
189
440
132
178
160
160
440
153
182
186
236
440
440
238
176
144
440
188
440
440
440
144
138
440
440
440
143
137
440
146
184
127
440
440
165
122
178
139
202
440
193
183
440
187
120
151
440
236
262
179
324
440
216
440
135
156
134
202
440
440
205
140
147
440
440
150
168
157
708
150
440
135
440
198
163
440
440
200
185
440
117
143
440
174
179
258
187
237
136
160
178
440
440
440
195
152
166
440
281
440
143
182
115
163
159
171
145
177
211
139
138
177
440
440
117
440
440
218
440
120
216
440
133
440
440
440
171
158
164
440
118
118
169
440
440
440
151
173
440
145
185
440
440
193
559
440
440
174
178
440
191
440
440
440
440
207
440
138
209
125
163
440
187
206
182
110
136
110
440
153
440
440
440
188
440
440
186
179
206
112
440
191
128
135
440
440
203
440
174
122
149
143
112
155
110
249
440
176
440
144
196
177
189
440
125
440
189
120
180
440
225
440
193
440
168
191
178
118
190
169
440
440
440
440
440
110
440
440
278
143
145
440
158
440
196
147
440
167
440
440
440
193
440
156
440
257
110
179
203
186
200
440
120
440
440
160
440
205
440
440
440
126
156
203
440
440
440
120
440
213
483
140
236
440
142
131
173
171
440
440
191
188
440
440
197
440
157
148
182
191
159
142
440
440
440
440
179
129
440
170
179
440
185
440
223
440
111
440
204
343
112
204
440
440
220
440
142
144
440
199
440
149
440
440
440
440
440
440
207
155
440
161
440
440
147
164
190
118
195
250
222
440
192
440
223
176
440
221
172
440
161
114
440
161
440
440
440
440
440
440
440
440
227
153
225
193
440
134
147
440
440
161
148
440
188
187
440
110
191
440
440
170
163
440
201
440
144
185
193
155
184
440
144
132
111
126
440
440
440
440
440
211
159
440
162
440
440
154
440
114
118
172
440
440
182
165
110
143
213
236
143
176
151
197
164
440
440
199
440
440
440
440
440
440
440
440
440
440
440
440
209
114
184
191
440
440
150
440
212
440
160
440
179
178
170
190
138
440
110
166
221
198
166
226
110
440
110
440
120
440
440
440
440
440
157
155
220
440
112
110
112
184
134
143
440
120
440
440
440
190
440
179
440
163
440
440
134
440
440
440
440
440
172
178
129
164
440
440
172
161
440
179
440
440
440
440
440
179
440
141
440
440
440
440
193
440
440
153
440
440
157
117
440
440
207
440
186
150
440
198
440
156
440
145
440
440
440
440
440
133
175
440
440
169
440
440
285
122
147
440
194
200
181
256
218
440
440
440
149
239
440
440
440
143
160
440
440
440
440
440
172
440
141
440
440
440
121
440
440
172
174
440
440
440
144
158
116
440
440
440
440
167
440
161
440
194
159
170
440
440
115
146
440
440
440
128
440
177
128
440
137
116
114
440
440
440
440
440
440
440
440
440
440
159
440
440
119
152
440
440
440
440
440
186
440
210
440
111
440
440
440
440
147
440
440
129
440
440
130
440
440
138
136
440
440
180
440
440
440
158
140
115
162
218
440
440
440
440
440
440
440
171
440
440
192
136
110
158
148
440
440
440
440
440
186
440
440
440
171
151
440
440
440
440
440
110
440
169
440
164
124
440
157
165
440
440
133
160
440
440
170
440
158
161
144
440
440
440
440
440
138
440
440
440
440
194
440
440
279
205
440
440
237
219
440
243
440
142
440
440
139
440
440
440
440
131
440
440
440
440
440
159
440
188
170
112
440
227
440
170
440
440
163
398
440
114
168
440
440
155
440
132
440
180
440
440
150
440
151
110
440
190
159
162
440
122
440
113
138
233
440
440
164
201
168
440
164
440
147
440
440
440
440
440
440
179
154
440
440
172
124
440
440
440
440
440
122
440
440
440
165
440
440
196
440
440
440
440
152
119
440
440
440
440
440
440
170
440
440
135
440
154
440
440
440
440
440
440
440
440
156
440
136
204
440
200
144
440
181
440
440
110
440
440
149
128
481
159
164
440
440
209
196
440
191
440
440
440
155
440
440
440
153
119
440
440
440
440
440
440
138
440
440
440
440
440
440
440
440
440
440
440
440
174
440
440
440
440
440
440
440
154
440
158
173
440
440
440
154
440
440
440
440
440
440
440
440
440
440
175
440
176
440
137
440
440
440
440
115
440
440
440
193
440
440
440
112
126
440
167
440
151
440
140
225
440
440
143
440
440
440
440
165
440
440
148
440
440
440
111
440
440
440
137
440
440
149
440
440
440
440
121
135
440
110
440
133
126
440
115
440
124
123
118
440
440
222
440
135
440
440
440
440
117
157
440
440
124
158
440
157
440
145
176
440
185
207
440
440
153
188
440
440
182
440
440
145
440
440
440
440
440
440
440
184
440
178
440
440
209
440
171
440
137
440
440
212
440
440
440
440
127
153
179
440
173
440
185
440
137
124
440
440
440
440
440
440
112
440
156
440
265
417
440
440
440
440
440
440
440
440
440
440
132
119
440
440
110
440
143
160
440
115
440
146
440
440
440
440
177
440
118
440
440
440
440
440
121
440
139
152
179
440
440
440
440
176
440
440
158
110
440
116
122
440
198
440
440
440
440
440
440
134
440
440
151
116
440
440
440
440
440
161
440
176
440
165
440
440
440
145
440
440
174
173
142
440
460
166
113
120
440
152
154
440
440
440
440
440
440
132
440
440
440
194
440
440
440
440
440
440
440
440
440
440
170
440
440
209
440
440
440
440
418
440
440
157
440
223
130
440
440
147
440
440
176
440
440
200
146
440
440
440
440
159
440
440
440
440
440
151
440
440
440
137
440
440
158
440
440
440
440
163
440
163
179
440
113
440
440
151
440
440
440
440
440
440
440
440
166
221
440
440
440
440
164
440
440
159
440
153
440
440
440
141
440
440
151
440
440
440
440
173
440
440
440
440
440
440
440
440
440
114
440
440
152
440
440
440
242
440
440
162
121
440
141
185
440
440
440
440
125
440
440
440
145
440
156
440
440
129
116
440
440
133
440
440
440
134
440
440
440
440
440
112
440
440
440
440
440
440
440
158
440
496
440
440
440
151
440
440
440
440
440
440
440
110
440
440
440
151
440
234
131
440
440
440
440
440
440
440
440
440
440
440
228
440
196
440
440
440
134
440
440
440
440
440
440
440
440
440
440
440
112
440
119
201
440
440
440
440
138
440
440
440
440
440
440
440
128
120
440
162
440
110
126
440
440
440
170
163
440
440
440
440
440
440
134
440
440
440
216
440
449
440
440
440
440
440
440
440
440
440
440
166
440
440
440
187
440
440
440
440
115
440
440
440
440
440
440
440
440
440
440
440
440
440
440
113
440
440
440
440
440
440
440
440
142
134
440
440
440
440
244
440
440
440
440
440
440
440
440
440
440
152
440
119
160
440
172
440
152
440
440
440
440
440
440
169
440
440
440
440
392
119
156
440
440
154
154
111
440
440
111
440
440
440
440
440
440
440
440
440
440
440
440
440
170
440
150
440
440
169
440
229
440
148
440
204
130
440
440
440
209
440
171
440
440
204
440
130
440
440
146
440
440
440
440
440
212
112
440
440
440
440
440
440
440
440
440
178
440
440
440
440
440
440
440
440
159
440
440
440
440
440
440
440
144
440
112
440
440
440
440
440
440
440
440
440
440
161
110
440
440
440
111
144
440
440
122
440
440
440
440
126
114
440
440
139
440
440
134
440
440
440
440
440
440
122
440
113
440
440
440
440
440
440
440
122
440
440
440
114
440
440
110
440
440
440
440
140
440
440
440
440
440
440
440
440
440
112
440
440
440
440
440
440
440
440
440
440
440
440
440
440
440
440
440
440
440
440
440
440
440
440
440
440
440
179
156
440
110
440
440
440
440
153
440
440
440
176
440
440
440
440
149
440
440
440
440
440
440
440
440
440
174
440
440
440
124
440
440
440
440
440
440
157
440
440
440
209
192
440
440
440
143
440
440
440
440
440
440
440
440
440
440
440
440
440
440
440
440
440
440
440
440
440
440
114
440
440
440
196
137
440
440
183
440
440
158
110
440
440
440
132
440
440
440
117
440
440
440
440
440
440
440
440
114
440
140
440
164
440
440
440
128
440
440
440
440
165
440
440
440
440
440
440
440
440
440
440
440
440
440
440
156
440
141
440
440
161
135
440
440
440
440
440
440
440
440
440
440
440
440
440
440
440
440
440
440
440
440
440
440
440
440
440
440
440
110
155
440
149
440
440
440
440
440
440
440
159
440
440
155
440
440
440
440
440
440
440
440
440
440
440
440
192
440
440
440
440
440
440
440
164
440
440
440
440
130
440
440
145
440
440
440
440
440
440
440
440
440
440
147
440
440
440
440
440
440
440
440
440
440
440
440
440
440
440
440
440
114
440
440
440
440
440
440
440
440
440
440
440
440
440
440
440
440
440
150
440
440
190
139
440
440
440
162
440
440
440
440
440
440
440
440
440
440
440
440
440
132
140
111
440
440
162
440
440
440
440
440
440
165
440
440
440
440
440
440
245
440
440
440
440
440
133
440
440
440
440
440
440
154
440
440
128
440
440
440
440
440
440
440
440
440
440
440
440
440
440
440
440
440
440
158
440
440
440
562
440
440
440
440
440
114
440
440
440
135
440
440
440
440
440
440
440
440
147
440
440
440
440
187
440
440
440
440
146
440
183
440
440
440
440
440
440
440
440
180
110
440
440
121
440
440
440
440
440
440
440
440
440
440
194
440
440
440
440
440
440
440
440
440
440
440
440
440
440
126
440
440
440
440
440
440
440
440
440
440
440
440
440
121
440
440
440
440
440
440
440
440
440
440
440
440
440
440
440
174
144
440
153
440
184
440
440
440
440
440
440
201
440
440
440
440
440
271
440
440
440
440
440
440
440
440
440
440
440
440
440
440
440
440
440
440
440
440
440
440
440
440
160
440
440
440
440
440
440
440
440
440
183
440
440
440
440
440
440
115
440
440
440
440
440
440
440
440
440
145
440
440
440
440
110
440
440
440
440
440
440
440
112
440
440
440
440
440
440
440
440
440
440
440
440
440
118
440
440
440
440
440
440
440
121
440
440
440
440
440
440
117
440
126
440
170
440
111
440
440
440
206
440
440
440
440
440
440
440
440
440
440
134
440
440
440
440
440
200
440
440
440
440
440
440
440
440
440
440
440
440
440
440
440
416
440
440
440
440
440
440
440
440
440
440
440
440
440
440
440
440
440
440
440
440
440
440
440
440
440
440
184
440
440
440
440
440
440
440
440
440
440
440
440
440
440
440
440
440
440
440
440
440
113
440
440
440
440
440
440
440
440
440
440
114
440
156
440
440
440
440
440
440
440
440
440
440
440
440
440
440
440
440
440
132
440
440
440
440
123
440
440
121
440
440
440
440
440
440
134
440
440
440
440
167
440
440
440
440
440
440
440
440
135
440
440
440
440
440
440
440
440
440
440
440
440
440
440
440
440
440
440
440
440
440
440
440
440
440
440
440
440
440
440
440
440
440
440
440
440
440
440
440
440
440
440
440
440
202
440
440
440
440
440
440
440
440
440
440
440
440
440
440
440
440
440
440
440
440
440
440
405
440
440
147
440
440
440
440
440
440
440
440
440
440
440
440
440
440
440
128
440
440
440
440
114
196
440
440
440
440
440
440
440
440
440
440
440
440
440
440
170
440
440
440
440
440
440
440
440
440
440
440
440
440
440
440
440
440
440
440
440
440
440
440
440
440
440
440
440
440
440
118
440
440
440
440
440
440
440
440
440
440
440
440
440
440
440
440
440
484
440
440
440
440
440
440
440
440
440
440
440
440
440
440
440
440
110
440
440
440
440
440
114
440
440
440
440
440
440
440
440
440
181
440
440
440
440
440
440
440
440
440
440
440
440
440
440
440
440
440
440
440
440
128
440
440
440
440
440
440
440
440
440
440
440
440
440
440
440
440
440
440
440
440
440
440
440
440
440
440
440
440
180
440
114
440
167
440
440
440
440
440
440
440
440
440
440
440
440
141
440
174
440
440
159
440
440
440
440
440
440
440
440
440
133
186
440
440
440
440
440
440
440
440
110
440
440
440
440
440
440
440
440
440
440
440
440
440
440
440
440
440
440
440
440
440
440
440
440
440
440
440
440
440
440
440
440
440
132
440
440
440
440
440
440
129
440
440
440
440
440
440
440
440
440
440
440
440
168
440
440
440
440
440
440
110
440
440
440
440
440
440
440
440
440
440
440
440
440
440
440
440
440
440
440
440
440
440
440
440
440
440
440
440
440
440
151
440
440
110
440
440
440
440
440
155
440
440
440
440
440
440
440
440
440
440
146
157
440
440
114
440
440
440
440
176
440
440
440
440
440
440
440
440
112
440
112
440
440
440
440
440
440
440
440
440
440
440
440
440
440
440
115
440
110
440
440
440
440
440
440
440
440
440
440
440
440
440
440
440
172
139
440
440
440
440
440
440
440
440
440
440
440
440
440
440
440
110
440
440
440
440
440
440
440
440
440
440
440
440
440
440
440
440
440
440
440
440
440
440
440
440
440
440
187
440
440
440
440
440
440
440
123
440
440
440
440
440
429
144
440
440
440
440
440
440
440
131
440
440
440
440
440
440
110
440
440
440
440
440
440
440
440
440
440
440
155
133
440
440
440
440
440
440
440
440
440
440
440
440
440
440
116
440
440
440
440
440
440
440
440
440
440
440
440
440
440
440
440
440
117
440
440
440
440
440
440
440
440
440
440
110
440
440
440
440
440
440
440
440
440
440
440
440
126
440
440
440
440
440
440
440
440
440
440
161
440
183
440
440
440
440
440
440
440
440
440
110
440
440
440
440
440
440
440
440
440
440
440
440
440
440
440
440
440
440
440
440
440
185
129
155
440
440
440
440
440
440
165
440
440
440
440
440
440
440
440
440
110
440
440
440
440
440
440
440
156
440
440
440
440
440
440
440
440
440
440
440
440
440
440
440
376
440
440
440
440
440
440
440
440
440
440
440
440
440
440
440
440
440
440
146
440
440
440
440
440
124
440
440
440
440
440
440
440
440
440
440
507
440
440
440
440
440
440
440
152
440
440
440
440
440
440
440
440
440
440
440
440
440
440
440
440
440
440
440
440
440
440
440
440
440
440
440
440
440
440
440
440
440
440
440
440
440
440
440
440
440
440
440
440
440
440
440
440
154
440
440
440
440
440
440
440
440
440
440
440
440
440
440
440
440
440
440
440
440
440
440
440
440
440
440
440
440
440
440
440
440
440
440
440
440
440
440
440
440
440
440
440
440
440
440
440
440
440
149
440
440
440
440
440
440
440
440
440
440
440
440
440
440
440
440
440
440
440
440
440
440
440
440
440
440
440
211
440
440
440
440
440
440
440
440
440
440
440
440
440
440
440
440
440
440
440
440
440
440
440
440
440
440
440
440
154
440
440
440
440
440
440
440
440
440
440
440
440
440
440
440
440
440
440
440
440
440
110
440
440
125
440
440
440
440
440
440
440
440
440
440
440
249
440
440
440
440
440
440
440
440
440
440
440
440
440
440
440
440
440
440
440
440
440
440
440
440
440
112
440
119
440
440
440
440
440
440
440
440
440
440
440
144
440
440
440
440
440
440
440
440
440
440
440
440
440
440
440
440
440
440
440
440
440
440
440
440
440
440
440
440
440
440
440
440
440
440
440
440
440
440
440
440
440
440
440
440
440
440
440
440
440
440
440
440
440
440
440
440
440
440
440
440
440
440
440
440
440
585
121
440
440
440
440
440
440
440
440
440
440
440
440
440
440
440
440
440
440
440
179
118
440
440
440
440
440
440
440
440
440
440
440
440
440
440
440
440
440
440
440
440
440
440
440
440
440
440
440
440
144
440
440
440
440
440
440
440
440
440
440
440
135
440
440
440
440
440
118
440
141
440
440
440
440
440
440
440
440
440
440
440
440
440
440
440
440
440
440
440
440
440
158
440
440
138
440
440
440
440
440
440
440
440
440
440
440
440
171
440
440
440
440
142
440
440
440
440
440
440
440
440
440
440
440
440
440
440
440
440
440
440
440
440
440
440
440
440
440
440
440
440
440
440
440
440
440
440
440
440
150
440
440
440
440
440
440
440
440
440
440
440
440
440
440
440
440
440
183
440
440
440
440
440
440
440
440
440
440
440
440
440
440
440
440
440
440
155
440
440
440
440
440
440
440
440
440
440
440
440
440
440
440
440
440
440
440
440
440
440
440
440
440
440
440
440
440
440
440
440
440
440
440
440
440
440
440
440
440
440
440
440
440
440
440
440
440
440
440
440
440
440
440
440
195
440
440
440
440
440
440
440
440
440
440
440
440
440
440
126
440
440
440
440
440
440
440
440
440
440
440
440
440
440
440
440
440
440
440
440
440
440
440
440
440
440
440
440
440
440
440
440
440
440
440
440
440
440
440
440
440
440
440
132
440
440
440
440
440
440
440
440
440
440
440
440
440
440
440
440
440
440
440
440
440
440
440
440
440
440
231
440
440
440
440
440
440
440
440
440
440
440
440
440
440
440
440
440
440
440
440
440
440
440
440
440
440
440
440
440
440
440
440
440
440
440
440
440
440
440
440
440
440
440
440
440
440
440
440
440
440
440
440
440
440
440
432
440
440
440
440
440
440
440
440
440
440
440
440
440
440
440
440
440
440
440
440
440
440
440
440
440
440
440
440
440
440
440
440
440
440
440
440
440
440
440
440
440
440
114
440
440
440
440
440
440
440
440
440
440
440
440
440
440
440
440
440
440
440
440
440
440
440
440
440
440
440
440
158
440
440
440
440
440
440
440
440
440
440
440
440
440
440
440
440
440
440
440
440
440
440
440
440
440
440
440
440
440
440
440
440
440
440
440
440
440
440
440
440
440
440
440
440
440
440
440
440
440
440
440
440
440
440
440
440
440
440
119
440
440
440
440
440
440
440
440
440
440
440
440
440
440
440
440
440
440
440
440
440
440
440
440
440
440
440
440
440
440
440
440
440
440
440
440
440
440
440
440
440
440
440
440
440
440
440
440
440
440
440
440
440
440
440
440
440
440
440
440
440
440
440
440
440
440
440
440
440
440
440
440
440
440
440
440
440
440
440
440
440
440
440
440
440
440
440
440
440
440
440
440
134
440
440
440
440
440
440
440
440
440
440
440
440
440
440
440
440
440
440
440
440
440
440
440
440
440
440
440
440
475
440
440
440
440
440
440
440
440
440
440
440
440
440
440
440
440
440
440
440
440
440
440
440
440
440
440
440
440
440
440
440
440
440
440
440
440
440
440
440
440
440
440
440
440
440
440
440
440
440
440
440
440
440
440
440
440
110
440
440
440
440
440
440
440
440
440
440
440
440
440
440
440
440
440
440
440
440
440
440
440
440
440
440
440
440
440
440
440
440
440
440
440
440
440
440
440
440
440
440
440
440
440
440
440
440
440
440
440
440
440
440
440
253
440
440
440
440
440
440
440
440
440
440
440
440
440
440
440
440
147
440
440
440
440
440
440
440
440
440
440
440
440
440
440
440
138
440
440
440
125
440
440
440
440
440
440
440
440
440
440
440
440
440
440
440
440
440
440
440
440
440
142
440
440
440
440
440
440
440
440
440
440
440
440
440
440
440
440
440
440
440
440
440
440
440
440
440
440
440
440
440
440
440
440
440
440
440
440
440
440
440
440
440
440
440
440
440
440
440
440
440
440
440
440
440
440
440
440
440
440
440
440
440
440
440
440
440
440
440
440
440
440
440
440
440
440
440
440
440
582
440
440
440
440
440
440
440
440
440
440
440
440
440
440
440
440
440
440
440
440
121
440
440
440
440
440
440
440
440
440
440
440
440
440
440
440
440
440
440
440
440
440
440
440
440
440
440
440
440
440
440
440
440
440
440
440
440
440
440
440
440
440
440
440
440
440
440
440
440
440
440
440
440
440
440
440
440
440
440
440
440
440
440
440
440
440
440
440
440
440
440
440
440
440
169
440
440
440
440
440
440
114
440
440
440
440
440
440
440
440
440
440
440
440
440
440
440
440
440
440
440
440
440
440
440
440
440
440
440
440
440
440
190
440
440
440
157
440
120
440
440
440
440
440
440
440
440
440
440
172
440
440
440
440
440
440
440
440
440
440
440
440
440
440
440
440
440
440
440
440
440
440
440
440
440
440
440
440
440
440
440
440
440
440
440
440
440
440
440
440
440
440
440
440
440
440
440
440
440
440
440
440
440
440
440
110
440
440
440
440
440
440
440
440
440
440
440
440
440
440
440
440
440
440
440
440
440
440
440
440
142
440
440
440
440
440
440
440
440
440
507
440
440
440
440
440
440
440
440
440
440
440
440
440
440
440
440
440
440
440
440
440
440
440
440
440
440
440
440
440
440
440
440
440
440
440
440
440
440
440
440
440
440
440
440
440
440
440
440
421
440
440
440
440
440
440
440
440
440
440
395
440
440
440
440
440
440
440
440
440
440
440
440
440
440
440
440
440
440
440
440
440
440
206
440
440
440
440
440
440
440
440
440
440
440
440
440
440
440
440
440
440
440
440
440
440
440
440
440
440
440
440
440
440
440
440
440
440
440
440
440
440
440
440
440
440
440
440
440
440
440
440
440
440
440
440
440
440
440
440
440
440
440
440
440
440
440
440
440
440
440
440
440
440
440
440
440
440
440
440
440
440
440
440
440
417
440
440
440
440
440
440
440
440
440
440
440
440
440
440
440
440
440
440
440
440
440
440
440
440
157
440
440
440
440
440
440
440
440
440
440
440
440
440
440
440
440
440
440
440
440
440
440
440
440
440
440
440
440
440
440
440
440
440
440
440
440
440
440
440
440
440
440
440
137
440
440
440
440
440
440
440
440
440
440
440
440
440
440
440
440
440
440
440
440
440
440
440
440
440
440
440
440
440
440
440
115
440
440
440
440
440
440
440
440
212
440
440
440
440
440
440
440
146
440
440
440
440
440
440
440
440
440
440
440
440
440
440
440
440
440
440
440
440
440
440
440
440
440
440
440
440
440
259
440
440
440
440
440
440
440
440
440
440
440
440
133
440
440
440
440
440
440
440
440
403
440
440
440
440
440
440
440
440
440
440
440
440
440
440
440
440
440
440
440
440
440
440
440
440
440
440
440
440
604
440
440
440
440
440
440
440
440
440
440
440
440
440
440
440
440
440
440
440
440
440
440
440
440
440
440
440
440
440
440
440
440
440
440
440
440
440
440
440
440
440
440
440
440
440
440
440
440
440
440
440
440
440
440
440
440
440
440
440
440
440
440
440
189
440
440
440
440
440
440
440
440
440
440
440
440
440
440
440
440
440
440
440
440
440
110
440
440
440
440
440
440
440
440
440
440
440
440
440
440
440
440
440
440
440
440
440
440
440
440
440
440
440
440
440
440
440
440
440
440
440
440
440
440
440
440
440
440
440
440
440
440
440
440
440
440
440
440
440
440
440
440
440
440
440
440
440
440
440
440
407
440
440
440
440
440
440
440
440
440
440
110
440
440
440
440
440
440
440
440
440
440
440
440
440
440
440
440
440
440
440
440
440
440
118
440
440
440
440
440
440
440
440
440
440
158
440
440
440
440
440
440
440
440
440
440
440
440
440
440
440
440
440
440
440
440
440
440
440
440
116
440
440
440
440
440
440
440
440
440
440
440
440
440
440
440
440
440
440
440
440
440
440
440
440
440
440
440
440
440
440
440
440
440
440
440
440
440
440
440
440
440
440
440
440
440
440
440
117
440
440
440
440
440
440
440
440
440
440
440
440
440
440
440
440
440
440
440
440
440
440
440
440
440
440
440
440
440
440
440
440
440
440
440
440
440
440
440
440
440
440
440
440
440
440
440
440
440
440
440
440
440
440
440
440
440
440
440
440
440
440
440
440
440
440
440
440
440
440
440
440
440
440
440
440
440
440
440
440
440
440
440
440
440
440
440
440
440
440
440
440
440
440
440
440
440
440
440
440
440
440
440
440
440
440
440
440
440
440
440
440
440
440
440
440
440
440
440
440
440
440
440
440
440
440
440
440
440
440
440
440
440
440
440
440
440
440
440
440
440
440
440
440
440
440
440
440
440
440
440
440
440
440
440
440
440
440
440
440
440
440
440
440
440
440
440
440
440
440
440
440
440
440
440
440
440
440
440
440
440
440
440
440
440
440
440
440
440
440
440
440
440
440
440
440
440
440
440
440
440
440
440
440
440
440
440
440
440
440
440
440
440
440
440
440
440
440
440
440
440
440
440
440
440
440
440
440
440
440
440
440
440
440
440
440
440
440
440
440
440
440
440
440
440
440
440
440
440
440
440
440
440
440
440
440
122
440
440
440
440
440
440
440
440
440
440
440
440
118
440
440
440
440
440
440
440
440
440
440
440
440
440
440
440
440
440
440
440
440
440
440
440
440
440
440
440
440
440
440
440
440
440
440
440
440
440
440
440
440
440
440
440
440
440
440
440
440
440
440
440
440
440
440
440
440
440
440
110
440
440
440
440
440
440
440
440
440
440
440
440
440
440
440
440
440
440
440
440
440
440
440
440
440
440
440
440
440
440
440
440
440
440
440
440
440
440
440
440
440
440
440
440
440
440
440
440
110
440
440
440
440
440
440
440
440
440
440
440
440
440
440
440
440
440
440
440
440
440
440
440
440
440
440
440
440
440
440
440
440
440
440
440
440
440
440
440
440
440
440
440
440
440
440
440
440
440
120
440
440
440
440
440
440
440
440
440
440
440
440
440
440
440
440
440
440
440
440
440
440
440
440
440
440
440
440
440
440
440
440
440
440
440
440
440
440
440
440
440
440
440
440
440
440
440
440
440
440
440
440
440
440
440
440
440
440
440
440
440
440
440
440
440
440
440
440
440
440
440
440
440
440
440
440
440
440
440
440
440
440
440
440
440
440
440
440
440
440
440
440
440
440
440
440
440
440
440
440
440
440
440
440
440
440
440
440
440
440
440
440
440
169
440
440
440
440
440
440
440
440
440
440
440
440
440
440
440
440
440
207
440
440
440
440
440
440
440
440
440
440
440
440
440
440
440
440
207
440
440
343
440
440
440
440
440
440
440
440
440
440
440
440
440
440
440
440
440
440
440
440
440
440
440
440
440
440
440
440
440
440
440
440
440
440
440
440
440
440
440
440
440
440
440
440
440
440
440
440
440
440
440
440
440
440
440
440
440
440
440
440
440
440
440
440
440
440
440
440
440
440
440
440
440
440
440
440
440
440
440
440
440
440
440
440
440
440
440
440
440
440
440
440
440
440
440
440
440
440
440
440
440
440
440
440
440
440
440
440
440
440
440
440
440
440
440
440
440
110
440
440
440
440
440
440
440
440
440
440
440
440
440
412
440
440
440
440
440
440
440
440
440
440
440
440
440
440
440
440
440
440
440
440
440
440
440
440
440
440
440
440
440
440
440
440
440
440
440
440
440
440
440
440
440
440
440
440
440
440
440
440
440
440
440
440
440
440
440
440
440
440
440
440
440
440
440
440
440
440
440
440
440
440
440
440
440
440
440
440
440
440
440
440
440
440
440
440
440
440
440
110
440
440
440
440
440
440
440
440
440
440
440
440
440
440
440
440
440
440
440
440
440
440
440
440
440
440
440
440
440
440
440
440
440
440
440
440
440
440
440
440
440
440
440
440
145
440
440
440
440
440
440
440
440
440
440
440
440
440
440
440
440
440
440
440
440
440
440
440
440
440
440
440
440
440
440
440
138
440
440
440
440
440
440
440
147
440
440
440
440
440
440
440
440
440
440
440
440
440
440
440
440
440
440
440
440
440
440
440
440
440
440
440
440
440
440
440
440
440
440
440
123
440
440
440
440
440
440
440
440
440
440
440
440
440
440
440
440
440
440
440
440
440
440
440
440
440
440
440
440
440
440
440
440
440
440
440
440
440
440
440
440
440
440
440
440
440
440
440
440
440
440
440
440
440
440
440
440
440
440
440
440
440
440
440
440
440
440
440
440
440
440
440
440
440
440
440
440
440
440
440
440
440
440
440
440
440
440
440
440
440
440
440
440
440
440
440
440
440
440
440
440
440
440
440
440
440
440
440
440
440
440
440
440
440
440
440
440
440
440
440
440
440
440
440
440
440
440
440
440
440
440
440
440
440
440
440
440
440
440
440
440
440
440
440
440
440
440
440
440
440
440
440
440
440
440
569
440
440
440
440
440
440
440
440
440
440
440
440
440
440
440
440
440
440
440
440
440
440
440
440
440
440
440
440
440
440
440
440
440
440
440
440
440
440
440
265
440
440
440
440
440
440
440
440
440
440
440
440
440
440
440
440
440
440
440
440
440
440
440
440
440
440
440
140
440
440
440
440
440
440
440
440
440
440
440
440
440
440
440
440
440
440
440
440
440
440
440
440
440
440
440
440
440
440
440
440
440
440
440
440
440
440
440
440
440
440
440
440
440
440
440
440
440
440
440
440
440
440
440
440
440
440
440
440
440
440
440
440
440
440
440
440
440
440
440
440
440
440
440
440
440
440
440
440
440
440
440
440
440
440
440
440
440
440
440
440
440
440
440
440
440
440
440
440
440
440
440
440
440
440
440
440
440
440
440
440
440
440
440
440
440
440
440
440
440
440
440
440
440
440
440
440
440
440
440
440
440
440
440
440
440
440
440
440
440
440
440
440
440
440
440
440
440
440
440
440
440
440
440
440
440
440
440
440
440
440
440
440
440
440
440
440
440
440
440
440
440
440
440
440
440
440
440
440
440
440
440
440
440
440
440
440
440
440
440
440
440
440
440
440
440
440
440
440
440
440
440
440
440
440
440
440
440
440
440
440
440
440
440
440
440
440
440
440
440
440
440
440
440
440
440
440
440
440
440
440
440
440
440
440
440
440
440
440
440
440
440
440
440
440
440
440
440
440
440
440
440
440
440
440
440
440
440
440
440
440
440
440
440
440
440
440
440
440
440
440
440
440
440
440
440
440
440
440
440
440
440
440
440
440
440
440
440
440
440
440
440
440
440
440
440
440
440
440
440
440
440
440
440
440
440
440
440
440
440
440
440
440
440
440
440
440
440
440
440
440
440
440
440
440
440
440
440
440
440
440
440
440
440
440
440
440
440
440
440
440
440
440
440
440
440
440
440
440
440
440
440
440
440
440
440
440
440
440
440
440
440
412
440
440
440
440
440
440
440
440
440
440
440
440
440
440
440
440
440
440
440
440
440
440
440
440
440
440
440
440
440
440
440
440
440
440
440
440
440
440
440
440
440
440
440
440
440
440
440
440
440
440
440
440
440
440
440
440
440
440
440
440
440
440
440
440
440
440
440
440
440
440
440
440
440
440
440
440
440
440
440
440
440
440
173
440
440
440
440
440
440
440
440
440
440
440
440
440
440
440
440
440
440
440
440
440
440
440
440
440
440
440
440
440
440
440
440
440
440
440
440
440
440
440
440
440
440
440
440
440
440
440
440
440
440
440
440
440
440
440
440
440
440
440
440
440
440
440
440
440
440
440
440
440
440
440
440
440
440
440
440
440
440
440
440
440
440
440
440
440
440
440
440
440
440
440
440
440
440
440
440
440
440
440
440
440
440
440
440
440
440
440
440
440
440
440
440
440
440
440
440
440
440
440
440
440
440
440
440
440
440
440
440
440
440
440
440
440
440
440
440
440
440
440
440
440
440
440
440
440
440
440
440
440
440
440
440
440
440
440
440
440
440
440
440
440
440
440
440
440
440
440
440
440
440
440
440
440
440
440
440
440
440
440
440
440
440
440
440
440
440
440
440
440
440
440
440
440
440
440
440
440
440
440
440
440
440
440
440
440
440
440
440
440
440
440
440
440
440
440
440
440
440
440
440
440
440
440
440
440
440
440
440
440
440
440
440
440
440
440
440
440
440
440
440
440
440
440
440
440
440
440
440
440
440
440
440
440
440
440
440
440
440
440
440
440
440
440
440
440
440
440
440
440
440
440
440
440
440
440
440
440
440
440
440
440
440
440
440
440
440
440
440
440
440
440
440
440
440
440
440
440
440
440
440
440
440
440
440
440
440
440
440
440
440
440
440
440
440
440
440
440
440
440
440
440
440
440
440
440
440
440
440
440
440
440
440
440
440
440
440
440
440
440
440
440
440
440
440
440
440
440
440
440
440
440
440
440
440
440
440
440
440
440
440
440
440
440
440
440
440
440
440
440
440
440
440
440
440
440
440
440
440
440
140
440
440
440
440
440
440
440
440
440
440
440
440
440
440
440
440
440
440
440
440
440
440
440
440
440
440
440
440
440
440
440
440
440
440
440
440
440
440
440
440
440
440
440
440
440
440
440
440
440
440
440
440
440
440
440
440
440
440
440
440
440
440
440
440
440
440
440
440
440
440
440
440
440
440
440
440
440
440
440
440
440
440
440
440
440
440
440
440
440
440
440
440
440
440
440
440
440
440
440
440
440
440
440
440
440
440
440
440
440
440
440
440
440
440
440
440
440
440
440
440
440
440
440
440
440
440
440
440
440
440
440
440
440
440
440
440
440
440
440
440
440
440
440
440
440
440
440
440
440
440
440
440
440
440
440
440
440
440
440
440
440
440
440
440
440
440
440
440
440
116
440
440
440
440
440
440
440
440
440
440
440
440
440
440
440
440
440
440
440
440
440
440
440
440
440
440
440
440
440
440
440
440
440
440
440
440
440
440
440
440
440
440
440
440
440
440
440
440
440
440
440
440
440
440
440
440
440
440
440
440
440
440
440
440
440
440
440
440
440
440
440
440
440
440
440
440
440
440
440
440
440
440
440
440
440
440
440
440
440
440
440
440
440
440
167
440
440
440
440
440
440
440
440
440
440
440
440
440
440
440
440
440
440
440
440
440
440
440
440
440
440
440
440
440
440
440
440
440
440
440
440
440
440
440
440
440
440
440
440
440
440
440
440
440
440
440
440
440
440
440
440
440
440
440
440
440
440
440
440
440
440
440
440
440
440
440
440
440
440
440
440
440
440
440
440
440
440
440
440
440
440
440
440
440
440
440
440
440
440
440
440
440
440
440
440
440
440
440
440
440
440
440
440
440
440
440
440
440
440
440
440
440
440
440
440
440
440
440
440
440
440
440
440
440
440
440
440
440
440
440
440
440
440
440
440
440
440
440
440
440
440
440
440
440
440
440
440
440
440
440
440
440
440
440
115
440
440
440
440
440
440
440
440
440
440
440
440
440
440
440
440
440
440
440
440
440
440
440
440
440
440
440
440
440
440
440
440
440
440
440
440
440
440
440
440
440
440
440
440
440
440
440
440
440
440
440
440
440
440
440
440
440
440
440
440
440
440
440
440
440
440
440
440
440
440
440
440
440
440
440
440
440
440
440
440
440
440
440
440
440
440
440
440
440
440
440
440
440
440
440
440
440
440
440
440
440
440
440
440
440
440
440
440
440
440
440
440
440
440
440
440
440
440
440
440
440
440
440
440
440
440
440
440
440
440
440
440
440
440
440
440
440
440
440
440
440
440
440
440
440
440
147
440
440
440
440
440
440
440
440
440
440
440
440
440
440
440
440
440
440
440
440
440
440
440
440
440
440
440
440
440
440
440
440
440
440
440
440
440
440
440
440
440
440
440
440
440
440
440
440
440
440
440
440
440
440
440
440
440
440
440
440
440
440
440
440
440
440
440
440
440
440
440
440
440
440
440
440
440
440
440
440
440
440
440
440
440
440
440
440
440
440
440
440
440
440
440
440
440
440
440
440
440
440
440
440
440
440
440
440
440
440
440
440
440
440
440
440
440
440
440
440
440
440
440
440
440
440
440
440
440
440
440
440
440
440
440
440
440
440
440
440
440
440
440
440
440
440
440
440
440
440
440
440
440
440
440
440
440
440
440
440
440
440
440
440
440
440
440
440
440
440
440
440
440
440
440
440
440
440
440
440
440
440
440
440
440
440
440
440
440
440
440
440
440
440
440
440
440
440
440
440
440
440
440
440
440
440
440
440
440
440
440
440
440
440
440
440
440
440
440
440
440
440
440
440
440
440
440
440
440
440
440
440
440
440
440
440
440
440
440
440
440
440
440
440
440
440
440
440
440
440
440
440
440
440
440
440
440
440
440
440
440
440
440
440
440
440
440
440
440
440
440
440
440
440
440
440
440
440
440
440
440
440
440
440
440
440
440
440
440
440
440
440
440
440
440
440
440
440
440
440
440
440
440
440
440
440
440
440
440
440
440
440
440
440
440
440
440
440
440
440
440
440
440
440
440
440
440
440
440
440
440
440
440
440
440
440
440
440
440
440
440
440
440
440
440
440
440
440
440
440
440
440
440
440
440
440
440
440
440
440
440
440
440
440
440
440
440
440
440
440
440
440
440
440
440
440
440
440
440
440
440
440
440
440
440
440
440
440
440
440
440
440
440
440
440
440
440
440
440
440
440
440
440
440
440
440
440
440
440
440
440
440
440
440
440
440
440
440
440
440
440
440
440
440
440
440
440
440
440
440
440
440
440
440
440
440
440
440
440
440
440
440
440
440
440
440
440
440
440
440
440
440
440
440
440
440
440
440
440
440
440
440
440
440
440
440
440
440
440
440
440
440
440
440
440
440
440
440
440
440
440
440
440
440
440
440
440
440
440
440
440
440
440
440
440
440
440
440
440
440
440
440
440
440
440
440
440
440
440
440
440
440
440
440
440
440
440
440
440
440
440
440
440
440
440
440
440
440
440
440
440
440
440
440
440
440
440
440
440
440
440
440
440
440
440
440
440
440
440
440
440
440
440
440
440
440
440
440
440
440
440
440
440
440
440
440
440
440
440
440
440
440
440
440
440
440
440
440
440
440
440
440
440
440
440
440
440
440
440
440
440
440
440
440
440
440
440
440
440
440
440
440
440
440
440
440
440
440
440
440
440
440
440
440
440
440
440
440
440
440
440
440
440
440
440
440
440
440
440
440
440
440
440
440
440
440
440
440
440
440
440
440
440
440
440
440
440
440
440
440
440
440
440
440
440
440
440
440
440
440
440
440
440
440
440
440
440
440
440
440
440
440
440
440
440
440
440
440
440
440
440
440
440
440
440
440
440
440
440
440
440
440
440
440
440
440
440
440
440
440
440
440
440
440
440
440
440
440
440
440
440
440
440
440
440
440
175
440
440
440
440
440
440
440
440
440
440
440
142
440
440
440
440
440
440
440
440
440
440
440
440
440
440
440
440
440
440
440
440
440
440
440
440
440
440
440
440
440
440
440
440
440
440
440
440
440
440
440
440
440
440
440
440
440
440
440
440
440
440
440
440
440
440
440
440
440
440
440
440
440
440
440
440
440
440
440
440
440
440
440
440
440
440
440
440
440
440
440
440
440
440
440
440
440
440
440
440
440
440
440
440
440
440
440
440
440
440
440
440
440
440
440
440
440
440
440
440
440
440
440
440
440
440
440
440
440
440
440
440
440
440
440
440
440
440
440
440
440
440
440
440
440
440
440
440
440
440
440
440
440
440
440
440
440
440
440
440
440
440
440
440
440
440
440
440
440
440
440
440
440
440
440
440
440
440
440
440
440
440
440
440
440
440
440
440
440
440
440
440
440
440
440
440
440
440
440
440
440
440
440
440
440
440
440
440
440
440
440
440
440
440
440
440
440
440
440
440
440
440
440
440
440
440
440
440
440
440
440
440
440
440
440
440
440
440
440
440
440
440
440
440
440
440
440
440
440
440
440
440
440
440
440
440
440
440
440
440
440
440
440
440
440
440
440
440
440
440
440
440
440
440
440
440
440
440
440
440
440
440
440
440
440
440
440
440
440
440
440
440
440
440
157
440
440
440
440
440
440
440
440
440
440
440
440
440
440
440
440
440
440
440
440
440
440
440
440
440
440
440
440
440
440
440
440
440
440
440
440
440
440
440
440
440
440
440
110
440
440
440
440
440
440
440
440
440
440
440
440
440
440
440
440
440
440
440
440
440
440
440
440
440
440
440
440
440
440
440
440
440
440
440
440
440
440
440
440
440
440
440
440
440
440
440
440
440
440
440
440
440
440
440
440
440
440
440
440
440
440
440
440
440
440
440
440
440
440
440
440
440
440
440
440
440
440
440
440
440
128
440
440
440
173
440
440
440
440
440
440
440
440
440
440
440
440
440
440
440
440
440
440
440
440
440
440
440
440
440
440
440
440
440
440
440
440
440
440
440
440
440
440
440
440
440
440
440
440
440
440
440
440
440
440
440
440
440
440
440
440
440
440
440
440
440
440
440
440
440
440
440
440
440
440
440
440
440
440
440
440
440
440
440
440
440
440
440
440
440
440
440
440
440
440
440
440
440
440
440
440
440
440
440
440
440
440
440
440
440
440
440
440
440
440
440
440
440
440
440
440
440
440
440
440
440
440
440
440
440
440
440
440
440
440
440
440
440
440
440
440
440
440
440
440
440
440
440
440
440
440
440
440
440
440
440
440
440
440
440
440
440
440
440
440
440
440
440
440
440
440
440
440
440
440
440
440
440
440
440
440
440
440
440
440
440
440
440
440
440
440
440
440
440
440
440
440
440
440
440
440
440
440
440
440
440
440
440
440
440
440
440
440
440
440
440
440
440
440
440
440
440
440
440
440
440
440
440
440
440
440
440
440
440
440
440
440
440
440
440
440
440
440
440
440
440
440
440
440
440
440
440
440
440
440
440
440
440
440
440
440
440
440
440
440
440
440
440
440
440
440
440
440
440
440
440
440
440
440
440
440
440
440
440
440
440
440
440
440
440
440
440
440
440
440
440
440
440
440
440
440
440
440
440
440
440
440
440
440
440
440
440
440
440
440
440
440
440
440
440
440
440
440
440
440
440
440
440
440
440
440
440
440
440
440
440
440
440
440
440
440
440
440
440
440
440
440
440
440
440
440
440
440
440
440
440
440
440
440
440
440
440
440
440
440
440
440
440
440
440
440
440
440
440
440
440
440
440
440
440
440
440
440
440
440
440
440
440
440
440
440
440
440
440
440
440
440
440
440
440
440
440
440
440
440
440
440
440
440
440
440
440
440
440
440
440
440
440
440
440
440
440
440
440
342
440
440
440
440
440
440
440
440
440
440
440
440
440
440
440
440
440
440
440
440
440
440
440
440
440
440
440
440
440
440
440
440
440
440
440
440
440
440
440
440
440
440
440
440
440
440
440
440
440
440
440
440
440
440
440
440
440
440
440
440
440
440
440
440
440
440
440
440
440
440
440
440
440
440
440
440
440
440
440
440
440
440
440
440
440
440
440
440
440
440
440
440
440
440
440
440
440
440
440
440
440
440
440
440
440
440
440
440
440
440
440
440
440
440
440
440
440
440
440
440
440
440
440
440
440
440
440
440
440
440
440
440
440
440
440
440
440
440
127
440
440
440
440
440
440
440
440
440
440
440
440
440
440
440
440
440
440
440
440
440
440
440
440
440
440
440
440
440
440
440
440
440
440
440
440
440
440
440
440
440
440
440
440
440
440
440
440
440
440
440
440
440
440
440
440
440
440
440
440
440
440
440
440
440
440
440
440
440
440
440
440
440
440
440
440
440
440
440
440
440
440
440
440
440
440
440
440
440
440
440
440
440
440
136
440
440
440
440
440
440
440
440
440
440
440
440
440
440
440
440
440
440
440
440
440
440
440
440
440
440
440
440
440
440
440
440
440
440
440
440
440
440
440
440
440
440
440
440
440
440
440
440
440
440
440
440
440
440
440
440
440
440
440
440
440
440
440
440
440
440
440
440
440
440
440
440
440
440
440
440
440
440
440
440
440
440
440
440
440
440
440
440
440
440
440
440
440
440
440
440
440
440
440
440
440
440
440
440
440
440
440
440
440
440
440
440
440
440
440
440
440
440
440
440
440
440
440
440
440
440
440
440
440
440
440
440
440
440
440
440
440
440
440
440
440
440
440
440
440
440
440
440
440
440
440
440
440
440
440
440
440
440
440
440
440
440
440
440
440
440
440
440
440
440
440
440
440
440
440
440
440
440
440
440
440
440
440
440
440
440
440
440
440
440
440
440
440
440
440
440
440
440
440
440
440
440
440
440
440
440
440
440
440
440
440
440
440
440
440
440
440
440
440
440
440
440
440
440
440
440
440
440
440
440
440
440
440
440
440
440
440
440
440
440
440
440
440
440
440
440
440
440
440
440
440
440
440
440
440
440
440
440
440
440
440
440
440
440
440
440
440
440
440
440
440
440
440
440
440
440
440
440
440
440
440
440
440
440
440
440
440
440
440
440
440
440
440
440
440
440
440
440
440
440
440
440
440
440
440
440
440
440
440
440
440
440
440
440
440
440
440
440
440
440
440
440
440
440
440
440
440
440
440
440
440
440
440
440
440
440
440
440
440
440
440
440
440
440
440
440
440
440
440
440
385
440
440
440
440
440
440
440
440
440
440
440
440
440
440
440
440
440
440
440
440
440
440
440
440
440
440
440
440
440
440
440
440
440
440
440
440
440
440
440
440
440
440
440
440
440
440
440
440
440
440
440
440
440
440
440
440
440
440
440
440
440
440
440
440
440
440
440
440
440
440
440
440
440
440
440
440
440
440
440
440
440
440
440
440
440
440
440
440
440
440
440
440
440
440
440
440
440
440
440
440
440
440
440
440
440
440
440
440
440
440
440
440
440
440
440
440
440
440
440
440
440
440
440
440
440
440
440
440
440
440
440
440
440
440
440
440
440
440
440
440
440
440
440
440
440
440
440
440
440
440
440
440
440
440
440
440
440
440
440
440
440
440
440
440
440
440
440
440
440
440
440
440
440
440
440
440
440
440
440
440
440
440
440
440
440
440
440
440
440
440
440
440
440
440
440
440
440
440
440
440
440
440
440
440
440
440
440
440
440
440
440
440
440
440
440
440
440
440
440
440
440
440
440
440
440
440
440
440
440
440
440
440
440
440
440
440
440
440
440
440
440
440
440
440
440
440
440
440
440
440
440
440
440
440
440
440
440
440
440
440
440
440
440
440
440
440
440
440
440
440
440
440
440
440
440
440
440
440
440
440
440
440
440
440
440
440
440
440
440
440
440
440
440
440
440
440
440
440
440
440
440
440
440
440
440
440
440
440
440
440
440
440
440
440
440
440
440
440
440
440
440
440
440
440
440
440
440
440
440
440
440
440
440
440
440
440
440
440
440
440
440
440
440
440
440
440
440
440
440
440
440
440
440
440
440
440
440
440
440
440
440
440
440
440
440
440
440
440
440
440
440
440
440
440
440
440
440
440
440
440
440
440
440
440
440
440
440
440
440
440
440
440
440
440
440
440
440
440
440
440
440
440
440
440
440
440
440
440
440
440
440
440
440
440
440
440
440
440
440
440
440
440
440
440
440
440
440
440
440
440
440
440
440
440
440
440
440
440
440
440
440
440
440
440
440
440
440
440
440
440
440
440
440
440
440
440
440
440
440
440
440
440
440
440
440
440
440
440
440
440
440
440
440
440
440
440
440
440
440
440
440
440
440
440
440
440
440
440
440
440
440
440
440
440
440
440
440
440
440
440
440
440
440
440
440
440
440
440
440
440
440
440
440
440
440
440
440
440
440
440
440
408
440
440
440
440
440
440
440
440
440
440
440
440
440
440
440
440
440
440
440
440
440
440
440
440
440
440
440
440
440
440
440
440
440
440
440
440
440
440
440
440
440
440
440
440
440
440
440
440
440
440
440
440
440
440
440
440
440
440
440
440
440
440
440
440
440
440
440
440
440
440
440
440
440
440
440
440
440
440
440
440
440
440
440
440
440
440
440
440
440
440
440
440
440
440
440
440
440
440
110
440
440
440
440
440
440
440
440
440
440
440
440
440
440
440
440
440
440
440
440
440
440
440
440
440
440
440
440
440
440
440
440
440
440
440
440
440
440
440
440
440
440
440
440
440
440
440
440
440
440
440
440
440
440
440
440
440
440
440
440
440
440
440
440
440
440
440
440
440
440
440
440
440
440
440
440
440
440
440
440
440
440
440
440
440
440
440
440
440
440
440
440
440
440
440
440
440
440
440
440
440
440
440
440
440
440
440
440
440
152
440
440
440
440
440
440
440
440
440
440
440
440
440
440
440
440
440
440
440
440
440
440
440
440
440
440
440
440
440
440
440
440
440
440
440
440
440
440
440
440
440
440
440
440
440
440
440
440
440
440
440
440
440
440
440
440
440
440
440
440
440
440
440
440
440
440
440
440
440
440
440
440
440
440
440
440
440
440
440
440
440
440
440
440
440
440
440
440
440
440
440
440
440
440
440
440
440
440
440
440
440
440
440
440
440
440
440
440
440
440
440
440
440
440
440
440
440
440
440
440
440
440
440
440
440
440
440
440
440
440
440
440
440
440
440
440
440
440
440
440
440
440
440
440
440
440
440
440
440
440
440
440
440
440
440
440
440
440
440
440
440
440
440
440
440
440
440
440
440
440
440
440
440
440
440
440
440
440
440
440
440
440
440
440
440
440
440
440
440
440
440
440
440
440
440
440
440
440
440
440
440
440
440
440
440
440
440
440
440
440
440
224
440
440
440
440
440
440
440
440
440
440
440
440
440
440
440
440
440
440
440
440
440
440
440
440
440
440
440
440
440
440
440
440
440
440
440
440
440
440
440
440
440
440
440
440
440
440
440
440
440
440
440
440
440
440
440
440
440
440
440
440
440
440
440
440
440
440
440
440
440
440
440
440
440
440
440
440
440
440
440
440
440
440
440
440
440
440
440
440
440
440
440
440
440
440
440
440
440
440
440
440
440
440
440
440
440
440
440
440
440
440
440
440
440
440
440
440
440
440
440
440
440
440
440
440
440
440
440
440
440
440
440
440
440
440
440
440
440
440
440
440
440
440
440
440
440
440
440
440
440
440
440
440
440
440
440
440
440
440
440
440
440
440
440
440
440
440
440
440
440
440
440
440
440
440
440
440
440
440
440
440
440
440
440
440
440
440
440
440
440
440
440
440
440
440
440
440
440
440
440
440
440
440
440
440
440
440
440
440
440
440
440
440
440
440
440
440
440
440
440
440
440
440
440
440
440
440
440
440
440
440
440
440
440
440
440
440
440
440
440
440
440
440
440
440
440
440
440
440
440
440
440
440
440
440
440
440
440
440
440
440
440
440
440
440
440
440
440
440
440
440
440
440
440
440
440
440
440
440
440
440
440
440
440
440
440
440
440
440
440
440
440
440
440
440
440
440
440
440
440
440
440
440
440
440
440
440
440
440
440
440
440
440
440
440
440
440
440
440
440
440
440
440
440
440
440
440
440
440
440
440
440
440
440
440
440
440
440
440
440
440
440
440
440
440
440
440
440
440
440
440
440
440
440
440
440
440
440
440
440
440
440
440
440
440
440
440
440
440
440
440
440
440
440
440
440
440
440
440
440
440
440
440
440
440
440
440
440
440
440
440
440
440
440
440
440
440
440
440
440
440
440
440
440
440
440
440
440
440
440
440
440
440
440
440
440
440
440
440
440
440
440
440
440
440
440
440
440
440
440
440
440
440
440
440
440
440
440
440
440
440
440
440
440
440
440
440
440
440
440
440
440
440
440
440
440
440
440
440
440
440
440
440
440
440
440
440
440
440
440
440
440
440
440
440
440
440
440
440
440
440
440
440
440
440
440
440
440
440
440
440
440
440
440
440
440
440
440
440
440
440
440
440
440
440
440
440
440
440
440
440
440
440
440
440
440
440
440
440
440
440
440
440
440
440
440
440
440
440
440
440
440
440
440
440
440
440
440
440
440
440
440
440
440
440
440
440
440
440
440
440
440
440
440
440
440
440
440
440
440
440
440
440
440
440
440
440
440
440
440
440
440
440
440
440
440
440
440
440
440
440
440
440
440
440
440
440
440
440
440
440
440
440
440
440
440
440
440
440
440
440
440
440
440
440
440
440
440
440
440
440
440
440
440
440
440
440
440
440
440
440
440
440
440
440
440
440
440
440
440
440
440
440
440
440
440
440
440
440
440
440
440
440
440
440
440
440
440
440
440
440
440
440
440
440
440
440
440
440
440
440
440
440
440
440
440
440
440
440
440
440
440
440
440
440
440
440
440
440
440
440
440
440
440
440
440
440
440
440
440
440
440
440
440
440
440
440
440
440
440
440
440
440
440
440
440
440
440
440
440
440
440
440
440
440
440
440
440
440
440
440
440
440
440
440
440
440
440
440
440
440
440
440
440
440
440
440
440
440
440
440
440
440
440
440
440
440
440
440
440
440
440
440
440
440
440
440
440
440
440
440
440
440
440
440
440
440
440
440
440
440
440
440
440
440
440
440
440
440
440
440
440
440
440
440
440
440
440
440
440
440
440
440
440
440
440
440
440
440
440
440
440
440
440
440
440
440
440
440
440
440
440
440
440
440
440
440
440
440
440
440
440
440
440
440
440
440
440
440
440
440
440
440
440
440
440
440
440
440
440
440
440
440
440
440
440
440
440
440
440
440
440
440
440
440
440
440
440
440
440
440
440
440
440
440
440
440
440
440
430
440
440
440
440
440
440
440
440
440
440
440
440
440
440
440
440
440
440
440
440
440
440
440
440
440
440
440
440
440
440
440
440
440
440
440
440
440
440
440
440
440
440
440
440
440
440
440
440
440
440
440
440
440
440
440
440
440
440
440
440
440
440
440
440
440
440
440
440
440
440
440
440
440
440
440
440
440
440
440
440
440
440
440
440
440
440
440
440
440
440
440
440
440
440
440
440
440
440
440
440
440
440
440
440
440
440
440
440
440
440
440
440
440
440
440
440
440
440
440
440
440
440
440
440
440
440
440
440
440
440
440
440
440
440
440
440
440
440
440
440
440
440
440
440
440
440
440
440
440
440
440
440
440
440
440
440
440
440
440
440
440
440
440
440
440
440
440
440
440
440
440
440
440
440
440
440
440
440
440
440
440
440
440
440
440
440
440
440
440
440
440
440
440
440
440
440
440
440
440
440
440
440
440
440
440
440
440
440
440
440
440
440
440
440
440
440
440
