688
546
782
664
1376
561
1416
1404
817
514
936
616
876
554
408
359
539
466
688
353
352
399
845
568
945
391
690
390
320
727
881
786
683
939
1152
456
375
535
352
358
542
557
964
351
988
459
777
1214
386
468
482
380
351
546
660
891
1132
488
718
665
395
354
396
703
369
382
327
421
739
1241
2131
1007
320
690
833
566
854
1722
377
348
381
920
348
351
395
1532
463
368
337
549
997
667
341
590
535
730
580
351
1506
2322
336
342
429
359
519
321
1251
385
699
327
636
392
326
470
653
703
384
366
394
941
525
1197
336
548
359
368
1864
425
1084
359
325
351
465
347
604
1048
985
322
357
531
2587
1350
350
815
445
353
1002
374
1918
923
1709
330
396
492
418
785
611
372
328
463
366
515
454
783
355
335
736
1867
629
382
329
1057
1110
481
973
466
369
881
915
704
332
338
734
540
1205
611
334
714
626
868
373
351
439
1122
558
323
882
466
1402
585
386
453
552
829
3153
2270
324
778
2306
763
878
323
358
324
555
390
369
329
365
383
333
612
4617
556
1002
725
353
333
392
1880
918
1172
1666
582
509
1044
343
567
347
395
332
440
348
289
516
889
379
333
298
515
725
303
2583
526
3329
555
567
965
1116
463
332
2322
393
1151
317
352
606
454
662
304
827
576
826
1299
606
393
1402
1492
1585
345
336
331
415
711
308
528
718
687
1025
365
410
634
699
342
772
509
318
321
667
320
404
394
430
327
1139
342
322
340
508
359
404
334
491
1817
309
2258
466
529
303
509
324
860
504
1675
762
678
404
1501
436
728
391
367
459
457
3115
301
394
318
325
297
1145
767
355
1495
496
865
963
508
829
1039
339
397
346
3329
2013
515
653
387
351
420
486
331
467
452
310
602
316
357
315
358
2278
300
1048
322
955
323
475
493
342
371
901
324
733
373
318
299
327
347
415
500
795
340
594
802
347
631
460
314
325
329
427
339
328
393
479
393
317
588
327
340
414
318
2781
297
576
298
2850
501
346
800
671
2550
379
370
874
358
320
1101
967
869
320
551
294
372
353
324
471
450
336
799
334
364
520
496
321
323
398
618
541
918
310
611
661
330
336
594
364
517
659
634
378
696
545
400
314
636
1055
611
433
436
587
1817
450
713
559
2936
362
354
500
323
897
1329
725
334
2092
343
344
667
394
329
334
639
514
362
528
297
529
345
420
721
334
540
308
600
329
1211
467
446
306
1064
358
328
313
496
329
285
328
315
404
442
548
328
494
371
1574
1044
331
616
557
586
1313
429
298
449
478
1137
330
332
283
364
1101
707
492
595
733
325
313
300
738
949
334
361
411
541
587
633
301
422
314
351
3329
525
344
325
1720
1532
594
450
1350
331
394
643
420
819
2322
901
351
336
609
361
371
352
885
630
1067
833
334
654
1506
407
326
325
1995
415
1297
788
1091
316
481
367
3228
302
653
315
1130
1527
3115
395
311
334
737
333
343
715
854
491
3115
565
579
3228
348
387
317
283
564
581
332
2583
304
318
339
300
552
401
307
338
576
888
403
1364
299
500
566
306
306
1294
444
365
614
337
503
488
2083
339
331
364
600
378
299
398
444
337
698
334
321
371
336
1995
407
457
585
559
638
376
397
430
672
304
485
330
750
277
743
301
387
504
540
2306
295
316
363
308
301
430
636
282
740
318
327
443
283
570
1598
344
330
695
350
696
739
1063
1918
285
299
358
611
419
302
315
332
438
331
299
324
795
338
324
600
387
395
295
725
315
442
826
4617
663
2270
604
312
407
383
323
508
459
402
442
307
316
284
305
291
1422
584
564
500
330
354
505
1926
452
1408
596
357
507
590
620
313
403
630
349
766
289
409
460
382
404
567
309
313
346
340
686
568
350
707
615
319
338
467
724
336
510
337
587
340
1003
612
302
355
1406
303
613
310
427
329
308
335
889
427
379
344
464
517
332
515
314
582
359
451
333
365
471
341
390
349
411
507
498
524
297
599
357
386
500
534
416
634
697
556
731
312
290
405
467
318
288
368
510
1403
521
374
365
323
338
547
391
330
436
315
322
359
572
396
306
359
391
497
295
350
498
316
294
482
404
449
376
375
335
649
800
570
387
303
361
322
582
500
955
1838
474
1135
508
289
325
499
1666
293
433
589
341
275
433
611
391
271
311
1863
309
296
304
364
383
465
1709
429
335
373
1297
607
1400
353
274
412
1205
292
2278
1145
321
361
339
1863
424
288
306
347
302
320
384
320
558
321
1349
572
527
543
901
345
472
510
323
376
886
315
564
1930
845
337
309
541
314
295
585
335
1549
562
318
359
332
315
287
328
309
342
320
359
356
400
324
408
316
311
499
292
285
283
543
548
618
316
336
546
697
502
295
427
356
487
332
382
327
2442
364
271
472
534
698
297
493
632
338
304
507
298
300
331
543
341
288
339
965
335
2270
326
484
516
306
301
754
297
318
326
296
441
1083
286
448
1773
383
1080
441
317
299
404
308
652
791
306
586
354
314
511
455
342
386
2781
312
282
308
327
323
345
1008
331
363
388
334
313
349
282
340
575
305
484
324
652
1436
1210
348
334
389
315
335
881
315
348
374
335
636
656
452
398
295
268
525
542
303
332
344
293
351
397
360
304
313
310
314
644
471
679
982
361
827
469
271
290
405
514
311
1205
673
448
364
1156
809
1169
548
353
326
424
644
442
461
352
492
566
332
749
1311
503
503
442
1329
291
360
392
379
963
320
816
282
327
495
406
312
319
307
326
483
390
3115
334
373
289
964
407
301
315
287
549
290
345
481
891
388
365
599
307
330
659
1589
281
432
318
442
336
645
530
568
584
568
290
285
302
453
376
343
656
289
352
324
506
258
383
368
366
291
340
2781
373
275
305
278
276
307
1902
294
416
599
555
1026
407
406
286
361
392
379
1236
411
1747
347
288
361
308
349
390
271
622
276
333
439
537
221
527
1007
357
322
555
325
485
451
298
908
344
1057
366
304
350
302
503
490
275
414
311
664
313
584
285
1406
252
258
690
306
382
535
470
368
375
488
395
425
866
352
507
1254
302
349
795
503
355
401
331
266
299
318
855
524
280
295
499
337
1021
481
1400
329
579
372
649
405
633
380
343
573
383
509
643
480
395
393
368
270
431
289
2850
466
479
319
328
294
320
747
582
317
321
295
348
315
310
295
968
285
425
544
426
296
291
318
348
450
453
614
525
789
1649
281
333
271
370
337
628
350
748
295
421
731
609
513
515
271
291
275
2478
360
1156
383
365
352
314
775
368
265
297
504
400
278
270
4617
838
498
320
534
333
327
436
325
1154
689
377
290
738
753
317
295
330
365
293
338
446
490
350
303
502
305
341
473
373
278
321
326
412
308
314
317
309
284
675
400
357
319
415
363
672
294
288
370
732
367
318
315
800
309
425
593
343
321
480
377
283
1089
2825
348
718
396
457
456
300
2721
324
263
355
300
310
323
879
365
299
462
443
1770
325
308
360
282
491
310
405
300
286
270
457
282
296
464
548
281
261
491
800
319
284
281
382
543
289
336
313
361
295
307
281
284
326
298
1313
637
336
1378
656
548
314
444
356
305
553
792
286
350
285
298
456
301
354
359
295
510
306
347
1146
266
2583
317
317
303
291
336
301
312
400
274
272
365
592
293
848
364
395
271
272
595
336
305
412
409
326
876
494
305
567
421
342
326
752
332
290
525
376
553
407
1408
514
305
343
444
584
525
665
476
292
288
359
306
309
510
2020
354
302
344
362
276
476
357
2988
361
1918
377
300
777
294
247
280
597
264
474
292
484
324
432
457
313
328
797
331
321
248
280
638
316
416
338
260
1251
303
294
349
678
287
343
327
448
342
338
365
272
311
317
309
325
290
1838
277
1495
345
351
498
365
367
875
417
308
654
673
294
334
532
1357
324
337
826
1422
268
589
337
287
283
584
734
290
459
306
282
468
991
320
314
291
330
306
503
364
403
280
311
494
267
572
521
293
311
326
298
325
292
529
666
261
778
408
313
848
345
289
1589
342
433
1172
680
269
307
400
538
352
348
273
379
502
322
321
486
317
487
408
629
528
362
334
414
512
966
449
341
288
540
432
368
352
462
400
403
304
566
435
294
306
318
1084
293
518
322
449
491
268
633
436
309
325
675
288
1275
566
304
473
480
308
504
424
298
305
310
267
1770
287
284
429
369
618
293
289
505
739
1211
306
999
303
315
988
513
1406
332
437
380
352
276
309
431
375
288
467
502
534
549
289
286
332
2721
1135
1356
309
566
573
406
487
556
560
264
443
316
322
312
583
300
296
300
276
732
278
599
438
596
895
442
1169
496
1055
327
313
341
282
1251
384
390
285
375
330
333
280
264
369
335
612
546
378
498
622
335
351
461
282
275
275
533
350
1091
266
468
499
1507
271
443
295
287
274
736
282
1027
570
421
322
390
391
746
634
307
522
297
420
1044
505
408
265
737
355
492
252
371
305
293
271
303
296
266
347
292
380
302
288
508
335
252
310
315
1027
363
327
294
353
659
819
327
436
438
330
294
279
950
324
373
436
518
301
309
448
357
421
282
268
296
284
346
253
1302
293
320
323
513
341
466
357
385
304
236
903
274
304
265
344
282
1864
492
365
1098
315
475
270
658
557
308
2537
284
448
777
719
304
1773
554
286
301
350
1574
267
560
1527
288
410
280
579
461
372
519
482
305
340
304
346
281
302
294
282
342
1454
288
305
441
295
1492
1669
558
312
292
261
268
521
252
264
215
261
333
340
259
289
1100
396
325
308
308
285
421
289
576
302
657
274
255
378
299
320
464
261
764
734
717
293
293
647
1745
931
378
307
328
572
532
401
438
518
305
745
562
553
314
289
321
656
2070
246
336
307
296
243
491
2020
503
287
293
333
275
274
294
272
364
288
1348
326
310
331
253
2270
332
439
1135
494
302
281
295
301
315
914
304
336
325
618
346
694
780
297
253
277
389
323
314
333
270
328
316
397
258
500
275
273
280
623
329
729
280
280
442
280
334
275
463
284
669
479
315
286
432
305
273
388
985
451
313
265
254
702
355
287
284
334
448
345
2781
353
505
266
330
393
344
315
1039
298
323
522
283
303
427
314
304
1364
427
532
1064
312
277
338
319
316
935
309
302
315
371
278
293
725
274
260
800
339
600
273
299
299
441
361
288
313
320
290
303
502
325
319
350
324
292
292
318
304
318
334
531
298
582
270
338
368
309
588
2587
1089
362
1156
303
1422
4617
520
336
290
315
663
318
243
324
303
308
322
352
1640
1054
365
346
289
309
338
507
349
686
259
491
268
248
2478
373
629
412
287
1273
320
272
281
613
372
509
391
457
507
475
503
2721
344
388
426
273
302
253
312
265
1235
269
279
1355
313
316
279
1497
302
293
377
2013
343
286
583
304
1241
317
303
283
437
282
438
259
275
274
320
565
325
304
545
508
313
252
377
465
2322
855
293
416
305
293
384
260
291
363
254
288
304
299
295
274
445
1101
292
327
272
312
318
287
307
460
386
279
527
276
248
294
270
326
295
391
569
248
273
451
321
1038
333
308
532
255
293
464
242
381
274
402
274
380
616
656
364
533
333
557
273
972
272
680
473
353
274
298
326
1200
1073
377
360
315
382
379
1459
695
361
1902
585
483
280
381
442
608
1191
246
302
558
400
714
293
274
272
365
317
543
272
278
584
310
374
490
960
283
665
504
372
366
283
535
445
3153
539
286
274
428
1237
244
896
307
341
338
233
306
364
467
1168
287
257
356
1745
300
305
341
374
361
309
265
2583
283
462
335
232
317
1156
343
484
506
743
1403
260
348
314
341
318
283
867
522
294
2387
298
647
280
615
384
237
297
905
313
278
258
303
454
283
445
245
279
1227
282
753
493
305
326
1285
294
491
272
1525
301
988
270
337
332
329
274
387
279
354
636
1010
286
326
606
297
324
274
270
761
351
519
343
331
483
452
296
277
528
1205
275
500
787
290
333
1054
461
327
517
692
355
405
279
397
309
419
311
234
266
313
289
244
785
1222
318
358
275
300
341
409
368
314
271
262
356
308
469
287
256
312
287
513
293
333
314
266
309
257
398
516
268
883
341
288
267
399
333
340
968
449
330
322
609
379
576
327
273
270
680
411
248
252
361
264
423
514
611
319
307
352
311
624
390
402
272
333
277
275
700
270
260
337
594
353
285
339
477
508
320
254
331
411
300
1631
275
295
329
710
289
267
301
899
534
248
314
1300
1803
260
254
412
457
901
281
248
312
501
624
424
314
376
526
355
286
444
432
2850
279
1773
241
349
272
289
354
300
373
1403
493
483
753
315
441
316
738
278
590
281
367
1292
404
325
295
286
257
336
366
303
263
865
351
556
310
387
851
280
308
293
337
291
348
299
260
351
301
248
322
291
290
324
2442
269
424
759
280
318
331
293
312
258
329
332
307
1312
328
309
870
453
363
433
395
257
318
725
250
368
380
430
402
310
530
354
361
270
322
386
300
269
269
263
297
279
421
274
360
547
287
288
443
293
298
300
279
297
1197
637
355
329
283
576
461
354
326
250
2522
309
322
287
1827
289
269
333
642
318
257
605
297
310
1146
257
298
282
269
736
294
302
496
291
1028
296
346
607
511
294
260
306
1094
343
259
349
1838
595
318
256
474
319
330
509
266
302
338
350
753
641
267
253
382
289
507
299
289
292
426
352
515
263
318
364
252
267
485
263
530
313
297
234
377
349
361
381
280
345
315
265
290
642
334
450
274
253
319
295
440
1325
242
643
311
340
689
313
263
308
275
277
445
333
2780
315
783
267
284
254
297
369
1403
391
414
266
1840
570
368
283
288
455
255
698
336
864
363
662
289
787
263
272
542
330
309
307
405
322
574
310
317
685
239
277
298
273
243
514
321
380
267
848
522
440
248
229
438
396
285
264
286
309
315
239
264
241
339
397
595
246
270
247
257
321
463
268
823
271
306
264
376
485
1817
510
424
283
353
407
382
725
346
659
252
268
270
294
340
576
574
267
336
302
653
239
286
485
308
530
274
790
451
295
210
317
548
273
931
1525
262
547
345
304
2278
386
357
559
352
433
374
425
768
320
280
341
460
276
246
300
319
283
293
397
281
291
416
251
618
244
262
319
287
232
312
293
316
310
262
347
376
2478
360
272
908
263
595
387
385
531
422
288
334
337
306
275
282
228
279
325
665
291
312
459
274
251
266
302
294
285
433
339
590
973
404
276
505
365
309
544
317
748
407
452
268
276
1110
288
265
439
323
361
287
333
284
472
369
2405
315
473
310
274
303
286
622
330
238
296
298
398
303
474
535
305
333
288
300
885
240
896
277
266
285
1002
848
1675
414
292
290
319
655
423
248
270
299
286
1657
592
310
893
238
271
282
304
366
592
358
276
352
339
284
356
360
234
340
268
2988
442
345
222
1926
250
532
286
288
396
341
1378
504
362
279
312
304
250
293
872
1817
1863
261
565
319
1046
878
580
447
351
279
258
316
347
555
312
315
388
1009
314
262
318
281
295
274
439
648
459
341
566
1214
433
250
1813
302
280
327
312
403
234
646
3329
503
368
268
310
401
385
429
245
1525
338
3329
391
332
265
292
727
752
274
431
632
318
283
285
407
298
259
1880
450
321
1146
286
609
694
301
278
413
266
257
339
261
259
284
255
289
236
302
702
739
274
340
506
253
322
602
305
315
374
371
288
291
289
927
307
260
3196
258
1080
504
235
615
264
606
457
329
289
507
291
335
587
891
385
322
1649
277
295
1244
587
295
461
446
1824
312
325
390
474
262
266
791
2387
375
581
351
405
622
320
420
294
314
402
2583
327
529
298
257
344
299
310
270
290
304
597
362
240
310
292
272
446
337
359
284
253
249
284
341
279
260
777
322
379
262
594
321
260
491
699
263
406
479
248
545
288
279
302
264
478
270
259
278
561
461
404
409
270
579
267
340
277
276
263
660
242
252
271
274
1252
285
292
237
274
290
267
242
264
339
565
3196
488
339
528
400
245
273
254
251
286
282
715
989
431
363
334
316
255
265
279
240
561
436
262
1063
334
2154
240
263
334
313
267
269
258
319
507
306
483
552
317
251
532
278
482
2420
498
302
313
314
457
319
468
279
354
492
346
439
620
431
240
496
253
258
292
252
324
318
503
277
254
356
332
321
275
277
656
561
1156
272
280
337
307
329
302
304
240
622
1297
253
2306
273
239
253
425
252
289
294
328
236
296
770
501
281
226
259
294
294
265
297
298
241
270
293
303
431
353
509
261
443
247
322
466
387
256
2780
296
328
259
240
549
528
243
255
596
290
617
364
253
465
315
355
237
328
646
300
271
236
240
302
307
346
255
296
337
320
246
631
281
539
318
486
286
230
457
1813
325
281
345
223
279
272
1880
290
341
242
302
533
2550
327
321
273
2322
308
290
320
688
261
257
447
384
420
290
301
239
430
279
237
235
237
303
648
547
321
273
399
330
909
2083
345
528
410
477
315
335
245
230
432
249
271
257
250
527
227
496
260
594
407
250
2154
495
3196
845
628
266
790
267
233
277
525
276
1227
270
597
293
658
272
488
559
233
1116
273
1813
281
390
331
432
261
313
1044
293
338
719
333
286
307
234
310
247
346
517
334
1506
230
305
274
834
266
467
573
1631
394
257
297
384
288
262
275
420
429
2850
305
483
464
272
307
236
293
238
253
266
299
241
586
581
239
283
665
311
279
284
565
353
588
444
271
288
280
301
891
388
267
370
298
375
324
257
677
302
499
278
695
309
242
265
335
257
350
524
284
265
293
1152
222
553
240
252
228
228
275
1640
295
268
765
2158
410
662
485
421
285
318
328
882
487
454
281
243
536
386
378
446
335
202
329
359
797
273
324
490
240
525
294
310
292
489
563
257
304
342
329
2492
325
681
282
466
378
308
567
258
236
251
303
244
896
285
449
250
295
425
307
449
288
1063
674
303
279
443
290
286
407
520
355
252
371
274
613
324
306
687
220
330
256
264
242
248
399
242
442
677
391
267
822
366
280
1083
247
2550
243
272
250
367
255
388
278
300
273
1515
305
383
292
270
486
259
238
472
275
310
332
215
269
398
492
233
280
247
285
1344
238
314
2825
312
1210
240
439
253
264
335
251
304
323
953
338
294
287
297
596
447
348
257
513
605
494
253
537
271
279
288
238
267
248
4617
365
243
391
521
313
317
238
307
311
278
298
206
223
314
236
249
287
326
246
270
296
231
243
330
332
485
385
303
454
292
278
282
335
802
336
260
299
414
341
275
257
679
253
271
251
654
288
360
272
279
225
823
246
331
224
300
775
313
232
270
352
235
669
232
293
374
328
511
230
255
301
312
276
322
1664
326
261
221
292
227
230
247
268
280
279
319
260
270
269
689
255
243
283
254
348
275
443
452
354
260
924
386
508
288
695
431
398
238
291
468
255
371
274
273
276
244
267
387
252
365
298
1664
273
427
296
417
223
247
265
271
635
458
278
284
302
318
414
270
272
285
501
875
231
450
305
723
312
654
249
226
232
491
305
320
297
259
275
250
281
425
311
250
333
827
397
258
258
423
288
268
283
247
277
880
1244
509
457
443
591
292
428
245
269
286
235
499
360
2013
217
386
1039
381
264
476
388
373
234
330
233
315
302
427
277
355
312
325
615
628
316
324
1076
880
247
370
290
220
606
750
394
309
369
247
302
247
308
788
262
589
412
2020
259
718
320
229
279
292
583
373
266
514
311
378
224
410
274
243
296
227
484
295
290
578
897
256
2587
3350
355
578
430
230
339
245
254
3216
279
254
566
433
311
488
250
563
245
271
238
438
286
242
254
325
329
595
270
704
311
288
955
228
325
545
653
256
427
265
341
152
316
303
216
289
272
349
503
252
447
355
259
569
422
304
426
254
321
292
403
3329
456
244
268
229
281
342
383
576
561
1885
342
221
239
336
282
557
284
278
333
230
255
516
259
238
283
237
267
497
214
387
242
242
343
309
313
412
272
457
322
1054
1002
234
408
179
217
201
308
276
256
470
335
251
220
279
338
644
798
456
251
557
342
348
1493
196
218
231
299
329
293
221
325
266
792
1548
256
2131
271
357
365
359
1548
272
289
356
522
303
1073
244
287
250
266
279
243
449
267
401
238
615
289
497
257
413
238
349
258
305
315
153
325
878
347
229
462
243
231
340
304
309
262
252
895
718
371
521
263
278
312
236
252
196
340
305
421
568
276
257
270
342
229
588
211
358
433
1177
253
233
288
231
296
510
247
282
251
394
253
245
284
243
317
527
284
142
266
449
259
295
456
791
447
245
351
482
709
369
293
275
251
294
273
259
408
416
491
278
262
575
646
368
251
436
236
735
254
260
497
418
274
496
280
284
1285
299
1252
278
541
528
261
580
294
933
269
342
315
251
271
462
303
489
254
277
554
269
269
300
1054
698
275
346
321
288
349
1824
278
228
264
262
237
297
543
538
269
385
240
255
243
830
385
288
300
354
422
255
316
327
257
292
303
300
256
211
429
360
237
414
225
245
378
329
279
1060
362
703
303
565
1393
303
237
238
299
287
442
548
288
620
328
331
295
316
631
235
344
278
286
342
218
246
318
277
216
306
316
293
504
374
247
307
264
235
586
300
415
453
352
235
321
354
412
320
239
299
427
431
216
376
454
329
282
251
314
271
229
267
574
290
298
301
663
266
274
1171
262
238
523
229
251
341
235
653
282
233
428
247
587
279
323
228
1665
244
309
251
268
191
121
288
316
298
289
259
240
220
265
266
344
266
215
312
325
764
345
1549
481
243
272
251
263
354
419
510
431
227
408
353
384
283
551
241
249
431
241
234
310
311
255
279
328
321
241
304
269
429
279
560
250
234
588
249
374
1526
354
213
574
230
359
313
249
251
1388
806
565
518
329
734
507
237
217
241
231
1027
324
430
855
1827
221
237
232
593
340
1100
360
260
231
347
293
257
233
256
232
379
563
276
403
296
561
205
645
403
272
268
203
282
273
647
222
252
523
276
586
192
479
296
500
281
299
320
511
1350
438
268
280
246
295
244
708
470
606
231
328
215
311
3153
346
598
657
220
241
2131
314
258
274
246
280
234
379
464
278
276
303
313
329
301
236
581
223
220
1174
518
362
305
235
257
246
526
279
276
317
412
257
271
434
433
338
241
597
287
496
265
216
283
391
254
931
476
256
301
722
2850
182
286
212
226
263
247
269
233
272
247
230
246
199
525
269
309
719
252
280
361
224
1353
205
378
358
263
276
1322
268
282
234
279
244
289
345
369
327
369
296
2492
225
391
272
262
573
383
260
312
245
270
221
241
531
289
1917
300
258
374
283
283
325
285
314
755
279
280
234
301
288
250
262
437
220
261
221
250
250
338
291
368
292
251
854
1348
464
1608
301
268
600
250
273
903
287
285
411
321
354
647
247
532
203
237
293
485
250
1720
426
854
728
264
297
596
219
542
332
422
315
264
268
234
617
242
412
228
271
327
327
291
319
581
426
216
403
310
284
315
269
230
407
329
252
591
2020
297
229
207
270
258
450
266
366
482
342
677
272
272
263
700
713
316
253
435
307
282
396
388
560
449
1657
314
315
239
364
1356
786
298
363
287
506
323
247
242
302
257
384
262
261
267
210
263
318
292
257
261
218
267
222
451
223
329
322
316
305
260
991
285
239
288
408
285
282
472
237
543
1747
246
439
773
286
396
256
251
251
213
232
307
262
280
783
622
228
430
244
329
4617
269
440
247
281
326
228
284
409
251
362
761
312
256
211
846
266
301
645
2721
276
328
277
264
239
373
253
251
246
270
316
233
431
316
243
229
277
400
367
315
283
278
522
254
290
839
227
269
274
232
283
511
297
233
267
257
259
346
418
234
376
244
211
443
230
239
263
400
403
455
232
326
262
319
223
378
272
415
258
323
325
291
301
405
263
538
241
489
267
323
525
314
221
269
260
273
369
352
275
330
240
274
289
287
400
333
1297
486
282
381
456
294
247
242
241
316
318
239
249
1635
355
256
306
317
211
278
202
256
568
278
273
207
289
228
298
257
301
246
1137
963
608
456
1722
210
244
258
278
261
379
286
225
230
2537
3115
455
219
285
258
334
203
301
329
370
247
199
287
358
331
321
369
1436
347
214
232
551
295
259
413
371
255
272
319
235
252
795
1402
380
373
377
453
553
276
426
470
306
240
322
228
294
435
279
322
221
238
208
300
253
356
436
3216
224
237
326
328
327
508
568
276
254
330
314
250
212
251
257
342
292
241
272
176
267
294
279
528
503
392
282
1292
278
333
209
220
362
265
392
273
1454
237
290
447
252
347
333
329
207
310
896
278
265
285
373
676
215
1865
208
439
300
346
257
236
240
483
271
298
219
229
227
237
218
379
212
289
639
223
235
304
410
235
248
250
753
283
261
214
378
2092
259
1404
427
267
291
203
275
308
341
312
275
615
513
3196
324
290
247
508
235
853
498
256
315
331
224
255
280
235
320
280
996
317
267
321
296
601
288
350
240
331
270
204
283
246
326
221
249
242
277
2405
309
1635
228
296
209
598
287
251
488
1353
284
246
697
311
268
273
493
255
221
239
216
390
278
1255
610
235
205
227
306
209
200
334
281
335
488
262
702
322
220
232
349
183
691
421
281
227
267
404
322
371
308
250
326
210
245
258
3228
247
244
1487
273
411
3329
251
334
402
436
219
294
295
253
313
391
314
282
207
248
218
293
331
315
371
733
685
203
251
301
550
226
486
1021
597
249
309
297
222
326
200
666
191
222
232
260
235
1012
287
327
269
290
260
172
303
130
233
561
522
297
209
1267
441
233
195
483
284
273
249
1211
255
419
253
283
931
254
276
280
409
288
699
224
298
340
471
272
310
296
221
425
151
233
347
261
322
284
309
291
220
215
314
456
1267
278
301
210
238
260
294
594
432
357
225
322
355
244
217
284
232
258
233
285
523
267
239
449
769
328
233
207
371
297
427
221
257
299
231
233
213
289
259
204
207
292
287
273
279
386
286
229
475
242
175
203
339
261
282
281
277
213
425
372
362
264
228
383
1039
459
382
341
285
474
337
340
262
192
396
233
234
255
1069
334
216
351
265
270
1934
235
1322
245
224
291
349
401
218
401
225
586
399
474
273
328
245
519
315
927
264
229
252
354
441
249
359
320
300
188
176
300
447
304
235
251
466
666
236
369
333
388
214
273
534
298
186
686
219
1827
462
294
236
407
351
349
578
235
511
155
256
480
305
396
277
518
247
635
240
234
289
287
210
657
234
2812
562
230
276
250
644
1344
255
325
217
226
136
225
247
223
185
320
206
227
221
207
300
293
250
254
216
281
391
239
252
322
273
757
233
254
410
249
252
229
341
287
231
1824
221
245
333
195
2587
273
303
276
464
2278
269
255
558
230
358
327
279
377
263
249
216
478
269
268
429
221
339
211
244
212
244
561
267
1168
240
636
382
224
154
256
550
283
252
265
454
249
323
203
312
254
379
234
269
367
286
220
229
240
281
290
630
292
227
249
486
316
205
240
250
228
266
281
320
226
259
228
337
176
632
190
840
283
603
273
561
272
216
328
242
325
384
267
1235
694
382
265
219
251
205
297
262
366
167
341
227
728
351
214
250
177
1047
275
278
456
224
371
241
284
353
244
582
269
220
263
225
250
251
259
224
474
274
326
152
229
883
259
234
398
230
215
389
300
1497
261
268
262
362
237
314
1803
194
212
259
310
247
255
249
964
261
391
263
387
269
289
599
247
212
339
268
206
242
272
278
287
314
360
278
307
218
232
261
531
258
287
506
1557
302
214
316
265
1393
229
232
269
199
2250
501
241
231
817
365
283
312
410
290
420
380
218
240
223
249
554
320
293
266
3196
224
581
247
208
401
201
409
294
381
323
450
249
307
347
837
567
252
323
205
363
257
320
287
303
724
277
283
2420
501
223
256
687
238
298
2781
269
244
513
205
346
200
280
467
782
447
290
252
376
268
266
251
521
221
366
252
266
229
382
266
303
243
302
236
318
234
438
317
271
410
247
271
290
443
253
260
273
296
364
334
499
815
209
622
210
371
702
226
184
193
283
224
281
252
391
222
244
266
249
342
330
241
256
301
366
259
241
218
284
200
460
247
260
344
224
300
331
357
131
486
234
219
215
242
302
245
290
197
456
219
207
1487
399
581
224
464
216
452
289
268
410
203
277
405
240
173
365
225
310
282
293
285
275
458
258
206
543
334
211
1608
228
517
401
723
185
266
243
247
447
252
1322
255
741
421
855
506
422
205
421
182
380
201
380
260
218
242
180
239
213
285
263
320
467
274
232
423
231
249
288
261
382
834
289
410
365
248
281
375
293
238
192
403
384
350
275
672
343
470
260
2812
280
200
293
207
403
269
368
293
182
448
246
350
337
337
280
221
353
366
557
247
588
295
217
425
296
532
321
219
269
196
206
229
291
260
385
276
542
286
528
247
242
368
317
398
249
243
191
223
776
157
246
283
191
254
225
153
291
410
252
245
266
549
232
292
189
250
318
965
261
246
797
296
329
240
587
295
410
300
215
273
384
341
235
511
236
322
259
1388
287
270
281
1797
115
231
198
305
241
245
571
331
205
213
246
219
203
304
279
239
243
505
2405
230
376
239
642
575
470
330
220
160
156
321
332
279
364
263
334
275
257
261
578
750
218
244
217
216
270
284
232
299
1532
276
205
380
218
313
224
228
246
408
585
335
322
203
219
261
208
252
236
291
275
284
244
207
1598
262
279
195
202
291
334
190
284
629
255
270
265
287
231
391
249
359
267
318
261
346
286
284
217
401
273
213
242
285
856
568
193
492
235
268
272
502
350
244
410
222
257
474
242
252
280
259
343
254
214
277
235
211
125
351
242
235
234
279
2083
323
381
224
263
354
240
249
247
206
274
206
266
227
1864
410
349
232
207
1252
199
191
297
399
237
3153
260
258
840
378
266
310
247
279
341
170
236
217
330
1252
243
227
218
301
334
225
239
672
277
565
363
220
194
224
238
353
280
226
635
292
232
223
558
212
215
218
289
586
342
398
648
251
265
226
234
267
305
324
262
223
298
342
414
267
359
219
426
268
190
276
175
244
211
310
346
175
252
270
507
214
361
205
171
234
242
259
582
299
441
1743
439
223
259
237
242
290
233
298
515
224
389
216
252
279
206
222
205
238
206
221
233
393
350
442
236
255
599
367
521
545
478
187
313
734
474
234
261
315
185
252
199
1285
464
339
265
223
217
628
267
246
236
310
410
447
574
205
249
320
359
254
257
150
224
173
244
224
204
275
433
272
309
239
308
294
263
1080
214
795
892
264
131
131
362
783
324
228
273
450
214
600
254
326
280
185
546
728
204
1665
207
250
169
1824
210
200
113
544
312
279
275
2250
268
174
342
655
241
158
168
366
298
230
569
277
426
431
303
259
245
1917
189
272
218
180
271
324
220
424
322
617
397
600
260
425
788
307
1349
250
236
207
357
244
222
204
257
417
262
266
410
1172
262
264
400
227
321
342
214
181
173
722
224
221
201
268
697
211
215
410
2405
351
251
222
206
161
162
289
460
192
166
2522
204
163
275
236
321
341
250
322
300
297
519
819
215
138
255
242
510
352
344
420
436
261
204
408
258
286
228
535
535
227
253
455
217
285
430
270
260
206
304
296
248
252
201
280
282
332
226
180
1146
144
233
279
410
187
295
336
211
257
160
300
243
222
322
562
269
186
289
356
191
212
281
192
199
742
187
351
170
265
149
266
609
203
254
504
270
206
181
200
622
258
215
106
263
499
221
288
174
474
310
131
284
325
218
203
221
190
313
174
353
233
300
219
233
299
211
257
246
202
397
240
277
182
242
291
1574
219
204
457
294
251
290
1664
331
627
230
161
376
410
198
228
225
221
346
237
247
210
231
295
245
177
525
248
269
2492
204
282
258
2587
127
303
388
244
273
174
227
211
549
232
281
217
252
234
191
188
1028
223
241
252
647
225
413
259
332
1210
549
518
129
186
248
298
1312
424
203
248
244
240
302
336
586
172
331
212
297
166
392
248
403
254
263
282
434
426
173
266
309
594
216
318
245
169
239
254
286
241
226
349
333
320
420
700
266
280
204
230
264
229
304
462
250
287
221
226
235
177
226
263
594
173
405
221
207
353
246
231
274
429
164
270
253
755
279
341
358
280
212
264
649
366
452
445
454
233
136
223
197
274
261
372
269
250
2492
294
238
210
285
487
548
197
248
204
886
259
226
234
253
222
199
361
777
316
373
245
328
534
313
204
387
247
171
891
179
204
290
210
521
205
430
289
215
317
298
177
492
211
333
252
238
202
376
433
491
304
288
350
226
209
211
204
235
426
217
234
224
1156
204
425
205
285
221
200
208
202
232
916
308
738
296
1407
203
274
278
248
184
328
200
172
234
208
292
379
166
2322
252
214
1073
216
227
180
442
674
225
332
248
217
315
267
242
208
262
244
221
499
351
406
178
348
208
227
158
795
236
508
1902
256
1278
241
433
151
256
213
196
226
215
410
4240
274
243
225
334
1302
279
332
325
306
219
293
116
216
248
304
383
289
253
207
233
280
727
239
240
174
256
435
356
257
268
566
950
175
285
287
194
314
308
259
195
230
236
331
181
173
223
204
360
271
225
233
365
256
245
390
265
236
339
229
255
299
152
260
206
222
182
1311
246
410
370
213
237
221
317
512
198
250
304
336
410
199
239
931
304
255
349
175
196
281
732
289
1487
216
385
2131
204
248
252
450
1251
238
331
151
169
232
301
558
314
201
201
239
302
320
209
225
300
526
302
251
256
796
236
264
242
187
190
280
218
410
209
201
289
189
356
249
226
256
410
241
229
312
276
262
166
213
223
254
243
432
227
237
224
309
660
654
281
158
247
298
234
200
2936
666
226
270
212
266
279
802
174
236
209
920
1840
208
234
212
453
182
2020
266
237
260
410
501
286
519
147
304
444
329
358
461
251
305
260
665
548
548
246
386
410
206
441
207
269
263
314
353
519
450
315
2158
203
302
252
361
227
204
220
268
180
248
167
216
215
275
232
363
186
318
384
473
270
121
298
274
201
208
273
200
258
764
219
410
185
366
212
280
310
252
301
329
243
351
296
275
268
232
208
456
235
577
176
236
639
198
194
205
1055
222
213
237
428
326
173
230
225
267
903
526
382
296
156
1462
225
220
410
278
227
202
232
187
293
347
334
288
522
349
222
208
541
252
343
190
254
272
197
246
255
1237
247
203
248
312
289
219
277
165
262
215
238
398
269
127
263
1073
342
226
325
255
284
158
234
210
301
264
410
229
435
242
442
209
356
265
165
194
205
180
248
422
221
210
256
240
201
228
286
211
664
198
285
237
204
225
240
201
258
537
326
240
292
312
167
146
417
126
591
582
548
498
192
293
429
262
242
260
2322
204
180
226
840
664
231
200
322
231
217
260
221
191
222
248
247
275
416
321
234
236
222
179
273
1174
313
251
288
661
845
259
174
255
245
147
751
197
200
232
1089
220
170
252
223
342
263
221
285
207
225
410
528
252
437
297
460
177
126
254
1388
140
306
236
318
200
221
193
197
541
238
283
197
233
357
206
289
234
263
216
348
268
328
200
127
684
175
480
371
318
441
367
195
210
232
196
296
255
342
189
275
303
168
258
291
829
176
271
234
845
945
187
204
211
169
252
376
274
410
223
133
271
196
216
279
255
649
197
225
248
226
218
227
224
356
218
283
288
204
219
238
617
202
3210
261
268
238
244
348
231
597
624
181
299
250
241
192
173
175
284
560
223
368
192
201
210
226
1669
238
224
190
796
263
531
314
256
234
460
190
257
231
1135
523
199
281
268
207
247
399
301
285
244
212
296
242
208
236
263
233
250
302
1525
225
210
235
264
368
204
195
180
275
340
318
400
225
224
286
193
554
201
235
224
567
395
213
250
256
1407
186
410
177
233
212
232
269
246
244
265
226
232
262
280
284
230
302
453
457
189
202
208
237
207
400
288
246
248
248
243
200
279
410
256
702
220
239
214
556
199
158
277
528
213
305
1548
240
245
232
210
165
228
215
531
747
331
164
209
305
283
248
243
207
245
313
112
232
829
264
214
327
102
556
182
277
351
159
567
149
673
243
248
333
248
239
240
205
333
223
276
204
154
260
369
252
171
270
205
293
379
372
281
410
410
2840
458
261
204
283
243
441
214
270
157
591
964
428
1267
169
285
160
263
284
243
291
349
237
225
192
353
221
596
206
205
272
254
443
194
208
593
221
319
218
233
207
203
734
142
200
223
581
420
331
262
245
213
302
213
228
296
199
343
395
202
294
209
237
188
205
203
257
165
166
378
2278
283
1492
332
347
417
305
146
253
199
228
170
253
271
216
304
235
234
209
362
249
219
660
171
247
1699
247
354
232
301
246
261
204
213
194
329
265
242
410
397
293
244
273
202
410
226
222
123
187
199
410
313
404
237
336
241
178
293
231
181
626
231
302
269
343
190
181
223
467
218
417
601
211
793
215
287
315
235
206
437
260
175
242
130
1227
224
223
269
653
466
191
334
196
234
234
410
263
209
311
280
688
159
210
255
212
224
241
250
255
410
231
410
621
199
366
271
301
222
333
169
449
318
268
189
364
306
333
209
219
261
2850
298
215
1165
410
217
248
572
166
270
270
206
180
287
682
246
267
654
233
318
235
364
137
1285
281
259
577
199
204
207
605
237
205
284
282
1507
326
255
249
241
228
219
260
228
289
258
310
291
332
113
209
184
513
201
218
327
184
219
193
252
380
183
410
297
186
180
213
234
184
231
236
236
217
259
264
224
245
279
241
300
204
219
318
214
234
367
302
219
564
171
205
241
399
194
238
172
334
302
194
126
195
187
252
115
167
758
393
415
459
265
267
145
172
193
441
208
225
158
336
159
272
226
318
479
360
254
410
3196
183
244
206
204
202
547
233
157
102
254
1743
143
270
214
274
194
244
474
268
238
207
240
516
273
319
410
209
201
214
203
241
410
537
315
251
184
495
249
292
285
493
244
306
284
207
258
189
279
126
287
206
3210
237
281
382
410
135
306
248
245
154
219
255
242
248
260
200
715
3350
261
414
197
282
410
347
1990
403
204
193
525
198
267
203
498
333
191
261
268
256
233
214
210
185
221
183
189
197
178
251
261
198
410
466
611
292
272
425
288
273
365
200
127
215
139
355
340
226
269
225
207
360
181
206
468
378
393
196
199
221
769
225
208
637
185
225
477
240
239
213
221
265
190
184
263
269
202
351
282
198
214
228
438
440
319
377
400
248
282
271
226
330
228
155
410
239
211
524
239
474
260
312
260
296
330
200
208
177
177
227
663
137
682
369
282
260
289
124
152
287
436
473
192
291
662
302
218
326
323
507
233
325
746
1077
181
302
271
678
180
271
378
224
152
410
254
175
589
623
283
707
227
279
155
266
250
123
207
214
306
292
314
306
267
260
582
302
294
410
211
165
232
245
295
1699
410
258
1294
241
194
2270
261
309
374
501
204
201
309
268
241
224
284
249
187
2988
249
220
538
236
188
356
232
235
235
611
251
208
155
223
227
200
347
406
224
140
185
124
249
217
216
102
200
268
271
173
241
193
153
238
277
426
232
203
268
109
204
409
183
331
1227
228
134
207
622
136
223
232
261
430
389
566
222
410
139
262
252
174
224
1725
290
247
307
191
288
193
241
175
242
289
392
267
188
208
192
181
223
461
209
265
263
243
275
194
410
107
223
215
215
247
500
207
479
181
633
219
349
224
279
285
194
146
327
146
131
553
204
195
228
194
276
292
180
318
237
236
249
566
275
888
426
289
103
298
621
222
403
218
266
218
178
216
104
249
219
520
162
320
155
250
296
267
186
174
169
206
139
243
303
925
201
642
265
221
134
217
204
1497
179
255
321
410
182
224
321
184
170
216
214
230
346
191
283
1299
171
336
298
268
263
273
201
175
213
202
186
201
347
278
309
191
183
235
249
396
204
276
491
384
197
224
193
243
323
217
204
3350
205
160
417
208
213
194
198
499
410
117
205
174
309
243
191
611
180
232
265
252
237
358
281
214
410
293
244
216
189
195
210
351
192
2840
178
204
1012
207
192
222
159
235
208
207
153
233
206
104
249
210
172
255
122
110
210
255
185
1840
268
515
174
318
248
275
190
410
284
201
247
166
249
271
206
276
244
2812
170
238
470
222
238
367
202
265
156
183
232
161
149
281
266
221
128
137
199
1067
410
102
377
158
204
209
185
235
157
260
529
285
250
159
196
217
367
180
132
185
158
196
239
310
261
200
1094
374
410
204
410
322
347
202
703
203
410
529
192
316
246
215
410
204
343
249
559
230
234
266
317
151
304
191
410
538
1168
216
214
231
185
251
212
238
203
163
164
216
212
295
145
215
237
202
209
155
243
234
332
477
915
344
139
225
148
252
251
317
186
280
159
200
551
268
206
199
565
232
214
269
231
309
238
293
204
156
410
314
196
425
185
272
236
286
250
276
313
213
197
190
217
254
171
211
234
196
242
374
157
309
258
465
183
195
204
194
280
179
492
410
273
197
234
214
209
261
666
772
955
266
185
195
468
206
196
236
206
322
188
196
266
410
434
248
249
233
319
114
370
195
234
260
280
271
253
265
513
291
270
304
173
265
344
163
666
181
161
175
211
267
229
1322
231
991
149
223
405
377
312
503
217
214
155
209
205
821
312
237
682
1039
234
191
661
226
330
196
332
222
120
410
152
642
256
403
286
289
123
326
263
258
195
410
245
163
300
201
274
657
221
257
180
187
258
247
230
228
200
308
219
137
281
274
215
214
317
901
262
129
834
233
242
410
253
198
247
240
230
196
242
185
253
1930
163
211
232
301
162
205
392
309
328
219
190
303
276
296
163
197
192
207
321
253
230
195
192
103
333
207
160
1126
262
263
284
323
237
254
187
336
156
256
123
222
302
276
243
218
374
167
288
302
223
433
204
248
189
211
207
180
449
170
460
197
302
258
214
199
410
215
377
195
217
189
180
180
122
352
205
439
280
178
244
410
284
156
206
216
164
265
172
235
215
192
200
263
268
256
137
281
120
408
223
273
966
224
330
187
474
282
343
183
238
230
1797
1990
277
202
195
228
287
266
191
866
1085
263
208
205
207
462
227
295
756
713
348
410
294
110
410
215
129
420
178
207
251
202
196
410
118
243
146
151
327
378
250
207
221
217
201
204
410
207
220
132
1152
260
230
196
159
296
203
246
192
277
199
508
401
410
225
254
569
228
249
180
193
322
237
139
410
507
452
185
256
204
516
149
202
410
247
208
203
410
252
200
833
235
232
430
410
333
169
111
336
265
236
789
198
221
166
291
171
307
216
178
273
278
205
2840
207
410
170
134
340
227
120
227
2840
302
574
503
205
235
4617
256
210
251
128
203
262
205
181
166
242
203
419
203
410
369
322
268
522
157
235
261
622
111
190
264
361
217
426
155
171
188
319
200
149
203
378
151
601
224
1235
234
329
204
178
184
210
141
319
305
215
201
163
227
227
2825
674
223
704
150
200
335
227
280
234
208
257
144
177
218
160
175
516
410
184
240
303
206
189
345
236
193
235
350
222
190
121
102
245
201
237
139
203
210
259
424
178
534
714
198
253
199
2405
246
315
815
210
190
258
171
209
281
218
213
276
186
181
190
239
250
410
274
410
163
410
256
231
146
215
164
195
168
220
254
210
118
254
327
410
289
266
144
410
284
248
142
410
211
363
282
410
201
252
410
247
248
389
229
179
236
126
266
271
171
159
249
116
162
119
335
181
222
251
690
410
410
176
410
217
393
410
158
195
247
186
217
106
228
193
228
218
214
194
213
102
422
134
304
210
153
256
180
310
276
211
359
207
232
541
204
192
197
182
233
203
662
219
272
410
297
175
207
230
177
209
305
234
170
219
312
283
201
144
228
284
227
194
211
137
298
144
222
142
182
229
220
194
201
228
131
177
218
284
249
338
268
157
450
270
420
544
211
259
178
347
205
410
262
188
218
207
224
508
121
175
203
415
190
185
292
210
410
299
225
251
514
1824
580
111
256
250
260
195
287
262
231
231
256
158
175
136
224
507
165
287
180
139
159
247
177
181
224
212
410
187
285
113
244
117
193
245
238
139
269
233
204
264
250
241
339
306
171
435
249
232
410
674
192
206
247
195
410
1244
148
229
270
611
132
203
1077
143
209
410
295
210
206
410
752
414
136
214
257
286
218
268
254
797
265
130
410
195
242
245
508
170
251
246
300
226
266
160
204
163
189
1089
416
213
208
699
226
217
192
298
199
243
193
510
356
428
313
252
908
170
173
408
253
286
1865
178
410
616
254
215
215
562
324
227
270
184
223
282
215
457
265
931
204
223
370
231
357
198
310
496
224
204
274
318
218
274
117
410
541
178
423
301
217
146
207
520
147
171
168
315
163
249
439
231
377
464
288
268
211
165
163
473
175
268
386
199
410
121
798
1278
412
121
252
217
410
202
410
169
144
181
322
106
396
367
181
204
233
454
297
186
175
230
257
306
271
238
216
174
301
2258
211
102
204
209
410
159
118
384
410
107
215
226
217
182
239
355
197
193
221
551
222
169
208
317
227
258
127
603
364
228
432
409
327
270
137
212
410
245
1526
199
168
845
292
200
159
163
165
127
293
410
305
2840
157
216
129
261
365
160
142
181
219
253
246
271
278
202
221
173
192
264
270
143
215
223
349
215
286
187
848
187
198
274
142
152
265
335
122
410
227
196
410
753
143
194
264
270
410
514
254
314
227
220
323
223
311
231
187
190
195
122
443
203
797
237
235
1294
271
206
273
261
298
298
203
195
216
202
185
2070
168
193
233
247
272
222
184
239
204
219
202
397
202
299
155
173
239
410
417
146
269
337
214
226
410
258
570
318
190
191
203
161
276
177
131
155
329
156
293
273
152
1227
557
410
235
240
210
250
218
118
234
198
2522
340
558
245
118
281
345
237
266
198
118
1285
256
204
396
181
186
220
501
274
124
410
115
236
231
397
211
323
270
304
199
362
175
134
410
240
747
203
291
479
175
107
154
410
162
454
232
584
166
174
486
410
197
241
195
211
410
339
195
203
168
410
410
207
340
143
179
251
331
469
181
410
188
286
269
353
236
834
192
209
187
148
231
546
165
143
196
227
294
295
248
210
226
155
214
234
410
339
195
2154
360
157
136
219
330
307
363
201
200
160
168
187
562
227
182
331
273
331
188
410
410
169
343
184
275
235
410
149
410
286
425
209
151
174
111
410
197
174
110
248
188
242
190
191
200
283
201
192
146
247
461
410
137
199
268
128
164
585
252
186
128
288
213
410
364
347
250
263
209
195
436
222
279
231
188
198
210
547
211
170
322
240
410
123
1934
915
621
272
260
233
205
186
570
196
191
169
454
410
205
366
217
227
301
215
186
410
186
258
297
410
255
410
353
410
410
361
204
410
202
252
251
182
177
210
408
248
205
145
255
224
302
187
403
292
204
410
179
197
274
161
212
591
420
125
230
204
410
309
609
266
410
426
410
1012
195
228
148
181
273
410
136
221
215
3350
241
258
1357
182
142
169
410
567
160
482
406
198
241
193
173
326
140
410
250
410
195
192
139
289
1824
410
118
217
265
554
199
300
230
107
195
308
410
200
264
738
212
387
335
382
203
117
365
486
149
356
272
276
205
204
1122
237
419
1085
126
293
268
410
264
277
244
304
183
466
251
270
107
410
241
342
220
130
231
191
255
285
247
226
416
201
181
156
221
223
241
327
162
769
574
200
288
410
210
103
575
232
198
258
251
159
147
226
255
309
410
274
190
128
217
150
207
230
523
191
212
436
233
212
201
281
410
180
203
410
106
148
772
143
410
410
111
188
263
189
293
197
200
206
228
217
183
315
138
223
159
410
226
297
193
410
178
145
410
127
213
525
107
257
247
131
207
410
410
477
349
199
128
204
410
346
161
283
210
410
170
154
337
195
202
192
253
253
174
427
204
314
145
310
224
189
240
178
204
238
225
240
230
221
244
268
315
170
124
208
2550
245
163
410
139
193
239
208
537
518
243
410
373
142
217
209
585
237
1557
137
238
162
138
168
158
194
224
275
267
410
470
119
301
446
184
255
400
410
139
119
223
162
410
324
210
170
224
255
536
207
757
325
320
275
242
240
391
228
435
229
253
142
188
176
1459
125
200
379
132
629
102
216
189
192
180
252
318
195
212
1080
156
410
272
228
480
410
410
410
410
207
451
235
185
284
240
145
200
291
275
210
190
219
261
410
544
240
410
493
410
158
211
181
243
310
288
357
410
203
104
219
205
395
410
251
242
104
203
151
410
271
221
341
199
410
239
141
338
217
185
305
124
235
254
208
410
115
242
259
410
171
173
199
384
466
640
254
234
427
252
410
313
248
410
195
161
227
140
272
351
107
194
302
260
146
156
126
277
191
116
404
488
273
289
139
295
225
380
175
410
290
310
226
195
345
223
173
256
939
410
237
180
293
134
207
496
281
410
410
200
218
125
209
163
127
578
127
235
169
224
748
382
119
126
410
266
190
221
129
132
322
261
283
128
410
889
160
174
237
251
490
160
268
158
329
204
234
459
475
395
410
221
242
323
201
1325
410
174
233
241
225
1364
104
410
288
319
410
416
212
208
211
241
179
221
410
115
202
159
396
196
193
181
319
165
410
580
314
410
229
410
410
256
410
261
410
228
410
254
202
221
192
277
302
168
1803
222
188
386
267
433
267
182
410
410
206
290
222
346
250
167
160
205
182
122
164
126
215
204
157
201
129
410
224
271
576
278
320
127
164
188
410
410
492
572
206
308
622
177
171
308
235
168
327
2936
185
226
284
290
172
217
198
125
233
227
410
1422
410
410
410
102
232
166
281
200
223
215
410
410
152
410
264
197
517
208
203
410
212
212
214
224
165
357
123
242
197
279
177
157
181
174
188
571
117
269
856
196
201
190
410
256
228
199
1019
186
325
189
170
241
312
107
410
256
202
220
207
290
240
410
965
202
415
410
111
273
239
1236
252
319
766
261
204
1840
238
239
102
227
410
288
111
206
262
247
226
219
229
410
240
410
410
241
207
329
215
232
1075
597
284
434
201
410
261
176
182
410
159
221
231
105
191
204
187
397
487
157
190
232
198
216
249
271
143
133
109
410
196
293
150
209
181
369
173
239
410
201
123
194
138
300
194
349
174
198
227
250
410
211
123
239
437
310
218
211
167
168
217
410
410
119
201
107
206
239
410
183
410
132
387
292
284
151
167
225
181
177
473
160
232
212
235
2825
230
169
210
271
555
942
297
182
110
155
410
410
178
189
157
410
212
152
382
281
169
111
314
1322
187
143
410
210
121
207
392
410
131
103
222
211
1865
206
271
191
213
485
237
343
225
166
178
714
142
157
187
215
204
410
281
240
179
546
220
136
125
142
503
129
259
225
208
224
183
318
308
177
293
249
421
207
410
294
127
186
193
183
236
294
1094
219
238
510
214
232
410
182
176
641
239
321
355
252
149
368
232
913
848
303
212
201
239
148
175
230
115
410
204
221
210
182
288
102
488
237
180
223
169
198
196
324
210
483
226
410
129
410
410
241
2587
599
275
177
117
177
129
237
410
151
227
213
503
330
330
410
151
816
410
231
194
180
211
259
227
204
212
235
102
715
196
378
241
181
135
134
410
175
155
120
204
410
288
153
159
410
739
137
610
124
125
452
102
410
410
262
192
410
165
221
280
128
202
212
574
297
218
224
162
410
166
326
302
346
410
266
156
193
864
261
205
197
168
972
168
175
338
102
187
410
154
195
1867
231
162
102
410
216
410
183
228
584
196
410
410
410
277
311
245
122
1145
320
103
227
221
216
410
203
243
209
102
756
519
250
410
121
226
261
179
323
918
219
410
410
158
267
165
184
217
226
136
241
154
410
102
223
157
117
410
551
102
125
410
250
155
211
244
230
410
274
168
235
363
165
410
298
410
410
242
129
410
203
202
262
410
155
365
108
102
204
410
200
200
327
410
186
243
472
244
215
160
157
176
186
410
122
188
899
103
313
410
410
204
260
130
259
113
441
102
177
410
290
443
410
123
280
362
231
164
231
410
133
331
410
185
317
267
355
230
129
405
177
260
342
405
124
280
369
319
189
288
255
202
233
198
186
216
189
366
219
291
355
143
409
198
226
102
249
200
532
228
195
140
3329
105
190
152
199
410
178
183
410
198
704
410
410
268
288
213
158
174
410
164
288
247
261
410
410
175
269
410
197
466
243
241
410
102
227
102
224
410
410
161
166
410
235
179
439
303
210
410
164
162
135
219
287
301
145
410
112
149
301
270
171
1240
223
410
255
410
121
177
291
410
292
258
410
252
150
230
1210
167
120
308
261
410
268
410
207
230
166
410
314
321
1002
171
410
459
327
305
137
201
212
270
410
173
195
410
520
192
410
212
126
410
245
184
410
182
187
472
207
102
111
102
592
187
202
135
410
174
192
143
3153
130
410
202
280
234
259
1042
410
205
410
103
282
195
133
184
201
174
1156
222
226
161
223
410
410
166
259
585
2583
212
241
161
204
227
169
191
203
223
167
109
410
210
197
209
410
241
410
102
410
179
410
223
410
182
290
378
484
200
304
215
380
250
172
227
410
410
185
196
200
410
410
220
410
196
349
214
128
333
410
250
123
410
410
374
208
289
306
165
163
410
160
121
410
186
734
112
161
198
105
219
312
243
233
244
247
175
204
277
410
205
154
410
477
410
198
278
135
389
115
196
410
105
305
138
106
253
195
114
168
169
410
271
274
312
203
197
135
410
472
235
403
133
219
457
290
410
289
243
126
275
410
279
264
208
410
189
348
410
102
240
165
231
197
219
196
410
232
410
252
157
107
293
214
307
174
410
283
208
250
325
192
147
162
168
410
240
250
211
119
164
130
303
153
410
249
214
184
522
256
410
168
410
139
112
410
746
192
277
176
326
133
208
175
410
267
410
178
172
138
202
231
410
245
198
313
410
170
512
410
142
223
410
151
204
363
410
227
218
476
175
172
410
153
410
236
230
140
245
410
108
167
190
410
202
232
202
166
410
149
410
165
195
175
277
191
179
130
410
144
105
160
410
204
212
410
192
317
181
276
237
134
638
228
800
163
243
102
135
313
360
102
274
243
193
238
152
247
150
250
199
136
115
196
212
233
510
107
410
152
237
180
329
410
178
410
189
410
410
224
232
254
216
1548
251
202
131
410
201
203
203
175
118
114
113
1063
410
410
165
187
102
410
155
179
239
227
144
252
457
104
631
410
104
370
415
179
410
198
150
185
216
410
410
191
187
179
104
225
410
170
204
215
152
188
231
154
197
410
206
238
410
188
410
410
214
1865
261
192
236
410
191
420
204
120
410
332
143
410
205
329
410
132
238
410
341
208
410
192
339
531
152
223
188
173
373
119
108
134
194
155
410
117
667
260
194
128
208
218
410
170
410
414
249
169
410
410
410
133
208
348
136
115
3216
141
216
195
191
410
106
145
115
410
322
436
1493
221
209
259
362
140
513
122
150
304
405
103
170
181
194
410
140
612
148
1665
193
206
228
200
252
410
189
221
186
221
410
410
106
410
443
410
243
244
215
410
175
243
220
410
220
248
178
361
109
778
168
118
410
306
410
410
363
205
121
140
410
245
451
410
410
317
245
260
410
147
116
293
141
205
410
246
259
191
393
247
279
191
142
410
159
176
486
230
202
164
116
205
197
231
115
410
207
188
410
410
197
120
192
410
410
166
410
224
177
291
410
191
410
410
278
144
108
203
188
256
108
291
209
190
191
258
235
141
225
410
185
706
134
179
150
133
817
167
188
318
325
516
215
214
147
410
187
166
216
410
165
114
118
410
271
214
282
308
204
191
159
410
657
189
174
190
329
349
325
216
560
261
147
186
410
279
304
380
152
228
157
239
410
124
410
260
410
296
159
360
332
272
410
129
197
223
283
410
229
1038
217
181
410
204
193
175
410
216
102
410
369
223
410
348
269
132
361
410
772
420
279
195
410
423
266
189
102
234
117
305
136
238
410
431
410
273
153
410
211
190
106
410
108
200
176
202
219
117
251
185
193
161
272
410
222
247
178
410
189
131
410
199
410
237
102
410
251
410
189
191
192
205
410
300
194
240
325
153
215
410
410
352
223
193
147
230
203
485
207
175
229
189
154
189
410
162
410
138
410
165
117
410
123
410
111
410
102
217
410
270
410
162
109
302
234
325
208
188
192
187
410
190
410
1885
410
117
249
224
410
232
410
242
239
167
255
205
102
649
179
201
410
410
220
410
410
202
102
262
223
410
410
216
611
156
219
184
111
141
229
259
297
686
233
204
1054
406
273
410
187
1416
156
198
187
194
201
137
116
410
121
137
410
410
172
323
143
204
222
239
410
116
232
242
219
249
1515
1357
410
151
251
260
410
410
410
326
1205
109
410
130
1867
737
187
163
162
410
146
500
178
137
189
410
410
173
2812
265
410
181
4617
410
1880
247
410
410
227
207
410
189
176
599
157
177
179
197
410
410
135
410
141
196
254
228
410
410
176
410
545
216
565
531
193
244
342
291
238
410
173
370
202
113
410
359
410
159
412
410
410
102
168
215
119
193
216
197
616
169
205
410
283
180
202
422
256
163
1080
410
102
410
210
292
259
203
156
410
192
188
410
112
251
211
246
410
216
194
202
166
193
102
410
527
205
334
115
240
211
148
215
410
410
278
410
410
102
197
288
115
190
1091
181
878
399
410
230
127
482
410
108
188
410
109
410
410
410
410
190
339
223
410
207
165
147
158
253
496
200
164
410
130
276
217
204
410
213
410
195
230
210
136
410
206
999
119
488
410
212
213
410
132
410
410
262
644
158
251
410
410
286
201
410
248
102
106
185
187
166
410
158
410
147
157
204
129
498
234
186
313
219
410
349
215
240
261
695
228
151
246
321
789
410
214
259
410
145
171
284
145
254
244
185
410
277
384
410
410
124
410
211
410
597
145
410
200
142
137
195
201
315
410
410
161
496
181
321
410
202
173
421
412
131
410
150
195
243
410
410
410
283
198
109
209
129
221
168
221
155
171
189
410
263
237
149
193
276
229
145
196
312
138
185
148
275
105
106
513
239
410
234
410
110
210
410
182
410
213
575
154
169
212
236
410
410
410
202
127
303
172
410
322
410
151
209
410
204
288
410
267
194
410
115
283
165
212
410
200
207
568
200
136
115
410
410
296
169
166
203
410
326
151
220
410
1002
177
216
121
112
410
175
191
319
137
410
1002
108
318
291
372
410
230
205
176
203
111
193
192
203
181
410
233
126
410
556
410
121
246
270
110
109
180
410
164
182
197
242
410
160
278
120
178
410
164
258
199
213
242
203
131
166
410
410
166
410
206
212
410
160
410
171
1216
410
410
191
114
158
151
321
166
553
153
410
139
410
192
410
330
208
286
194
157
410
303
213
410
171
258
150
410
281
121
232
410
478
410
508
174
234
410
143
410
1364
365
188
199
410
166
410
172
410
178
292
410
157
1216
204
186
1146
193
410
157
211
198
706
151
410
241
410
221
187
388
705
410
155
102
294
170
410
139
410
154
185
410
287
236
248
165
410
1151
410
410
374
678
104
380
260
410
111
267
164
228
119
410
410
1200
410
545
144
410
355
260
139
410
248
410
410
410
321
328
293
210
286
188
768
233
138
200
410
104
196
168
148
751
344
149
466
410
131
243
180
170
291
410
410
410
218
179
410
223
173
410
555
301
124
271
182
410
135
196
182
410
492
272
264
238
134
410
153
410
112
283
114
410
410
144
313
410
410
206
106
145
410
585
410
173
105
410
251
223
222
204
225
435
298
224
464
410
233
136
114
210
410
102
118
296
410
218
410
210
396
146
322
205
376
410
198
263
410
138
199
199
220
623
410
914
410
328
410
410
2583
229
131
173
390
410
194
410
410
410
163
103
129
214
410
410
135
3210
373
488
410
192
131
410
119
221
211
410
913
178
410
183
261
194
158
298
237
462
200
166
588
203
410
353
346
410
125
294
161
143
184
388
410
231
410
146
240
117
410
361
358
237
154
453
136
156
410
102
196
182
154
240
410
512
206
213
410
680
410
410
193
105
250
410
255
276
410
136
249
309
209
634
131
410
214
179
221
1191
105
126
202
151
410
125
206
410
410
227
227
102
348
161
219
645
410
124
410
410
211
122
181
250
120
210
213
123
212
151
145
138
120
391
222
271
234
132
203
410
218
208
410
234
228
233
394
410
231
219
439
410
487
154
208
410
199
196
185
225
410
258
410
410
216
196
410
235
477
425
169
122
410
250
410
270
367
148
326
212
182
438
410
232
246
237
218
136
410
410
198
305
196
298
572
1222
410
217
104
1357
410
143
225
410
410
410
102
410
282
410
497
410
334
204
206
164
410
410
410
257
149
509
220
239
410
110
148
191
178
259
268
161
182
195
207
197
308
410
195
269
201
450
212
410
410
514
159
410
410
183
219
410
123
303
230
168
200
410
121
177
102
198
255
246
204
105
248
154
170
225
102
476
170
445
410
203
1436
233
410
410
240
264
410
137
410
410
410
410
724
220
136
188
153
250
204
208
410
410
133
410
217
300
302
206
120
170
410
266
106
212
757
410
248
345
658
159
266
410
103
410
410
632
140
354
410
223
183
410
163
316
410
410
124
212
160
255
152
268
160
410
410
366
180
201
117
173
524
118
131
410
234
218
410
410
181
428
247
184
681
410
410
102
410
270
161
420
258
410
211
365
111
328
410
229
410
410
222
165
214
483
654
116
146
161
375
113
410
242
154
238
410
121
162
113
241
160
288
410
249
164
190
410
200
410
410
165
297
147
107
316
156
415
235
167
253
1773
410
410
165
144
264
211
410
306
225
410
140
410
191
245
266
232
158
185
410
410
893
108
119
174
201
192
410
186
195
119
410
410
260
410
271
132
149
184
259
892
378
410
120
133
205
410
197
111
190
112
294
410
194
731
194
410
410
172
135
410
410
410
129
109
225
145
460
410
291
257
410
104
410
128
131
129
410
410
410
150
588
154
410
207
410
102
410
269
205
136
163
238
119
305
172
205
410
410
230
174
410
154
138
410
569
410
410
139
327
151
239
371
146
269
264
126
168
410
187
410
106
171
410
144
410
573
117
276
410
410
174
276
177
121
176
410
410
218
140
117
210
410
410
319
410
410
215
161
237
102
181
303
410
410
204
214
149
415
391
169
443
229
238
410
128
185
102
169
187
102
167
500
666
177
258
262
410
168
231
232
187
127
151
233
304
205
410
214
126
410
410
410
410
102
202
310
194
211
410
308
287
102
255
304
410
161
410
410
410
410
410
183
229
410
133
498
854
410
187
116
206
236
204
135
108
112
248
410
166
224
200
410
627
410
168
339
117
410
243
177
410
410
410
241
410
191
109
271
160
254
145
310
105
236
209
410
252
410
155
215
410
197
209
175
260
506
284
166
410
410
410
410
216
410
228
227
335
167
410
185
152
118
117
237
111
111
410
210
410
410
220
728
165
410
160
208
174
232
410
410
138
125
128
110
251
410
119
196
102
410
144
220
200
181
179
410
410
410
424
410
410
108
140
162
233
129
410
307
175
214
136
166
410
109
410
410
797
2780
410
159
410
181
211
257
410
281
410
565
410
119
327
212
228
116
160
175
127
251
410
410
188
140
169
176
263
410
248
102
410
206
410
282
166
222
469
247
210
232
192
233
127
410
566
149
213
210
191
410
244
193
341
230
205
197
206
126
242
410
3210
192
359
410
102
410
410
410
410
198
213
102
300
410
410
182
170
204
121
574
1275
174
148
154
146
431
410
173
410
410
183
160
256
410
194
410
165
205
188
203
201
326
126
189
146
410
172
400
292
1669
106
104
595
410
211
214
297
162
145
204
110
410
461
410
508
160
410
181
110
410
416
839
410
162
410
410
494
242
220
213
410
348
106
410
204
161
410
410
410
410
187
172
208
178
410
294
207
123
144
114
432
410
484
111
134
410
204
114
410
410
410
410
159
410
403
311
410
242
231
410
118
410
237
206
122
410
281
182
410
162
410
331
410
410
410
172
194
102
410
410
191
316
120
410
182
410
329
1039
593
102
410
410
245
410
127
410
322
410
298
217
142
127
102
410
207
410
218
214
202
233
113
264
410
587
410
410
256
410
166
204
410
234
118
226
174
410
410
116
140
410
218
410
410
147
103
174
179
410
410
410
153
171
206
294
211
191
243
217
106
205
410
410
410
410
410
410
410
217
204
422
410
104
410
410
265
218
298
127
181
410
410
751
112
410
410
247
410
236
410
318
298
246
277
165
221
235
226
410
410
180
410
209
102
410
796
410
410
410
269
410
222
109
410
159
410
410
410
186
189
410
349
183
410
302
103
410
103
144
221
177
230
141
281
410
410
410
420
296
527
410
184
410
139
410
410
180
168
266
270
278
106
195
464
789
138
410
201
171
410
163
131
102
171
310
195
117
458
410
162
410
199
410
102
141
131
410
203
410
206
253
410
208
176
410
159
204
410
218
953
108
116
410
162
410
404
214
410
419
195
410
162
139
330
108
410
204
197
152
186
410
410
151
147
384
410
250
105
157
292
410
410
201
410
290
410
410
183
193
170
410
117
242
410
2812
186
209
410
185
265
387
236
410
193
410
410
200
410
506
410
217
410
127
410
410
114
352
901
162
219
410
263
197
221
130
102
593
410
174
125
171
410
220
272
295
410
371
159
410
131
410
106
186
274
233
147
153
179
410
410
410
129
138
143
410
410
112
117
410
410
212
163
1589
104
410
410
200
237
242
157
134
300
243
637
236
215
410
290
295
410
410
899
261
410
124
410
366
183
312
212
410
410
673
102
127
102
289
410
269
131
175
158
382
410
903
188
410
410
410
261
105
410
120
410
181
172
410
120
174
217
167
215
213
410
193
314
242
205
237
192
125
793
230
104
162
385
263
410
410
373
1236
410
289
410
125
254
166
234
410
410
143
103
410
239
144
168
238
306
260
286
410
102
410
252
410
183
205
166
698
149
103
410
410
102
410
410
102
630
249
410
410
644
249
411
213
201
295
115
410
410
162
410
218
182
131
112
189
166
410
463
189
221
182
410
152
410
105
410
231
307
245
246
543
410
284
410
154
150
602
231
105
410
410
122
504
339
170
410
410
126
410
410
197
410
239
410
410
235
968
410
410
354
134
515
410
410
259
410
103
410
281
401
204
325
410
170
410
154
122
254
139
410
257
168
410
272
212
410
410
187
305
410
260
410
410
410
176
188
220
158
160
410
204
226
197
102
213
105
144
410
432
245
121
207
218
616
410
172
410
259
190
410
102
142
258
166
410
410
249
515
157
117
107
118
430
234
410
410
140
223
410
410
212
302
172
410
410
102
107
410
173
410
201
261
258
215
405
191
410
227
410
127
410
410
963
133
410
161
410
410
221
410
210
410
237
410
102
410
203
410
192
370
299
152
267
165
293
449
259
135
183
410
410
410
235
218
139
410
410
122
210
103
410
229
143
410
237
410
410
149
267
234
199
186
200
410
167
410
378
410
410
410
410
177
410
707
166
410
410
410
129
410
410
410
219
366
410
228
410
263
410
400
625
173
410
410
189
252
171
121
148
138
410
410
136
102
410
144
410
251
295
410
184
410
221
199
182
520
113
164
410
102
236
195
410
129
204
192
410
404
212
410
410
410
918
410
148
410
255
150
410
237
441
138
284
410
166
410
410
410
410
410
171
410
142
229
748
102
123
410
130
102
117
343
129
136
164
410
1252
242
147
206
410
165
102
410
410
202
169
340
210
121
410
410
184
410
410
410
113
178
237
137
131
164
410
287
202
258
776
410
410
164
199
196
410
410
127
191
410
134
121
410
410
410
750
291
117
323
410
135
410
171
203
410
231
410
1080
164
193
147
120
410
410
233
159
102
102
353
410
144
186
378
410
231
133
146
194
180
215
410
142
410
410
336
181
163
410
187
410
410
410
141
192
198
275
178
542
104
296
205
410
254
135
340
148
410
251
410
216
243
102
126
232
181
118
508
410
124
179
201
153
102
178
245
4617
129
212
410
190
124
156
410
410
150
410
164
245
161
1122
186
238
166
760
207
190
410
410
155
410
410
119
410
410
4617
206
183
410
203
347
106
116
212
644
252
145
400
163
1515
209
644
196
164
410
144
179
324
410
410
216
410
410
169
410
410
410
149
410
307
307
135
336
121
410
231
410
191
199
3216
410
189
410
410
410
199
410
236
410
381
410
410
410
210
410
410
133
129
145
196
109
336
146
410
215
149
410
234
104
410
359
509
410
238
410
410
410
187
410
132
410
410
204
102
410
410
330
102
410
208
410
167
203
410
142
410
110
410
410
135
410
410
410
206
187
147
410
410
169
358
267
201
161
410
410
649
410
190
410
180
139
410
143
410
139
294
410
266
410
161
410
102
248
139
167
197
410
410
410
410
410
410
410
171
320
193
410
114
311
410
203
169
410
214
237
251
392
240
195
102
510
410
410
410
250
410
303
195
410
186
593
410
410
410
410
137
128
272
410
229
251
410
410
104
185
259
299
153
410
145
410
102
421
370
410
147
106
193
410
172
410
483
155
201
178
410
410
410
166
212
247
172
183
410
410
152
426
197
167
180
410
117
257
253
180
410
410
266
333
410
102
410
104
161
410
184
119
131
410
410
410
903
410
266
410
322
270
208
128
179
197
354
410
410
410
157
198
224
448
218
407
304
410
257
2083
410
140
410
203
410
102
184
410
481
410
174
102
197
231
410
410
410
148
809
165
251
156
361
410
247
410
410
126
126
217
225
410
522
410
149
410
410
152
155
173
186
240
410
243
479
263
410
410
227
410
410
138
201
145
410
240
410
410
102
133
213
395
163
410
410
211
410
179
410
410
410
158
410
410
118
410
410
272
410
107
410
410
410
410
410
110
410
177
197
114
410
410
410
410
410
410
113
336
524
204
410
410
1054
185
410
410
410
229
410
410
410
171
180
104
141
157
104
410
136
326
410
410
136
410
180
237
410
410
145
276
182
410
410
246
102
491
410
410
280
148
410
410
410
116
410
191
280
112
410
174
184
136
410
199
410
410
171
410
410
628
202
268
386
410
184
207
229
410
267
410
229
410
410
410
238
410
172
115
121
410
410
287
508
169
410
410
171
319
410
410
410
410
410
179
102
410
410
410
267
266
410
199
410
410
410
139
410
150
410
367
268
274
396
290
140
410
410
152
257
202
108
179
102
156
410
118
410
304
410
103
257
120
179
289
301
410
102
215
189
1227
300
410
217
188
410
249
153
410
410
127
143
112
410
410
147
210
252
171
120
147
410
511
189
410
239
410
155
410
149
188
127
410
236
410
183
221
217
140
410
410
410
410
367
157
156
110
410
198
410
117
410
188
121
410
136
161
410
142
339
164
133
410
410
883
270
410
300
161
195
410
410
410
410
410
353
410
410
410
206
296
410
410
652
410
410
102
332
410
410
410
410
410
120
202
179
180
177
410
206
410
217
223
195
410
206
1770
170
182
110
143
222
410
410
120
146
128
196
410
131
410
139
410
209
410
237
174
410
210
410
410
410
323
410
410
155
409
203
184
102
410
273
410
494
296
410
257
147
146
225
410
284
119
410
201
410
410
151
172
266
203
450
410
410
883
410
108
410
410
130
410
186
410
105
104
410
410
204
410
166
265
410
124
110
410
191
169
170
431
221
203
410
187
334
224
194
304
410
410
410
410
142
161
143
410
410
410
178
176
197
454
225
626
204
410
189
410
410
119
410
410
410
203
410
192
196
197
339
105
183
224
167
410
191
259
114
410
128
197
410
410
1725
410
410
410
118
410
410
410
410
188
410
165
264
410
170
410
202
156
216
410
213
410
186
410
135
193
410
410
172
152
241
410
283
410
410
410
648
410
410
410
159
473
410
238
135
410
410
410
410
410
410
279
191
195
138
410
410
410
410
149
410
410
378
242
191
410
211
194
112
410
123
410
192
258
174
157
125
410
167
165
195
165
175
102
410
146
410
410
137
410
410
410
224
141
118
476
130
201
410
112
106
410
103
146
410
251
205
410
215
410
324
425
410
192
200
107
410
260
206
410
189
410
467
410
410
234
159
410
228
102
146
351
164
148
173
388
130
177
410
233
410
260
102
410
256
410
410
117
410
117
410
800
410
410
220
181
190
410
110
161
168
410
410
3216
267
410
238
410
410
410
410
137
410
181
151
105
284
183
410
133
202
410
301
238
410
410
410
410
200
410
410
166
149
177
410
156
326
209
410
119
186
410
177
131
242
410
410
410
188
410
141
410
410
116
410
410
104
410
151
561
209
492
115
217
410
176
173
344
410
410
410
410
105
410
249
163
410
188
170
410
195
211
240
410
410
109
137
410
189
410
102
155
410
226
410
245
410
135
351
126
410
410
361
410
410
410
410
109
238
285
242
298
410
274
308
410
263
102
410
182
410
410
410
410
410
102
692
214
410
410
223
263
410
224
239
102
410
129
410
410
234
145
141
410
204
222
196
252
410
410
214
410
410
229
410
410
410
187
153
123
410
410
878
410
141
384
203
124
268
557
184
113
152
410
410
129
765
410
127
410
250
298
138
355
410
410
102
146
410
410
203
410
102
410
202
124
170
410
410
109
410
410
410
410
162
144
410
265
105
410
410
193
123
410
265
410
116
185
410
410
410
410
180
410
410
102
106
164
410
144
142
125
410
410
410
205
277
410
300
410
410
203
410
410
410
410
410
410
410
208
111
102
300
410
410
410
410
220
217
410
535
126
410
255
110
410
410
410
410
340
440
410
410
410
410
209
247
410
193
487
117
175
111
410
410
410
410
231
410
154
186
410
257
410
215
269
410
161
148
150
410
211
410
410
199
127
410
138
410
410
236
410
179
410
142
331
103
410
484
410
410
410
153
185
112
410
204
410
410
356
156
410
410
119
126
273
410
226
711
289
410
401
166
410
410
410
264
230
410
410
410
410
410
145
156
190
356
410
162
410
410
410
410
210
410
225
410
410
410
216
102
410
173
410
292
266
182
410
135
410
410
172
410
205
287
186
235
171
410
410
274
410
203
410
746
410
410
182
153
410
410
410
314
410
177
242
410
238
203
410
256
410
165
263
143
237
410
161
410
196
410
410
410
162
227
410
114
164
410
186
410
218
410
410
173
410
477
165
228
410
203
103
410
410
111
410
410
201
410
117
410
679
410
410
117
410
410
410
410
410
110
248
151
410
410
220
234
259
410
119
410
410
112
224
163
102
410
410
410
410
410
208
410
410
410
410
410
311
102
203
329
160
521
198
160
282
410
108
410
343
199
410
139
135
410
151
189
410
410
160
410
102
482
246
259
233
236
102
410
179
410
410
410
410
200
1012
143
410
198
102
339
401
410
410
2478
410
111
115
410
3216
113
281
178
409
206
166
200
410
332
352
192
155
410
205
118
102
410
115
205
167
410
410
151
410
410
410
235
134
288
1222
213
187
985
410
172
105
410
410
410
393
410
410
144
188
410
212
315
410
410
246
410
228
380
410
196
272
511
266
279
390
410
207
216
410
410
243
410
410
410
139
410
410
250
410
410
410
196
410
410
410
410
169
410
211
410
410
155
228
410
410
410
410
107
107
186
102
410
257
410
410
410
410
410
153
410
263
102
121
410
425
466
410
239
410
410
109
226
286
161
410
410
410
185
246
152
191
323
410
192
244
410
183
410
163
276
410
410
410
764
166
292
340
410
410
146
131
292
141
410
410
410
2825
179
410
107
126
256
165
246
230
410
172
410
160
115
410
410
410
235
410
410
490
410
312
410
108
210
410
117
410
410
125
177
410
178
410
213
313
102
410
410
410
210
410
182
261
410
410
410
410
410
410
275
410
106
129
410
410
410
410
410
410
125
175
410
261
410
305
410
357
410
410
410
242
410
410
212
410
410
134
225
187
161
137
410
410
119
410
410
410
410
256
410
209
225
410
204
347
143
410
102
410
410
319
189
410
177
410
236
144
172
169
410
410
200
410
410
192
503
410
112
410
166
410
410
230
410
276
468
115
410
246
272
151
410
410
410
739
410
107
274
129
286
410
410
410
254
410
419
410
335
410
228
410
410
123
183
250
410
410
168
124
160
240
410
234
410
410
410
410
171
248
168
410
410
410
410
410
174
162
410
410
410
102
178
410
542
410
379
410
410
258
410
410
410
410
410
224
410
410
410
306
410
410
160
410
300
260
146
153
410
336
200
410
155
410
410
410
384
410
262
200
410
410
410
181
1403
194
194
351
410
410
410
133
410
410
410
155
215
224
160
103
199
102
115
195
601
410
410
155
265
194
410
410
410
410
140
258
410
378
257
410
108
160
410
410
410
410
109
207
168
410
410
196
241
410
410
178
410
118
410
266
131
410
177
102
410
212
116
410
116
207
410
410
171
104
410
410
168
184
410
410
102
410
185
280
276
410
132
410
176
410
410
410
410
130
347
410
410
410
806
410
301
241
249
158
410
410
410
410
410
410
410
410
410
410
179
262
816
410
106
347
255
410
410
167
1252
190
410
315
270
410
163
173
410
122
410
197
196
199
144
370
203
410
410
181
410
410
225
410
410
148
410
410
410
114
121
177
410
205
410
410
264
410
410
410
157
410
410
410
410
207
410
227
106
410
109
146
410
410
410
154
383
410
213
410
169
410
410
410
223
410
410
410
410
169
410
151
410
215
410
138
410
410
410
410
410
410
410
164
410
410
410
538
329
410
205
410
193
125
410
133
410
410
166
410
410
410
210
410
123
159
263
139
410
162
250
410
410
410
304
222
127
410
121
410
410
145
2840
410
1139
410
198
205
169
410
410
176
410
114
1934
410
845
199
162
113
410
410
410
410
410
410
102
410
410
256
125
410
223
313
169
102
151
161
410
410
202
203
409
187
116
281
410
114
127
410
410
171
410
171
410
410
221
102
410
410
119
178
410
410
410
195
410
410
410
410
122
410
410
410
206
115
410
410
195
410
410
410
179
410
198
193
410
184
191
253
410
410
258
306
410
218
410
187
410
410
118
410
410
130
410
131
115
410
410
216
280
410
118
410
194
194
410
410
410
246
181
179
410
410
147
410
410
198
270
410
149
410
410
410
124
410
410
410
157
840
466
361
410
410
205
196
410
410
171
410
219
410
118
410
410
150
410
410
466
177
213
410
243
111
410
410
410
137
346
154
102
410
132
410
105
145
156
410
168
410
410
144
410
126
410
154
410
123
410
410
410
410
769
228
107
410
410
410
335
110
102
238
561
410
410
410
182
229
106
410
410
410
135
281
219
161
410
149
144
200
410
410
410
410
1294
410
410
410
410
177
410
169
410
128
216
261
410
410
410
112
410
135
183
410
144
884
410
247
410
410
410
169
410
339
164
410
410
410
299
410
410
162
410
202
410
410
410
214
410
410
410
410
462
410
160
410
410
201
410
171
342
209
165
410
342
1902
327
258
410
173
250
410
410
410
410
410
119
136
410
410
410
191
132
185
410
410
410
410
410
121
410
110
410
410
1664
410
410
339
111
338
410
410
380
442
1080
723
410
137
410
211
410
163
112
232
410
193
410
410
410
111
410
255
193
697
774
410
410
117
228
410
410
185
484
410
271
105
410
2387
410
410
297
288
259
410
102
184
169
410
199
223
410
262
410
210
410
215
149
177
410
410
179
410
410
148
113
410
223
410
177
172
187
203
410
410
410
410
410
105
102
845
154
173
410
410
217
215
410
410
410
410
410
410
410
410
189
210
274
139
410
410
410
155
410
410
410
119
410
182
410
410
410
410
410
410
453
410
113
335
221
305
588
230
410
410
119
410
410
110
410
247
219
410
410
410
196
202
410
249
410
410
106
410
192
195
268
410
410
114
410
924
138
410
410
138
410
410
217
410
410
410
410
410
195
251
410
279
410
214
410
410
104
410
410
142
410
410
410
410
410
192
158
140
301
455
410
378
410
1213
410
187
410
102
105
410
201
410
286
410
410
410
200
410
410
114
410
410
426
410
410
410
108
410
410
410
410
410
331
410
410
417
410
410
410
410
1137
236
410
410
113
186
410
239
410
410
410
132
113
410
122
224
410
410
221
135
156
410
410
410
410
105
354
410
339
410
410
231
410
115
252
204
410
410
410
240
330
224
3210
128
410
252
207
410
129
410
410
209
302
163
410
410
410
194
204
410
410
266
410
410
410
341
410
410
199
218
410
410
410
197
410
186
410
111
221
410
410
410
139
139
410
410
410
410
147
410
410
247
278
410
1497
410
410
410
410
410
188
213
227
251
410
410
410
410
175
410
1585
410
410
410
167
410
139
185
104
660
410
221
410
410
410
410
231
410
410
410
410
351
410
102
183
177
281
410
410
410
410
410
410
204
410
410
410
410
379
410
220
200
410
864
142
410
410
410
118
410
399
410
212
410
146
237
410
138
177
410
211
410
410
553
140
410
410
1146
410
102
410
410
103
410
410
111
171
333
308
152
410
2070
410
186
410
410
410
410
185
410
410
125
410
410
410
410
319
410
410
207
410
410
410
233
122
410
121
410
349
410
410
410
410
345
151
255
186
410
410
410
193
410
237
102
1049
154
410
410
410
410
118
410
246
201
156
214
410
131
461
102
410
410
114
410
410
247
109
410
110
410
254
410
410
410
185
167
170
144
410
410
410
410
410
410
195
174
278
410
156
410
410
410
410
410
126
410
105
410
410
183
410
410
410
410
213
410
158
154
341
410
410
410
410
410
410
191
410
187
119
410
410
410
410
410
410
410
189
410
102
223
410
135
511
175
410
220
410
657
410
276
410
144
410
410
142
410
124
410
163
410
410
147
207
191
166
425
410
223
410
410
410
410
410
410
410
410
164
410
410
410
410
483
410
410
180
214
410
410
410
410
410
410
410
189
410
410
410
410
410
239
410
410
224
171
410
123
159
410
410
410
153
410
410
410
410
102
159
410
410
102
228
410
154
410
128
146
199
410
410
410
410
410
295
410
142
410
410
410
108
410
167
248
206
410
410
410
410
410
428
274
410
207
315
410
410
1080
628
148
241
410
410
215
182
105
362
410
410
410
410
134
410
425
410
168
410
425
202
209
182
611
232
410
163
410
639
410
410
141
410
410
410
410
410
410
410
179
192
479
128
112
410
410
218
410
426
410
410
410
510
410
410
176
196
410
410
127
410
410
410
102
130
263
410
410
229
410
410
410
410
174
167
210
178
410
153
268
123
410
133
410
296
286
410
282
426
410
410
208
235
410
1803
410
157
410
102
410
410
102
410
410
410
410
415
410
410
410
410
158
410
249
218
410
410
184
216
410
410
126
410
410
192
155
238
125
166
143
121
1089
410
410
410
132
410
410
180
326
757
410
322
216
410
108
410
272
102
410
410
410
410
410
410
410
410
169
180
168
210
175
410
410
410
108
410
410
410
410
410
116
410
2781
107
102
226
161
410
410
351
105
174
410
410
711
410
202
202
410
410
194
102
410
410
410
410
191
108
258
410
102
410
410
821
410
410
410
410
136
198
410
124
226
132
410
410
213
223
256
410
410
410
292
410
410
410
357
410
188
410
141
410
410
164
410
154
171
165
410
168
173
223
410
281
410
228
410
410
182
149
410
251
162
410
410
410
410
203
181
112
410
181
148
410
410
410
483
410
203
410
410
410
214
410
207
202
410
410
410
265
410
410
123
355
187
235
410
110
410
385
410
410
235
410
138
410
410
410
410
139
102
186
410
102
410
410
410
410
410
138
102
304
111
410
410
410
410
248
410
202
410
166
207
410
410
443
410
410
117
104
410
102
410
171
410
190
332
410
262
286
169
173
410
410
192
410
179
632
184
410
410
410
186
410
558
282
370
321
221
230
410
301
202
221
251
410
410
144
410
115
120
141
221
106
263
161
410
210
410
208
410
410
410
410
410
410
290
410
111
205
124
185
410
410
410
410
119
410
410
185
410
167
410
174
149
410
420
410
633
410
111
410
410
410
410
410
410
410
410
410
118
410
1407
410
410
277
410
410
370
410
410
160
410
114
152
410
410
410
410
410
131
211
239
109
123
194
410
410
410
410
410
410
102
410
102
410
410
190
134
410
410
410
217
410
195
197
209
212
102
410
410
410
410
410
147
106
410
410
136
410
181
212
410
410
410
216
410
244
228
410
410
1325
410
402
410
410
410
410
203
410
410
410
323
148
280
410
410
1404
410
410
410
410
410
410
410
158
522
410
245
410
320
410
410
588
102
410
410
173
410
410
410
410
410
160
410
410
410
410
410
410
410
410
133
267
410
151
158
114
257
158
410
410
410
410
245
162
102
392
410
104
410
410
410
410
259
410
410
204
410
410
118
410
410
255
410
410
410
409
410
410
410
180
148
215
410
410
410
410
108
192
475
410
178
410
410
102
410
410
410
232
410
410
410
410
262
284
410
410
204
410
172
217
294
410
212
410
410
410
410
410
248
175
105
168
410
410
410
410
410
410
410
410
410
289
204
410
176
189
410
410
410
410
183
410
410
1285
218
410
188
249
410
410
410
105
410
120
186
194
410
410
410
141
410
410
410
102
315
410
410
410
185
187
185
410
410
410
410
410
116
410
410
157
410
410
410
329
202
410
385
410
410
442
102
410
118
198
410
410
410
410
410
410
410
410
410
252
213
282
204
410
120
410
410
410
410
188
225
410
410
240
410
410
705
410
410
111
410
188
410
410
410
168
410
410
131
410
110
410
282
143
410
410
293
149
410
410
164
162
389
182
155
159
410
410
410
410
174
102
410
192
410
410
410
410
410
410
410
410
410
188
410
116
1462
455
410
157
410
410
187
193
410
133
410
410
410
410
410
410
116
410
410
410
410
410
153
124
113
410
155
109
191
192
521
410
410
410
389
410
141
410
410
123
410
2936
410
529
410
206
410
410
410
410
176
315
157
251
403
125
410
410
410
410
410
410
170
410
410
410
410
410
410
182
225
235
105
410
545
410
410
410
410
275
155
542
116
274
156
212
410
410
410
156
410
410
194
293
410
113
410
197
410
410
410
410
112
410
410
410
102
130
410
179
158
313
410
410
112
180
410
188
133
410
258
237
333
159
410
230
410
166
410
410
139
410
102
410
410
193
113
200
410
187
262
410
410
400
213
410
410
190
410
410
410
442
121
251
178
410
169
410
192
183
410
410
276
492
410
135
115
410
410
410
410
410
410
410
132
410
270
258
410
410
410
410
410
104
410
410
410
410
410
215
410
410
410
410
410
410
410
145
410
222
410
410
181
410
410
410
410
410
410
155
253
150
308
410
467
410
191
410
106
410
410
410
410
166
410
410
167
410
410
410
410
410
108
410
250
410
410
410
193
410
142
410
111
410
272
237
173
410
410
410
161
124
246
410
126
108
410
410
410
410
155
410
410
410
282
146
410
410
251
410
410
410
410
410
174
410
410
410
199
126
410
203
145
410
110
184
349
362
410
328
410
116
410
106
410
130
410
410
1745
410
284
215
190
410
142
203
410
166
410
410
410
410
188
410
410
1549
410
410
198
143
102
410
410
196
410
410
410
410
410
410
410
410
410
410
120
410
410
410
201
410
410
596
410
205
153
410
209
410
135
410
203
410
399
410
410
213
410
410
410
211
153
410
314
410
410
410
410
410
410
148
410
410
246
219
102
410
163
410
218
410
410
410
169
410
410
180
336
410
102
164
156
410
410
104
410
410
140
102
410
410
410
410
149
410
410
410
410
410
410
400
222
410
410
178
410
410
140
410
410
410
410
268
410
143
410
410
172
158
410
410
224
202
131
410
410
281
410
410
410
106
129
109
410
116
410
410
410
102
410
410
102
195
171
410
410
410
410
149
410
410
410
102
187
611
410
155
410
410
410
114
160
410
410
410
112
410
716
410
410
165
410
410
410
410
410
410
112
410
410
410
410
198
410
178
410
410
410
233
410
410
236
410
410
340
124
410
126
410
410
211
410
410
410
111
410
137
410
410
199
132
410
182
251
167
102
410
410
410
410
410
410
113
410
136
410
410
117
115
132
410
256
168
198
247
410
168
136
410
410
931
410
410
174
1216
204
410
102
410
410
262
410
410
180
410
211
410
410
410
410
114
221
410
145
410
410
396
410
410
186
410
282
261
410
118
410
410
410
410
151
173
119
410
175
102
282
115
410
410
410
441
410
197
410
410
410
410
104
410
410
383
410
410
154
117
253
217
410
410
410
410
410
410
410
410
410
161
628
109
410
410
410
183
117
410
410
126
410
163
410
265
182
313
410
410
410
118
410
145
147
258
262
188
410
410
410
132
165
410
410
410
410
410
120
399
376
410
410
241
185
106
410
410
102
410
564
410
161
410
213
410
410
410
251
205
410
191
203
410
410
410
410
410
410
410
410
157
123
159
410
410
108
398
410
237
252
410
410
604
132
410
410
410
171
375
410
410
154
106
410
193
410
410
304
410
410
263
410
167
410
410
410
410
410
410
932
410
410
410
410
243
410
410
410
410
291
116
202
251
410
410
258
410
410
410
410
410
133
410
410
242
410
410
410
167
410
410
410
410
227
227
410
410
410
201
234
215
246
410
410
410
410
410
410
410
215
410
410
126
410
209
410
410
410
102
206
410
410
189
410
410
154
410
410
242
236
410
410
410
410
410
257
184
410
185
230
410
178
108
410
171
252
547
410
410
410
147
492
102
201
410
410
410
171
236
410
410
148
410
410
410
175
410
410
410
227
410
172
410
410
410
410
410
410
122
102
410
203
410
410
410
109
410
410
410
410
410
176
390
208
410
410
410
237
410
410
211
410
410
410
410
410
488
133
410
410
246
410
410
410
102
410
410
410
410
448
410
141
410
410
118
410
410
410
106
410
410
197
102
410
410
410
410
172
449
185
185
410
410
284
410
410
183
410
410
410
410
410
498
234
125
410
107
410
410
161
410
410
410
132
111
410
410
410
410
308
315
410
410
410
110
410
189
406
106
213
410
410
410
270
410
327
410
221
410
410
410
410
410
124
410
208
410
123
410
410
161
410
138
410
410
194
126
410
166
220
183
329
122
198
410
410
263
410
410
149
410
410
410
102
410
135
410
410
410
410
172
410
410
111
410
410
131
410
410
410
410
410
410
410
410
208
410
410
113
410
410
410
102
410
410
410
410
410
538
410
296
410
410
149
163
102
193
410
410
129
410
162
151
410
263
1091
410
410
410
410
167
410
410
410
410
228
410
410
410
465
238
177
103
410
410
410
410
410
202
119
410
249
776
410
119
410
284
102
410
191
190
102
410
157
410
410
177
262
410
410
410
410
410
410
410
410
410
410
410
410
410
410
410
410
410
410
410
194
102
103
410
410
410
410
113
410
410
149
185
244
410
410
110
410
410
214
410
410
191
160
239
268
410
410
410
410
410
410
225
365
410
410
112
307
127
410
199
410
172
410
424
410
410
410
143
102
176
109
410
182
158
219
176
410
107
410
410
410
410
102
223
410
184
204
410
108
311
190
410
201
410
410
410
219
410
410
410
410
410
410
410
913
174
410
410
410
410
410
318
410
177
410
410
164
410
168
341
410
410
138
410
410
137
410
410
410
410
117
410
410
149
410
410
410
197
410
410
158
102
410
410
410
113
172
410
410
410
410
358
410
215
178
410
410
410
280
420
410
102
253
410
410
147
410
410
123
410
155
138
204
115
410
102
410
410
410
410
410
410
410
270
190
410
410
410
410
410
261
410
410
244
410
410
410
410
308
106
410
410
410
410
410
410
102
500
410
410
410
410
410
410
410
150
410
410
410
410
149
410
110
213
410
154
410
127
273
191
410
185
191
147
410
410
410
410
915
410
410
410
219
208
289
410
112
410
410
410
410
297
342
410
205
410
410
410
410
410
153
410
1990
1918
410
184
410
410
410
261
410
410
410
410
410
410
227
410
1349
158
410
141
115
410
192
410
248
410
120
235
203
410
152
410
410
410
801
410
219
102
410
410
129
200
410
410
410
410
410
410
410
410
410
228
410
410
410
140
410
201
410
251
274
410
410
410
204
410
410
113
410
410
410
186
410
410
410
410
410
135
154
410
410
410
410
410
410
410
134
410
102
180
410
410
410
347
157
177
410
410
131
410
410
279
410
410
410
410
410
202
410
220
410
410
410
410
410
410
102
162
410
335
190
410
410
410
410
410
356
410
410
230
410
410
410
410
251
410
216
410
410
178
410
410
410
410
177
268
410
410
410
410
410
108
410
424
363
410
410
410
410
410
410
197
189
410
197
410
258
189
410
410
410
410
442
410
410
410
410
410
410
410
134
410
410
117
410
410
410
410
129
410
168
410
410
158
276
410
637
254
410
410
410
236
218
415
410
410
410
162
410
410
410
410
410
410
206
410
410
410
116
410
109
410
410
199
187
410
410
410
410
410
410
410
571
410
410
410
410
410
410
180
194
410
410
287
410
410
140
125
410
410
410
410
410
410
410
410
237
410
410
410
196
279
410
410
102
289
127
410
410
410
410
410
410
116
410
410
410
102
139
410
134
410
410
410
410
410
410
216
410
114
410
410
410
410
242
222
233
410
410
410
410
410
199
410
410
290
477
258
410
410
410
410
110
195
410
410
410
140
410
120
410
149
410
410
410
217
243
410
410
2020
410
410
410
410
410
410
102
281
124
180
410
410
410
136
410
410
410
410
410
195
410
173
410
242
211
410
410
410
159
410
172
410
419
410
293
118
410
410
127
265
125
410
247
198
410
410
410
410
410
214
410
410
103
410
410
651
410
634
345
410
410
410
102
410
410
410
153
410
244
410
264
151
410
972
158
321
113
410
410
137
251
410
410
248
104
410
410
493
410
410
410
410
148
410
410
410
211
128
410
410
410
410
102
410
410
205
410
218
220
257
410
260
184
410
159
1047
410
410
410
410
410
410
410
410
410
410
410
410
410
410
410
215
208
410
410
138
410
410
121
410
216
410
410
206
118
410
410
410
410
102
410
202
410
1481
161
406
282
410
410
410
410
410
410
410
102
410
410
102
410
410
144
304
259
215
410
109
234
410
286
410
170
410
410
410
410
154
410
123
235
410
222
135
410
410
410
410
430
410
410
410
410
410
410
410
410
444
410
410
410
410
410
136
410
410
410
410
410
410
410
410
341
118
410
323
188
410
410
410
410
410
410
410
324
128
410
261
410
410
216
410
102
410
245
410
410
410
410
230
177
132
410
410
410
410
410
410
410
260
102
234
256
184
410
155
410
410
410
410
410
410
410
410
238
161
410
410
410
205
1165
174
204
410
410
201
207
117
410
222
410
410
410
410
410
410
116
410
410
410
208
410
274
233
410
410
410
410
410
410
138
410
410
410
410
410
162
410
410
410
410
410
410
410
423
278
272
410
255
154
103
410
133
218
109
410
410
410
231
410
190
137
185
212
410
102
126
410
410
410
410
225
140
159
410
410
410
410
134
107
167
410
486
126
150
410
410
486
410
410
104
410
151
410
410
410
410
410
410
246
167
410
410
410
410
410
410
410
410
111
410
224
123
217
410
203
410
410
410
410
472
410
224
269
227
410
212
410
410
115
410
330
410
410
410
410
110
410
410
309
410
410
138
410
410
256
410
2270
410
410
410
410
410
143
410
142
420
297
410
208
410
410
410
410
113
410
410
121
410
410
410
136
410
410
410
124
410
410
1675
410
410
410
410
410
184
410
410
410
410
410
410
410
349
410
401
410
410
410
410
292
410
410
816
410
188
410
410
410
410
410
410
410
410
410
410
410
161
116
410
116
410
410
410
410
410
410
410
410
410
410
120
410
410
410
597
316
410
410
159
410
178
192
177
410
410
410
410
410
410
410
410
410
410
410
410
197
410
410
410
170
124
410
243
410
159
410
273
246
410
135
179
209
410
410
260
203
298
410
128
410
410
410
109
410
142
410
217
410
222
212
410
410
410
132
410
142
138
410
149
410
410
808
186
410
410
213
202
410
410
150
410
410
410
410
160
410
410
410
122
410
139
410
410
106
117
410
202
410
410
410
144
410
410
410
410
410
1501
410
410
247
410
270
410
410
410
410
410
410
410
410
274
410
410
410
149
410
410
410
410
166
410
254
410
389
410
410
410
410
410
410
193
410
410
410
410
410
410
197
410
410
212
410
410
410
410
121
170
410
410
410
410
410
213
410
410
200
221
410
410
410
410
410
257
410
410
275
410
221
410
410
410
410
410
410
187
410
147
410
150
410
304
410
410
410
410
157
410
410
410
410
410
410
410
496
410
410
410
548
410
106
410
410
131
215
242
410
198
410
173
410
103
410
135
410
229
410
178
410
166
410
410
410
410
410
127
410
410
350
179
410
410
410
574
148
410
410
410
410
138
520
410
410
280
177
341
1146
410
410
109
410
410
410
107
410
410
138
410
410
410
410
410
873
410
410
410
410
410
410
410
291
213
410
410
410
410
410
410
410
239
231
179
165
129
410
372
410
132
410
204
410
410
410
410
410
410
410
410
410
237
410
102
410
410
410
410
410
410
183
410
410
410
410
231
410
107
119
410
335
410
410
410
410
410
410
410
410
187
211
410
410
167
209
410
410
410
410
410
183
410
410
410
280
281
410
410
410
410
113
410
239
410
185
410
665
410
410
410
182
132
410
125
410
410
168
410
410
110
410
113
410
410
410
129
410
410
1003
410
143
410
410
291
410
410
410
410
410
410
410
410
410
410
105
410
299
410
410
168
410
146
102
157
277
257
410
194
410
410
410
410
410
410
410
410
410
201
162
410
118
410
131
179
410
410
410
410
258
165
158
166
186
410
410
410
119
410
410
171
410
410
124
301
410
410
257
242
410
410
410
410
410
244
410
410
410
130
171
410
410
309
410
341
410
410
410
410
144
410
410
410
410
410
297
410
410
304
163
410
201
410
410
410
192
182
406
410
410
410
159
410
410
410
410
410
410
410
410
410
757
103
410
410
410
410
268
2420
410
1725
410
