353
385
383
330
330
377
304
327
317
282
317
330
327
369
407
353
357
320
356
492
303
425
318
340
325
379
309
294
297
410
345
295
367
326
364
314
352
349
293
322
343
334
345
333
300
360
299
327
316
331
286
352
367
284
323
309
328
308
323
335
384
332
326
288
326
324
303
331
306
330
361
310
328
305
299
357
300
299
315
304
420
344
357
331
331
460
338
328
335
317
264
306
326
306
344
292
319
292
315
276
312
357
287
310
517
307
352
362
312
318
306
330
297
344
283
332
365
332
286
373
330
310
355
315
322
330
326
299
279
294
381
279
292
352
338
333
298
311
256
249
364
344
312
305
292
314
309
260
358
305
370
335
391
516
293
327
322
283
317
352
343
306
314
339
343
324
286
336
282
277
294
321
277
294
328
328
280
534
298
306
331
274
300
295
321
340
297
455
293
293
286
300
315
305
286
314
330
315
247
266
289
343
310
320
306
311
294
346
317
346
352
320
278
342
294
300
284
316
314
294
305
319
296
335
259
271
274
265
299
310
287
337
253
273
288
275
292
278
277
352
322
311
284
315
271
284
389
326
335
312
296
350
305
317
304
376
286
283
289
278
310
289
322
327
282
251
368
306
259
275
336
269
272
249
330
321
264
292
282
315
282
269
342
317
284
299
328
293
317
309
272
279
324
313
331
306
341
252
267
280
237
265
269
283
318
252
282
286
302
254
325
256
309
250
302
300
288
268
264
304
285
296
271
291
281
300
253
317
274
313
306
246
309
281
310
296
284
317
296
316
267
261
271
286
281
270
264
352
304
259
303
309
300
313
291
292
268
267
297
287
383
272
270
345
291
292
285
290
265
290
291
300
319
288
285
300
258
260
290
277
261
344
292
294
268
250
326
314
280
331
265
278
270
306
305
285
313
278
321
244
294
290
580
280
339
287
286
260
280
294
274
327
307
268
278
281
308
315
257
397
321
279
307
285
295
297
295
246
324
315
300
250
272
303
296
313
300
286
283
274
292
238
355
302
298
263
336
289
293
272
278
290
282
271
287
243
222
320
330
252
300
267
273
296
242
252
242
249
298
256
259
290
280
282
289
288
290
309
302
292
250
285
302
319
310
288
283
249
245
314
236
284
235
272
308
255
272
260
263
256
348
305
327
285
263
276
293
290
268
260
429
285
303
293
295
290
261
245
240
288
277
265
275
262
253
292
265
268
258
277
251
224
341
295
272
237
321
311
298
257
252
323
292
238
264
269
293
282
275
263
285
296
275
226
254
283
291
312
261
296
233
266
286
295
296
239
265
297
256
303
258
276
295
308
250
269
291
273
287
267
295
273
273
282
256
292
261
261
263
260
318
232
300
245
312
269
261
338
289
261
267
325
366
254
260
302
231
308
239
239
278
266
244
275
265
267
259
254
305
290
275
257
291
281
261
237
253
260
261
275
243
300
258
289
252
255
255
269
252
288
270
243
306
256
258
239
232
250
272
247
270
277
274
272
239
255
292
256
306
271
355
285
290
231
240
336
262
226
258
242
271
349
285
264
592
271
273
248
297
237
287
281
259
227
307
246
265
295
248
292
292
271
277
275
283
234
223
267
279
258
285
244
263
283
252
266
257
224
258
254
245
232
221
283
344
298
249
249
263
306
233
295
289
251
280
275
257
261
262
257
281
267
260
262
309
247
257
272
276
251
249
262
256
241
227
260
255
241
284
279
275
278
260
236
244
293
268
237
285
254
275
240
253
292
278
275
242
244
273
247
271
280
264
246
296
258
220
258
239
274
270
247
287
261
232
294
272
268
267
259
281
228
272
267
249
250
261
242
252
253
246
272
256
254
272
294
283
259
226
260
245
255
259
266
230
246
286
249
272
279
237
243
257
260
258
277
259
265
298
252
279
243
232
289
283
257
242
267
274
314
254
262
251
258
263
249
286
237
237
255
240
289
236
260
274
267
260
262
238
233
229
238
253
255
262
238
252
267
243
276
309
258
283
263
277
243
309
253
274
251
227
225
294
250
230
227
240
265
270
266
291
255
239
240
277
232
248
218
254
244
256
239
267
244
269
271
255
278
216
255
297
245
261
268
259
286
264
276
274
231
279
231
256
251
280
230
257
269
288
226
238
225
247
246
272
272
250
299
238
223
253
262
292
250
300
214
277
257
248
225
240
223
235
236
225
261
249
250
299
237
266
225
277
263
283
285
256
278
262
230
233
249
250
274
245
227
234
228
249
236
252
240
288
270
259
321
228
238
236
287
273
241
230
252
264
255
290
206
231
230
235
249
243
228
247
243
288
234
246
208
211
223
259
237
259
274
209
250
216
211
240
265
225
267
251
231
250
206
262
232
245
235
233
249
238
215
232
245
253
257
211
253
208
236
231
244
250
239
236
256
239
246
266
270
237
266
277
241
234
258
216
222
233
262
255
263
252
215
305
209
257
220
248
228
281
205
234
240
306
234
261
239
284
274
237
234
281
240
254
234
297
241
267
242
230
232
226
225
221
209
325
264
229
238
239
283
211
216
242
216
227
250
227
283
263
224
232
207
207
247
217
267
234
217
264
251
244
253
200
226
231
202
234
342
237
242
216
296
240
252
225
214
245
318
217
209
242
227
233
223
232
209
216
270
222
258
239
213
206
244
234
234
245
244
211
225
222
203
240
241
205
248
205
214
216
244
222
231
220
222
200
223
216
237
258
198
220
220
200
257
238
260
226
227
268
214
222
254
219
215
199
245
210
253
238
220
237
213
245
261
219
222
218
224
281
283
229
213
225
263
198
260
223
271
229
253
234
197
270
210
243
205
248
243
214
225
247
205
241
231
210
205
260
203
214
215
234
209
197
228
201
248
224
235
261
212
206
213
232
209
244
197
198
250
234
209
244
242
264
211
235
224
205
221
246
216
218
214
220
222
194
192
227
233
233
208
245
213
231
223
212
261
206
336
229
214
230
223
189
217
225
273
245
228
244
224
236
201
207
215
244
242
216
221
224
257
226
237
208
218
223
203
250
212
249
218
241
238
183
212
229
252
218
259
208
245
231
236
218
214
261
219
226
245
223
227
258
202
223
221
224
213
232
219
219
196
199
190
221
235
278
216
228
254
228
250
238
219
245
189
203
245
208
231
252
208
208
204
215
208
257
221
197
226
253
257
216
230
197
202
216
214
210
198
242
206
215
212
189
245
194
236
220
246
220
272
188
214
217
188
212
240
214
189
215
247
197
212
185
236
236
178
213
205
210
242
181
220
200
202
203
231
213
212
258
203
235
186
283
221
229
216
210
186
197
192
251
186
186
211
210
244
197
194
216
207
226
190
277
212
335
216
273
216
192
219
189
211
224
198
280
195
195
209
215
225
164
180
214
237
211
212
205
208
204
203
218
222
223
192
231
209
233
204
180
216
200
223
214
214
195
233
197
181
220
211
196
205
210
191
190
188
217
212
246
235
208
227
180
180
197
178
231
197
195
211
210
203
212
212
207
230
161
209
216
224
227
217
179
224
245
198
201
187
196
197
212
208
241
199
190
192
212
248
203
204
210
202
209
240
177
236
211
184
209
209
247
199
216
199
222
202
195
185
199
210
195
182
210
207
211
193
227
237
224
193
190
195
208
238
195
208
188
198
201
203
252
187
176
195
179
188
208
200
206
191
195
194
206
206
215
198
167
185
218
190
223
212
222
222
176
179
183
172
212
218
187
190
213
182
195
196
212
214
192
195
226
219
250
249
200
201
193
191
208
215
191
226
212
197
211
193
159
214
266
178
184
210
196
195
192
209
220
219
212
206
166
225
188
189
192
189
249
197
180
203
206
204
194
189
190
212
219
181
195
189
219
178
180
172
196
196
188
166
232
189
193
181
168
210
223
190
177
203
198
197
180
184
219
199
197
222
184
165
197
230
206
173
198
195
227
201
176
191
234
203
192
189
189
232
221
179
229
192
174
193
200
190
195
183
214
198
190
190
181
218
214
221
172
180
197
197
186
159
190
202
205
183
177
184
163
190
195
229
189
181
176
216
216
195
241
340
185
186
196
204
189
180
194
199
181
168
225
183
181
176
185
196
201
185
187
204
191
161
199
173
184
184
193
173
145
149
172
177
181
197
164
211
159
186
163
186
188
185
217
203
175
200
171
197
177
170
167
231
196
184
170
172
225
169
187
181
176
193
188
166
155
166
157
201
180
183
188
197
170
170
166
176
174
171
248
172
169
158
165
202
174
162
156
167
184
166
194
200
194
175
212
161
214
218
178
190
195
189
187
254
206
177
177
202
173
187
177
186
199
194
156
166
182
150
185
163
184
184
197
160
167
178
180
174
159
185
158
154
177
178
175
177
159
173
224
181
174
155
171
168
182
172
182
199
143
202
166
185
159
201
184
166
172
166
167
188
166
161
184
168
198
172
194
207
171
177
208
189
158
199
158
196
168
187
198
177
158
205
160
155
168
165
164
190
211
190
161
209
176
164
178
195
184
163
165
172
121
159
148
201
161
176
179
185
156
165
191
163
172
164
173
145
150
186
192
204
176
198
150
165
165
183
172
193
169
179
177
169
155
146
160
176
185
140
160
162
186
165
155
173
156
152
144
154
180
167
167
182
162
176
152
136
139
158
173
162
155
183
148
162
183
158
141
188
200
190
165
185
182
151
163
161
180
153
177
168
168
181
160
163
167
178
144
160
155
178
165
171
183
158
159
166
157
185
144
160
210
151
156
183
162
136
176
154
159
161
177
150
148
159
202
168
136
158
173
189
162
166
162
168
212
176
136
162
185
161
197
150
193
161
147
161
156
170
148
155
143
159
140
146
150
138
146
148
148
136
177
127
124
153
192
176
153
150
144
174
157
139
168
158
139
162
142
172
153
149
148
177
156
173
138
151
120
173
142
188
153
128
165
160
156
133
141
143
175
105
160
132
170
134
174
139
198
179
84
153
166
171
231
162
131
163
155
127
169
153
151
146
159
165
132
148
150
151
164
147
164
171
161
159
149
153
160
171
171
141
172
130
165
153
141
145
146
168
137
152
136
152
189
215
153
154
169
113
159
163
171
153
199
162
147
150
138
166
155
148
100
134
143
138
151
155
189
154
99
143
155
111
161
145
138
169
153
142
161
156
138
148
151
147
135
142
164
157
144
158
161
143
146
173
133
137
148
146
161
173
138
69
172
140
168
139
138
143
125
139
141
121
128
132
149
97
140
162
113
169
127
155
144
119
132
135
149
144
111
125
143
127
154
150
206
164
156
134
132
125
139
140
188
147
116
171
131
128
140
138
129
82
148
140
137
146
139
133
139
143
152
152
136
215
152
131
128
125
96
132
141
158
256
142
150
85
142
142
128
151
153
133
133
129
150
98
103
121
128
134
128
134
111
256
68
256
147
128
131
82
151
132
132
139
129
137
127
75
144
78
136
133
128
139
154
136
147
128
144
123
159
129
138
134
162
149
74
132
134
134
134
160
237
143
113
135
141
124
113
150
127
140
161
148
164
128
129
164
256
134
106
119
110
148
100
139
128
165
118
99
151
129
119
137
256
123
143
256
83
119
170
119
116
121
127
143
139
116
133
139
256
101
123
121
115
140
146
119
196
122
128
140
141
124
130
120
112
136
146
119
128
114
121
134
132
146
124
142
118
128
153
149
137
115
130
74
113
129
97
131
128
71
130
128
125
146
107
138
98
103
110
112
123
110
117
144
126
105
141
130
129
256
112
133
109
101
256
110
120
256
69
123
98
149
127
125
105
256
120
123
134
130
102
110
100
138
129
109
147
126
107
256
113
256
64
114
135
157
134
91
164
91
139
87
127
66
142
121
256
256
256
99
106
112
256
114
153
256
122
110
132
122
68
113
73
256
98
111
130
129
98
109
134
256
122
114
121
158
135
256
98
109
102
99
112
127
66
80
117
152
256
129
143
136
94
134
103
124
111
76
127
115
106
79
66
94
89
110
74
113
256
74
136
121
103
119
128
97
256
80
66
116
115
107
256
65
82
105
256
74
122
122
83
123
123
256
256
116
74
125
115
128
84
110
125
86
256
256
256
65
121
80
99
112
97
256
113
256
83
76
97
98
91
83
256
256
256
256
88
126
134
96
98
136
256
126
126
79
127
84
98
112
94
129
120
64
109
138
125
91
100
120
120
74
117
110
122
126
113
105
110
102
89
256
256
256
122
80
256
256
110
113
140
256
130
107
85
256
212
256
256
256
75
64
104
114
256
114
256
80
114
123
113
103
100
256
75
114
73
256
256
256
116
107
256
91
85
256
118
256
118
84
82
85
103
116
65
256
127
256
256
256
256
70
106
256
256
112
207
256
103
72
117
79
256
256
256
132
78
107
104
256
84
97
256
79
122
256
256
97
99
90
75
105
109
84
256
256
140
77
104
256
256
115
256
118
79
256
256
256
256
256
256
106
93
92
96
91
85
256
109
256
256
69
91
256
256
73
72
108
91
256
109
256
256
117
116
81
108
99
102
105
256
64
256
256
256
256
80
256
122
73
256
256
256
113
87
256
120
256
129
83
95
86
67
112
256
80
115
256
256
64
256
256
115
256
91
72
256
105
91
256
256
100
256
256
92
256
256
73
256
256
256
124
73
92
256
93
71
71
66
256
256
64
77
66
64
90
256
256
256
256
256
256
256
109
256
256
256
256
256
256
256
256
68
256
256
65
94
103
122
65
256
64
256
64
256
256
256
256
256
256
135
256
256
90
67
256
256
66
256
256
256
256
64
64
256
115
256
256
256
256
100
256
256
256
80
110
123
256
103
256
116
256
256
256
256
256
256
79
75
256
97
94
256
256
67
256
111
256
114
256
111
256
256
91
256
256
99
84
256
256
64
256
256
256
84
65
118
68
67
67
256
64
106
105
68
256
256
78
65
256
256
108
256
256
110
256
256
256
256
256
256
256
256
74
256
256
74
256
256
256
256
256
256
64
77
72
91
79
100
256
84
256
256
256
74
256
256
256
75
256
256
90
256
71
256
256
256
80
70
106
82
256
256
256
256
256
256
256
103
256
256
256
72
79
256
256
256
256
256
87
112
256
256
104
89
256
256
256
256
92
107
256
256
256
71
77
256
256
256
103
256
256
256
64
256
70
256
256
91
64
71
84
256
256
256
256
256
256
256
256
256
256
256
114
75
256
96
256
256
256
80
256
256
256
67
64
256
256
256
256
256
256
256
256
256
65
256
256
93
88
256
256
89
256
256
256
73
70
256
256
256
256
256
256
256
256
256
256
64
256
88
256
256
64
100
256
256
256
256
256
256
256
256
64
256
256
256
256
256
256
256
256
256
256
256
256
256
256
256
256
256
256
84
256
256
256
256
256
256
71
256
256
256
67
65
256
256
256
256
256
256
88
256
67
256
256
256
256
96
256
89
256
256
256
256
256
256
256
256
256
64
256
256
256
107
256
256
69
256
256
256
64
256
112
256
117
256
256
256
256
256
256
64
256
256
256
256
256
256
256
256
69
256
256
256
256
256
256
256
256
256
256
256
256
256
256
73
256
84
70
256
88
90
100
256
256
256
256
256
256
256
256
256
256
256
256
256
256
256
256
256
256
256
130
256
256
73
109
256
256
72
256
64
256
256
256
256
256
256
256
256
256
81
256
256
256
256
256
256
256
256
256
256
79
256
256
256
256
256
66
256
256
256
256
256
256
256
256
256
256
256
256
256
256
256
256
256
256
256
256
256
256
256
256
256
256
256
256
256
256
256
87
256
82
256
256
256
256
256
256
256
256
79
256
256
256
256
256
256
256
256
256
256
256
256
256
256
256
256
256
256
256
256
256
256
86
256
256
256
256
256
256
74
66
256
256
256
256
256
74
73
256
256
256
256
256
256
256
119
256
256
256
256
256
86
256
256
256
256
74
96
64
256
256
256
256
256
256
256
256
256
256
256
256
256
256
256
256
256
256
256
256
188
256
256
256
256
110
64
256
256
256
81
256
256
256
256
256
256
256
256
256
256
256
256
256
256
256
256
256
256
256
256
256
256
256
256
256
256
256
256
256
256
256
256
256
256
256
256
256
256
74
256
256
256
256
256
256
256
256
256
256
256
256
256
256
256
256
256
256
256
256
256
256
256
256
256
256
256
256
256
256
256
256
256
256
256
79
256
256
82
256
256
256
256
256
256
256
256
256
67
256
256
256
256
256
256
256
256
256
256
256
256
256
97
256
256
256
256
256
256
256
256
256
256
256
256
77
256
256
256
256
256
256
256
256
256
256
256
256
256
256
256
256
256
256
256
256
256
256
256
256
256
256
74
256
256
256
256
256
95
256
256
256
256
256
256
256
256
256
256
256
256
256
256
256
256
256
80
256
256
256
256
256
256
256
256
256
256
256
256
256
256
256
256
256
256
256
256
256
256
256
256
256
256
256
256
256
256
256
256
256
256
256
256
256
256
256
256
256
256
256
256
256
256
256
256
256
256
256
256
256
256
256
256
256
256
256
256
256
256
256
256
256
256
256
256
256
256
256
256
256
256
256
256
256
256
256
256
256
256
256
256
64
256
256
256
256
256
256
256
256
256
256
256
256
256
256
256
256
256
256
256
256
256
256
256
256
256
256
256
256
256
256
256
256
256
256
256
256
256
256
256
256
256
256
256
256
256
256
256
256
256
256
256
256
256
256
256
256
256
256
256
256
256
256
256
256
256
256
256
256
256
64
256
256
256
256
256
256
256
256
256
256
256
256
256
256
256
256
256
256
256
256
77
256
256
256
256
256
256
256
256
256
256
256
256
256
256
256
256
256
256
256
256
256
256
256
256
256
256
256
256
256
256
161
256
256
256
256
256
64
256
256
256
256
256
256
256
256
256
256
256
256
256
256
256
256
256
256
256
256
256
256
256
256
256
256
256
256
256
256
256
256
256
256
256
256
256
256
256
256
256
256
256
256
256
64
256
256
256
256
256
256
256
256
256
256
256
256
256
64
256
256
256
256
256
256
256
256
256
256
256
256
256
256
256
114
256
256
256
256
256
256
256
256
256
256
256
256
256
256
256
256
256
256
256
256
256
256
256
256
256
256
256
256
256
256
256
256
256
256
256
256
256
256
256
256
256
256
256
256
256
256
256
256
256
256
256
256
256
256
256
256
256
256
256
256
256
256
256
256
256
256
256
256
256
256
256
256
256
256
256
256
256
256
256
256
256
256
256
256
256
256
256
256
256
256
256
256
256
256
256
256
256
256
256
256
256
256
256
256
256
256
256
256
256
256
256
256
256
256
256
256
256
256
256
256
256
256
256
256
256
256
256
256
256
256
256
256
256
256
256
256
256
256
256
256
256
256
256
256
256
256
256
256
256
256
256
256
256
256
256
256
67
256
256
256
256
256
256
256
256
256
256
256
256
256
256
256
256
256
256
256
256
256
256
256
256
256
256
79
256
256
256
256
256
256
256
256
256
256
80
256
256
256
256
256
256
256
256
256
256
256
256
256
256
256
256
256
256
256
256
256
256
256
256
256
256
256
256
256
256
256
256
256
256
256
256
256
256
256
256
256
256
256
256
256
256
256
256
256
256
256
256
256
256
256
256
256
256
256
256
256
256
256
256
256
256
256
256
256
256
256
256
256
256
256
256
256
256
256
256
256
256
256
256
256
256
256
256
256
256
256
256
256
256
256
256
256
256
256
256
256
256
256
256
256
256
256
256
256
256
256
256
256
256
256
256
256
256
256
256
256
256
256
256
256
256
256
256
256
256
256
256
256
256
256
64
256
256
256
256
256
256
256
256
256
256
256
256
256
256
256
256
256
256
256
256
256
256
256
256
256
256
256
256
256
256
256
256
256
256
256
256
256
256
256
256
256
256
256
256
256
256
256
256
256
256
256
256
256
256
256
256
256
256
256
256
256
256
256
256
256
256
256
256
256
256
256
256
256
256
256
256
256
256
256
256
256
256
256
256
256
256
256
256
256
256
256
256
256
256
256
256
256
256
256
256
256
256
256
256
256
256
256
256
256
256
256
256
256
256
256
256
256
256
256
256
256
256
256
256
256
256
256
256
256
256
256
256
256
256
256
256
256
256
256
256
256
256
256
256
256
256
256
256
256
256
256
256
256
256
256
256
256
256
256
256
256
256
256
256
256
256
256
256
256
256
256
256
256
256
256
256
256
256
256
256
256
256
256
256
256
256
256
256
256
256
256
256
256
256
256
256
256
256
256
256
256
256
256
256
256
256
256
256
256
256
256
256
256
256
256
256
256
256
256
256
256
256
256
256
256
256
256
256
256
256
256
256
256
256
256
256
256
256
256
256
256
256
256
256
256
256
256
256
256
256
256
256
256
256
256
256
256
256
256
256
256
256
256
256
256
256
256
256
256
256
256
256
256
256
256
256
256
256
256
256
256
256
256
256
256
256
256
256
256
256
256
256
256
256
256
256
256
256
256
256
256
256
256
256
256
256
256
256
256
256
256
256
256
256
256
256
256
256
256
256
256
256
256
256
256
256
256
256
256
256
256
256
256
256
256
256
256
256
256
256
256
256
256
256
256
256
256
256
256
256
256
256
256
256
256
256
256
256
256
256
256
256
256
256
256
256
256
256
256
256
256
256
256
256
256
256
256
256
256
256
256
256
256
256
256
256
256
256
256
256
256
256
256
256
256
256
256
256
256
256
256
256
256
256
256
256
256
256
256
256
256
256
256
256
256
256
256
256
256
256
256
256
256
256
256
256
256
256
256
256
256
256
256
256
256
256
256
256
256
256
256
256
256
256
256
256
256
256
256
256
256
256
256
256
256
256
256
256
256
256
256
256
256
256
256
256
256
256
256
256
256
256
256
256
256
256
256
256
256
256
256
256
256
256
256
256
256
256
256
256
256
256
256
256
256
256
256
256
256
256
256
256
256
256
256
256
256
256
256
256
256
256
256
256
256
256
256
256
256
256
256
256
256
256
256
256
256
256
256
256
256
256
256
256
256
256
256
256
256
256
256
256
256
256
256
256
256
256
256
256
256
256
256
256
256
256
256
256
256
256
256
256
256
256
256
256
256
99
256
256
256
256
256
256
256
256
256
256
256
256
256
108
256
256
256
256
256
256
256
256
256
256
256
256
256
256
256
256
256
256
256
256
256
256
256
256
256
256
256
256
256
256
256
256
256
256
256
256
256
256
256
256
256
256
256
256
256
256
256
256
256
256
256
256
256
256
256
256
256
256
256
256
256
256
256
256
256
256
256
256
256
256
256
256
256
256
256
70
256
256
256
256
256
256
256
256
256
256
256
256
256
256
256
256
256
256
256
256
256
256
256
256
256
256
256
256
256
256
256
256
256
256
256
256
256
256
256
256
256
256
256
256
256
256
256
256
256
256
256
256
256
256
256
256
256
256
256
256
256
256
256
256
256
256
256
256
256
256
256
256
256
256
256
256
256
256
256
256
256
256
256
256
256
256
256
256
256
256
256
256
256
256
256
256
256
256
256
256
256
256
256
256
256
256
256
256
256
256
256
256
256
256
256
256
256
256
256
256
256
256
256
256
256
256
256
256
256
256
256
256
256
256
256
256
256
256
256
256
256
256
256
256
256
256
256
256
256
256
256
256
256
256
256
256
256
256
256
256
256
256
256
256
256
256
256
256
256
256
256
256
256
256
256
256
256
256
256
256
256
256
256
256
256
256
256
256
256
256
256
256
256
256
256
256
256
256
256
256
256
256
256
256
256
256
256
256
256
256
256
256
256
256
256
256
256
256
256
256
256
256
256
256
256
256
256
256
256
256
256
256
256
256
256
256
256
256
256
256
256
256
256
256
256
256
256
256
256
256
256
256
256
256
256
256
256
256
256
256
256
256
256
256
256
256
256
256
256
256
256
256
256
256
256
256
256
256
256
256
256
256
256
256
256
256
256
256
256
256
256
256
256
256
256
256
256
256
256
256
256
256
256
256
256
256
256
256
256
256
256
256
256
256
256
256
256
256
256
256
256
256
256
256
256
256
256
256
256
256
256
256
256
256
256
256
256
256
256
256
256
256
256
256
256
256
256
256
256
256
256
256
256
256
256
256
256
256
256
256
256
256
256
256
256
256
256
256
256
256
256
256
256
256
256
256
256
256
256
256
256
256
256
256
256
256
256
256
256
256
256
256
256
256
256
256
256
256
256
256
256
256
256
256
256
256
256
256
256
256
256
256
256
256
256
256
256
256
256
256
256
256
256
256
256
256
256
256
256
256
256
256
256
256
256
256
256
256
256
256
256
256
256
256
256
256
256
256
256
256
256
256
256
256
256
256
256
256
256
256
256
256
256
256
256
256
256
256
256
256
256
256
256
256
256
256
256
256
256
256
256
256
256
256
256
256
256
256
256
256
256
256
256
256
256
256
256
256
256
256
256
256
256
256
256
256
256
256
256
256
256
256
256
256
256
256
256
256
256
256
256
256
256
256
256
256
256
256
256
256
256
256
256
256
256
256
256
256
256
256
256
256
256
256
256
256
256
256
256
256
256
256
256
256
256
256
256
256
256
256
256
256
256
256
256
256
256
256
256
256
256
256
256
256
256
256
256
256
256
256
256
256
256
256
256
256
256
256
256
256
256
256
256
256
256
256
256
256
256
256
256
256
256
256
256
256
256
256
256
256
256
256
256
256
256
256
256
256
256
256
256
256
256
256
256
256
256
256
256
256
256
256
256
256
256
256
256
256
256
256
256
256
256
256
256
256
256
256
256
256
256
256
256
256
256
256
256
256
256
256
256
256
256
256
256
256
256
256
256
256
256
256
256
256
256
256
256
256
256
256
256
256
256
256
256
256
256
256
256
256
256
256
256
256
256
256
256
256
256
256
256
256
256
256
256
256
256
256
256
256
256
256
256
256
256
256
256
256
256
256
256
256
256
256
256
256
256
256
256
256
256
256
256
256
256
256
256
256
256
256
256
256
256
256
256
256
256
256
256
256
256
256
256
256
256
256
256
256
256
256
256
256
256
256
256
256
256
256
256
256
256
256
256
256
256
256
256
256
256
256
256
256
256
256
256
256
256
256
256
256
256
256
256
256
256
256
256
256
256
256
256
256
256
256
256
256
256
256
256
256
256
256
256
256
256
256
256
256
256
256
256
256
256
256
256
256
256
256
256
256
256
256
256
256
256
256
256
256
256
256
256
256
256
256
256
256
256
256
256
256
256
256
256
256
256
256
256
256
256
256
256
256
256
256
256
256
256
256
256
256
256
256
256
256
256
256
256
256
256
256
256
256
256
256
256
256
256
256
256
256
256
256
256
256
256
256
256
256
256
256
256
256
256
256
256
256
256
256
256
256
256
256
256
256
256
256
256
256
256
256
256
256
256
256
256
256
256
256
256
256
256
256
256
256
256
256
256
256
256
256
256
256
256
256
256
256
256
256
256
256
256
256
256
256
256
256
256
256
256
256
256
256
256
256
256
256
256
256
256
256
256
256
256
256
256
256
256
256
256
256
256
256
256
256
256
256
256
256
256
256
256
256
256
256
256
256
256
256
256
256
256
256
256
256
256
256
256
256
256
256
256
256
256
256
256
256
256
256
256
256
256
256
256
256
256
256
256
256
256
256
256
256
256
256
256
256
256
256
256
256
256
256
256
256
256
256
256
256
256
256
256
256
256
256
256
256
256
256
256
256
256
256
256
256
256
256
256
256
256
256
256
256
256
256
256
256
256
256
256
256
256
256
256
256
256
256
256
256
256
256
256
256
256
256
256
256
256
256
256
256
256
256
256
256
256
256
256
256
256
256
256
256
256
256
256
256
256
256
256
256
256
256
256
256
256
256
256
256
256
256
256
256
256
256
256
256
256
256
256
256
256
256
256
256
256
256
256
256
256
256
256
256
256
256
256
256
256
256
256
256
256
256
256
256
256
256
256
256
256
256
256
256
256
256
256
256
256
256
256
256
256
256
256
256
256
256
256
256
256
256
256
256
256
256
256
256
256
256
256
256
256
256
256
256
256
256
256
256
256
256
256
256
256
256
256
256
256
256
256
256
256
256
256
256
256
256
256
256
256
256
256
256
256
256
256
256
256
256
256
256
256
256
256
256
256
256
256
256
256
256
256
256
256
256
256
256
256
256
256
256
256
256
256
256
256
256
256
256
256
256
256
256
256
256
256
256
256
256
256
256
256
256
256
256
256
256
256
256
256
256
256
256
256
256
256
256
256
256
256
256
256
256
256
256
256
256
256
256
256
256
256
256
256
256
256
256
256
256
256
256
256
256
256
256
256
256
256
256
256
256
256
256
256
256
256
256
256
256
256
256
256
256
256
256
256
256
256
256
256
256
256
256
256
256
256
256
256
256
256
256
256
256
256
256
256
256
256
256
256
256
256
256
256
256
256
256
256
256
256
256
256
256
256
256
256
256
256
256
256
256
256
256
256
256
256
256
256
256
256
256
256
256
256
256
256
256
256
256
256
256
256
256
256
256
256
256
256
256
256
256
256
256
256
256
256
256
256
256
256
256
256
256
256
256
256
256
256
256
256
256
256
256
256
256
256
256
256
256
256
256
256
256
256
256
256
256
256
256
256
256
256
256
256
256
256
256
256
256
256
256
256
256
256
256
256
256
256
256
256
256
256
256
256
256
256
256
256
256
256
256
256
256
256
256
256
256
256
256
256
256
256
256
256
256
256
256
256
256
256
256
256
256
256
256
256
256
256
256
256
256
256
256
256
256
256
256
256
256
256
256
256
256
256
256
256
256
256
256
256
256
256
256
256
256
256
256
256
256
256
256
256
256
256
256
256
256
256
256
256
256
256
256
256
256
256
256
256
256
256
256
256
256
256
256
256
256
256
256
256
256
256
256
256
256
256
256
256
256
256
256
256
256
256
256
256
256
256
256
256
256
256
256
256
256
256
256
256
256
256
256
256
256
256
256
256
256
256
256
256
256
256
256
256
256
256
256
256
256
256
256
256
256
256
256
256
256
256
256
256
256
256
256
256
256
256
256
256
256
256
256
256
256
256
256
256
256
256
256
256
256
256
256
256
256
256
256
256
256
256
256
256
256
256
256
256
256
256
256
256
256
256
256
256
256
256
256
256
256
256
256
256
256
256
256
256
256
256
256
256
256
256
256
256
256
256
256
256
256
256
256
256
256
256
256
256
256
256
256
256
256
256
256
256
256
256
256
256
256
256
256
256
256
256
256
256
256
256
256
256
256
256
256
256
256
256
256
256
256
256
256
256
256
256
256
256
256
256
256
256
256
256
256
256
256
256
256
256
256
256
256
256
256
256
256
256
256
256
256
256
256
256
256
256
256
256
256
256
256
256
256
256
256
256
256
256
256
256
256
256
256
256
256
256
256
256
256
256
256
256
256
256
256
256
256
256
256
256
256
256
256
256
256
256
256
256
256
256
256
256
256
256
256
256
256
256
256
256
256
256
256
256
256
256
256
256
256
256
256
256
256
256
256
256
256
256
256
256
256
256
256
256
256
256
256
256
256
256
256
256
256
256
256
256
256
256
256
256
256
256
256
256
256
256
256
256
256
256
256
256
256
256
256
256
256
256
256
256
256
256
256
256
256
256
256
256
256
256
256
256
256
256
256
256
256
256
256
256
256
256
256
256
256
256
256
256
256
256
256
256
256
256
256
256
256
256
256
256
256
256
256
256
256
256
256
256
256
256
256
256
256
256
256
256
256
256
256
256
256
256
256
256
256
256
256
256
256
256
256
256
256
256
256
256
256
256
256
256
256
256
256
256
256
256
256
256
256
256
256
256
256
256
256
256
256
256
256
256
256
256
256
256
256
256
256
256
256
256
256
256
256
256
256
256
256
256
256
256
256
256
256
256
256
256
256
256
256
256
256
256
256
256
256
256
256
256
256
256
256
256
256
256
256
256
256
256
256
256
256
256
256
256
256
256
256
256
256
256
256
256
256
256
256
256
256
256
256
256
256
256
256
256
256
256
256
256
256
256
256
256
256
256
256
256
256
256
256
256
256
256
256
256
256
256
256
256
256
256
256
256
256
256
256
256
256
256
256
256
256
256
256
256
256
256
256
256
256
256
256
256
256
256
256
256
256
256
256
256
256
256
256
256
256
256
256
256
256
256
256
256
256
256
256
256
256
256
256
256
256
256
256
256
256
256
256
256
256
256
256
256
256
256
256
256
256
256
256
256
256
256
256
256
256
256
256
256
256
256
256
256
256
256
256
256
256
256
256
256
256
256
256
256
256
256
256
256
256
256
256
256
256
256
256
256
256
256
256
256
256
256
256
256
256
256
256
256
256
256
256
256
256
256
256
256
256
256
256
256
256
256
256
256
256
256
256
256
256
256
256
256
256
256
256
256
256
256
256
256
256
256
256
256
256
256
256
256
256
256
256
256
256
256
256
256
256
256
256
256
256
256
256
256
256
256
256
256
256
256
256
256
256
256
256
256
256
256
256
256
256
256
256
256
256
256
256
256
256
256
256
256
256
256
256
256
256
256
256
256
256
256
256
256
256
256
256
256
256
256
256
256
256
256
256
256
256
256
256
256
256
256
256
256
256
256
256
256
256
256
256
256
256
256
256
256
256
256
256
256
256
256
256
256
256
256
256
256
256
256
256
256
256
256
256
256
256
256
256
256
256
256
256
256
256
256
256
256
256
256
256
256
256
256
256
256
256
256
256
256
256
256
256
256
256
256
256
256
256
256
256
256
256
256
256
256
256
256
256
256
256
256
256
256
256
256
256
256
256
256
256
256
256
256
256
256
256
256
256
256
256
256
256
256
256
256
256
256
256
256
256
256
256
256
256
256
256
256
256
256
256
256
256
256
256
256
256
256
256
256
256
256
256
256
256
256
256
256
256
256
256
256
256
256
256
256
256
256
256
256
256
256
256
256
256
256
256
256
256
256
256
256
256
256
256
256
256
256
256
256
256
256
256
256
256
256
256
256
256
256
256
256
256
256
256
256
256
256
256
256
256
256
256
256
256
256
256
256
256
256
256
256
256
256
256
256
256
256
256
256
256
256
256
256
256
256
256
256
256
256
256
256
256
256
256
256
256
256
256
256
256
256
256
256
256
256
256
256
256
256
256
256
256
256
256
256
256
256
256
256
256
256
256
256
256
256
256
256
256
256
256
256
256
256
256
256
256
256
256
256
256
256
256
256
256
256
256
256
256
256
256
256
256
256
256
256
256
256
256
256
256
256
256
256
256
256
256
256
256
256
256
256
256
256
256
256
256
256
256
256
256
256
256
256
256
256
256
256
256
256
256
256
256
256
256
256
256
256
256
256
256
256
256
256
256
256
256
256
256
256
256
256
256
256
256
256
256
256
256
256
256
256
256
256
256
256
256
256
256
256
256
256
256
256
256
256
256
256
256
256
256
256
256
256
256
256
256
256
256
256
256
256
256
256
256
256
256
256
256
256
256
256
256
256
256
256
256
256
256
256
256
256
256
256
256
256
256
256
256
256
256
256
256
256
256
256
256
256
256
256
256
256
256
256
256
256
256
256
256
256
256
256
256
256
256
256
256
256
256
256
256
256
256
256
256
256
256
256
256
256
256
256
256
256
256
256
256
256
256
256
256
256
256
256
256
256
256
256
256
256
256
256
256
256
256
256
256
256
256
256
256
256
256
256
256
256
256
256
256
256
256
256
256
256
256
256
256
256
256
256
256
256
256
256
256
256
256
256
256
256
256
256
256
256
256
256
256
256
256
256
256
256
256
256
256
256
256
256
256
256
256
256
256
256
256
256
256
256
256
256
256
256
256
256
256
256
256
256
256
256
256
256
256
256
256
256
256
256
256
256
256
256
256
256
256
256
256
256
256
256
256
256
256
256
256
256
256
256
256
256
256
256
256
256
256
256
256
256
256
256
256
256
256
256
256
256
256
256
256
256
256
256
256
256
256
256
256
256
256
256
256
256
256
256
256
256
256
256
256
256
256
256
256
256
256
256
256
256
256
256
256
256
256
256
256
256
256
256
256
256
256
256
256
256
256
256
256
256
256
256
256
256
256
256
256
256
256
256
256
256
256
256
256
256
256
256
256
256
256
256
256
256
256
256
256
256
256
256
256
256
256
256
256
256
256
256
256
256
256
256
256
256
256
256
256
256
256
256
256
256
256
256
256
256
256
256
256
256
256
256
256
256
256
256
256
256
256
256
256
256
256
256
256
256
256
256
256
256
256
256
256
256
256
256
256
256
256
256
256
256
256
256
256
256
256
256
256
256
256
256
256
256
256
256
256
256
256
256
256
256
256
256
256
256
256
256
256
256
256
256
256
256
256
256
256
256
256
256
256
256
256
256
256
256
256
256
256
256
256
256
256
256
256
256
256
256
256
256
256
256
256
256
256
256
256
256
256
256
256
256
256
256
256
256
256
256
256
256
256
256
256
256
256
256
256
256
256
256
256
256
256
256
256
256
256
256
256
256
256
256
256
256
256
256
256
256
256
256
256
256
256
256
256
256
256
256
256
256
256
256
256
256
256
256
256
256
256
256
256
256
256
256
256
256
256
256
256
256
256
256
256
256
256
256
256
256
256
256
256
256
256
256
256
256
256
256
256
256
256
256
256
256
256
256
256
256
256
256
256
256
256
256
256
256
256
256
256
256
256
256
256
256
256
256
256
256
256
256
256
256
256
256
256
256
256
256
256
256
256
256
256
256
256
256
256
256
256
256
256
256
256
256
256
256
256
256
256
256
256
256
256
256
256
256
256
256
256
256
256
256
256
256
256
256
256
256
256
256
256
256
256
256
256
256
256
256
256
256
256
256
256
256
256
256
256
256
256
256
256
256
256
256
256
256
256
256
256
256
256
256
256
256
256
256
256
256
256
256
256
256
256
256
256
256
256
256
256
256
256
256
256
256
256
256
256
256
256
256
256
256
256
256
256
256
256
256
256
256
256
256
256
256
256
256
256
256
256
256
256
256
256
256
256
256
256
256
256
256
256
256
256
256
256
256
256
256
256
256
256
256
256
256
256
256
256
256
256
256
256
256
256
256
256
256
256
256
256
256
256
256
256
256
256
256
256
256
256
256
256
256
256
256
256
256
256
256
256
256
256
256
256
256
256
256
256
256
256
256
256
256
256
256
256
256
256
256
256
256
256
256
256
256
256
256
256
256
256
256
256
256
256
256
256
256
256
256
256
256
256
256
256
256
256
256
256
75
256
256
256
256
256
256
256
256
256
256
256
256
256
256
256
256
256
256
256
256
256
256
256
256
256
256
256
256
256
256
256
256
256
256
256
256
256
256
256
256
256
256
256
256
256
256
256
256
256
256
256
256
256
256
256
256
256
256
256
256
256
256
256
256
256
256
256
256
256
256
256
256
256
256
256
256
256
256
256
256
256
256
256
256
256
256
256
256
256
256
256
256
256
256
256
256
256
256
256
256
256
256
256
256
256
256
256
256
256
256
256
256
256
256
256
256
256
256
256
256
256
256
256
256
256
256
256
256
256
256
256
256
256
256
256
256
256
256
256
256
256
256
256
256
256
256
256
256
256
256
256
256
256
256
256
256
256
256
256
256
256
256
256
256
256
256
256
256
256
256
256
256
256
256
256
256
256
256
256
256
256
256
256
256
256
256
256
256
256
256
256
256
256
256
256
256
256
256
256
256
256
256
256
256
256
256
256
256
256
256
256
256
256
256
256
256
256
256
256
256
256
256
256
256
256
256
256
256
256
256
256
256
256
256
256
256
256
256
256
256
256
256
256
256
256
256
256
256
256
256
256
256
256
256
256
256
256
256
256
256
256
256
256
256
256
256
256
256
256
256
256
256
256
256
256
256
256
256
256
256
256
256
256
256
256
256
256
256
256
256
256
256
256
256
256
256
256
256
256
256
256
256
256
256
256
256
256
256
256
256
256
256
256
256
256
256
256
256
256
256
256
256
256
256
256
256
256
256
256
256
256
256
256
256
256
256
256
256
256
256
256
256
256
256
256
256
256
256
256
256
256
256
256
256
256
256
256
256
256
256
256
256
256
256
256
256
256
256
256
256
256
256
256
256
256
256
256
256
256
256
256
256
256
256
256
256
256
256
256
256
256
256
256
256
256
256
256
256
256
256
256
256
256
256
256
256
256
256
256
256
256
256
256
256
256
256
256
256
256
256
256
256
256
256
256
256
256
256
256
256
256
256
256
256
256
256
256
256
256
256
256
256
256
256
256
256
256
256
256
256
256
256
256
256
256
256
256
256
256
256
256
256
256
256
256
256
256
256
256
256
256
256
256
256
256
256
256
256
256
256
256
256
256
256
256
256
256
256
256
256
256
256
256
256
256
256
256
256
256
256
256
256
256
256
256
256
256
256
256
256
256
256
256
256
256
256
256
256
256
256
256
256
256
256
256
256
256
256
256
256
256
256
256
256
256
256
256
256
256
256
256
256
256
256
256
256
256
256
256
256
256
256
256
256
256
256
256
256
256
256
256
256
256
256
256
256
256
256
256
256
256
256
256
256
256
256
256
256
256
256
256
256
256
256
256
256
256
256
256
256
256
256
256
256
256
256
256
256
256
256
256
256
256
256
256
256
256
256
256
256
256
256
256
256
256
256
256
256
256
256
256
256
256
256
256
256
256
256
256
256
256
256
256
256
256
256
256
256
256
256
256
256
256
256
256
256
256
256
256
256
256
256
256
256
256
256
256
256
256
256
256
256
256
256
256
256
256
256
256
256
256
256
256
256
256
256
256
256
256
256
256
256
256
256
256
256
256
256
256
256
256
256
256
256
256
256
256
256
256
256
256
256
256
256
256
256
256
256
256
256
256
256
256
256
256
256
256
256
256
256
256
256
256
256
256
256
256
256
256
256
256
256
256
256
256
256
256
256
256
256
256
256
256
256
256
256
256
256
256
256
256
256
256
256
256
256
256
256
256
256
256
256
256
256
256
256
256
256
256
256
256
256
256
256
256
256
256
256
256
256
256
256
256
256
256
256
256
256
256
256
256
256
256
256
256
256
256
256
256
256
256
256
256
256
256
256
256
256
256
256
256
256
256
256
256
256
256
256
256
256
256
256
256
256
256
256
256
256
256
256
256
256
256
256
256
256
256
256
256
256
256
256
256
256
256
256
256
256
256
256
256
256
256
256
256
256
256
256
256
256
256
256
256
256
256
256
256
256
256
256
256
256
256
256
256
256
256
256
256
256
256
256
256
256
256
256
256
256
256
256
256
256
256
256
256
256
256
256
256
256
256
256
256
256
256
256
256
256
256
256
256
256
256
256
256
256
256
256
256
256
256
256
256
256
256
256
256
256
256
256
256
256
256
256
256
256
256
256
256
256
256
256
256
256
256
256
256
256
256
256
256
256
256
256
256
256
256
256
256
256
256
256
256
256
256
256
256
256
256
256
256
256
256
256
256
256
256
256
256
256
256
256
256
256
256
256
256
256
256
256
256
256
256
256
256
256
256
256
256
256
256
256
256
256
256
256
256
256
256
256
256
256
256
256
256
256
256
256
256
256
256
256
256
256
256
256
256
256
256
256
256
256
256
256
256
256
256
256
256
256
256
256
256
256
256
256
256
256
256
256
256
256
256
256
256
256
256
256
256
256
256
256
256
256
256
256
256
256
256
256
256
256
256
256
256
256
256
256
256
256
256
256
256
256
256
256
256
256
256
256
256
256
256
256
256
256
256
256
256
256
256
256
256
256
256
256
256
256
256
256
256
256
256
256
256
256
256
256
256
256
256
256
256
256
256
256
256
256
256
256
256
256
256
256
256
256
256
256
256
256
256
256
256
256
256
256
256
256
256
256
256
256
256
256
256
256
256
256
256
256
256
256
256
256
256
256
256
256
256
256
256
256
256
256
256
256
256
256
256
256
256
256
256
256
256
256
256
256
256
256
256
256
256
256
256
256
256
256
256
256
256
256
256
256
256
256
256
256
256
256
256
256
256
256
256
256
256
256
256
256
256
256
256
256
256
256
256
256
256
256
256
256
256
256
256
256
256
256
256
256
256
256
256
256
256
256
256
256
256
256
256
256
256
256
256
256
256
256
256
256
256
256
256
256
256
256
256
256
256
256
256
256
256
256
256
256
256
256
256
256
256
256
256
256
256
256
256
256
256
256
256
256
256
256
256
256
256
256
256
256
256
256
256
256
256
256
256
256
256
256
256
256
256
256
256
256
256
256
256
256
256
256
256
256
256
256
256
256
256
256
256
256
256
256
256
256
256
256
256
256
256
256
256
256
256
256
256
256
256
256
256
256
256
256
256
256
256
256
256
256
256
256
256
256
256
256
256
256
256
256
256
256
256
256
256
256
256
256
256
256
256
256
256
256
256
256
256
256
256
256
256
256
256
256
256
256
256
256
256
256
256
256
256
256
256
256
256
256
256
256
256
256
256
256
256
256
256
256
256
256
256
256
256
256
256
256
256
256
256
256
256
256
256
256
256
256
256
256
256
256
256
256
256
256
256
256
256
256
256
256
256
256
256
256
256
256
256
256
256
256
256
256
256
256
256
256
256
256
256
256
256
256
256
256
256
256
256
256
256
256
256
256
256
256
256
256
256
256
256
256
256
256
256
256
256
256
256
256
256
256
256
256
256
256
256
256
256
256
256
256
256
256
256
256
256
256
256
256
256
256
256
256
256
256
256
256
256
256
256
256
256
256
256
256
256
256
256
256
256
256
256
256
256
256
256
256
256
256
256
256
256
256
256
256
256
256
256
256
256
256
256
256
256
256
256
256
256
256
256
256
256
256
256
256
256
256
256
256
256
256
256
256
256
256
256
256
256
256
256
256
256
256
256
256
256
256
256
256
256
256
256
256
256
256
256
256
256
256
256
256
256
256
256
256
256
256
256
256
256
256
256
256
256
256
256
256
256
256
256
256
256
256
256
256
256
256
256
256
256
256
256
256
256
256
256
256
256
256
256
256
256
256
256
256
256
256
256
256
256
256
256
256
256
256
256
256
256
256
256
256
256
256
256
256
256
256
256
256
256
256
256
256
256
256
256
256
256
256
256
256
256
256
256
256
256
256
256
256
256
256
256
256
256
256
256
256
256
256
256
256
256
256
256
256
256
256
256
256
256
256
256
256
256
256
256
256
256
256
256
256
256
256
256
256
256
256
256
256
256
256
256
256
256
256
256
256
256
256
256
256
256
256
256
256
256
256
256
256
256
256
256
256
256
256
256
256
256
256
256
256
256
256
256
256
256
256
256
256
256
256
256
256
256
256
256
256
256
256
256
256
256
256
256
256
256
256
256
256
256
256
256
256
256
256
256
256
256
256
256
256
256
256
256
256
256
256
256
256
256
256
256
256
256
256
256
256
256
256
256
256
256
256
256
256
256
256
256
256
256
256
256
256
256
256
256
256
256
256
256
256
256
256
256
256
256
256
256
256
256
256
256
256
256
256
256
256
256
256
256
256
256
256
256
256
256
256
256
256
256
256
256
256
256
256
256
256
256
256
256
256
256
256
256
256
256
256
256
256
256
256
256
256
256
256
256
256
256
256
256
256
256
256
256
256
256
256
256
256
256
256
256
256
256
256
256
256
256
256
256
256
256
256
256
256
256
256
256
256
256
256
256
256
256
256
256
256
256
256
256
256
256
256
256
256
256
256
256
256
256
256
256
256
256
256
256
256
256
256
256
256
256
256
256
256
256
256
256
256
256
256
256
256
256
256
256
256
256
256
256
256
256
256
256
256
256
256
256
256
256
256
256
256
256
256
256
256
256
256
256
256
256
256
256
256
256
256
256
256
256
256
256
256
256
256
256
256
256
256
256
256
256
256
256
256
256
256
256
256
256
256
256
256
256
256
256
256
256
256
256
256
256
256
256
256
256
256
256
256
256
256
256
256
256
256
256
256
256
256
256
256
256
256
256
256
256
256
256
256
256
256
256
256
256
256
256
256
256
256
256
256
256
256
256
256
256
256
256
256
256
256
256
256
256
256
256
256
256
256
256
256
256
256
256
256
256
256
256
256
256
256
256
256
256
256
256
256
256
256
256
256
256
256
256
256
256
256
256
256
256
256
256
256
256
256
256
256
256
256
256
256
256
256
256
256
256
256
256
256
256
256
256
256
256
256
256
256
256
256
256
256
256
256
256
256
256
256
256
256
256
256
256
256
256
256
256
256
256
256
256
256
256
256
256
256
256
256
256
256
256
256
256
256
256
256
256
256
256
256
256
256
256
256
256
256
256
256
256
256
256
256
256
256
256
256
256
256
256
256
256
256
256
256
256
256
256
256
256
256
256
256
256
256
256
256
256
256
256
256
256
256
256
256
256
256
256
256
256
256
256
256
256
256
256
256
256
256
256
256
256
256
256
256
256
256
256
256
256
256
256
256
256
256
256
256
256
256
256
256
256
256
256
256
256
256
256
256
256
256
256
256
256
256
256
256
256
256
256
256
256
256
256
256
256
256
256
256
256
256
256
256
256
256
256
256
256
256
256
256
256
256
256
256
256
256
256
256
256
256
256
256
256
256
256
256
256
256
256
256
256
256
256
256
256
256
256
256
256
256
256
256
256
256
256
256
256
256
256
256
256
256
256
256
256
256
256
256
256
256
256
256
256
256
256
256
256
256
256
256
256
256
256
256
256
256
256
256
256
256
256
256
256
256
256
256
256
256
256
256
256
256
256
256
256
256
256
256
256
256
256
256
256
256
256
256
256
256
256
256
256
256
256
256
256
256
256
256
256
256
256
256
256
256
256
256
256
256
256
256
256
256
256
256
256
256
256
256
256
256
256
256
256
256
256
256
256
256
256
256
256
256
256
256
256
256
256
256
256
256
256
256
256
256
256
256
256
256
256
256
256
256
256
256
256
256
256
256
256
256
256
256
256
256
256
256
256
256
256
256
256
256
256
256
256
256
256
256
256
256
256
256
256
256
256
256
256
256
256
256
256
256
256
256
256
256
256
256
256
256
256
256
256
256
256
256
256
256
256
256
256
256
256
256
256
256
256
256
256
256
256
256
256
256
256
256
256
256
256
256
256
256
256
256
256
256
256
256
256
256
256
256
256
256
256
256
256
