502
384
358
621
499
320
489
332
319
451
324
382
426
283
428
351
406
193
356
502
140
261
240
279
177
480
267
311
345
262
303
237
151
258
480
235
341
244
246
236
262
343
480
376
240
480
480
480
341
346
480
192
480
222
480
203
123
480
199
420
480
480
480
499
480
160
374
480
480
480
120
480
480
480
201
480
306
270
480
120
480
480
736
480
480
480
480
480
480
480
480
480
480
480
480
480
480
480
480
480
480
480
480
480
480
480
480
480
480
480
480
480
480
480
480
480
480
480
480
480
480
480
480
480
480
480
480
480
480
480
480
480
480
480
480
480
480
480
480
150
480
480
480
480
480
480
480
480
480
188
130
480
480
480
480
480
480
480
480
480
124
480
480
480
480
480
480
480
480
480
480
480
480
480
480
480
480
480
480
480
480
480
480
480
480
480
480
480
480
480
480
480
480
480
480
480
480
480
480
480
480
480
480
480
480
480
480
480
480
480
480
480
480
480
480
480
480
480
480
480
480
480
480
480
480
480
480
480
480
480
480
480
480
480
480
480
480
480
480
480
480
480
480
480
480
480
480
480
480
480
480
480
480
480
480
480
480
480
480
480
480
480
480
480
480
404
480
480
480
480
480
480
480
480
480
480
480
480
480
480
480
480
