341
324
339
321
303
370
306
322
331
407
470
328
407
345
315
343
324
458
331
340
403
402
328
461
412
478
326
384
508
439
355
393
448
352
357
308
364
370
389
385
340
430
371
358
314
372
321
449
317
543
328
362
370
361
332
318
394
375
313
324
586
277
655
345
333
352
324
344
327
297
381
292
763
372
382
511
537
414
538
365
455
331
614
287
483
449
295
350
369
334
457
508
343
517
413
659
436
366
395
611
314
385
477
346
771
511
268
468
549
294
333
466
530
342
454
492
307
312
519
294
308
457
313
575
654
614
313
309
389
937
336
347
320
329
321
637
333
412
440
299
516
722
377
662
746
298
558
362
508
460
374
485
316
462
323
352
308
425
665
275
481
345
315
358
566
751
344
372
565
315
540
515
396
522
1265
297
900
348
561
317
363
306
275
299
333
323
454
539
826
272
285
283
575
552
333
508
292
315
532
493
551
396
426
656
320
289
570
384
277
267
292
255
279
252
622
547
618
332
292
281
335
631
260
306
350
287
464
297
347
505
514
510
652
404
439
294
306
260
278
266
504
566
300
281
269
610
275
832
487
370
477
529
280
275
263
283
276
262
270
295
283
270
288
283
527
272
234
257
288
304
475
297
468
284
295
291
261
280
275
299
292
539
841
318
281
255
307
276
607
263
551
382
247
716
520
267
276
254
254
289
273
255
1226
278
249
281
433
426
247
268
246
246
282
250
253
240
437
274
251
246
263
295
469
263
716
282
265
255
240
231
253
274
269
272
235
256
279
436
236
243
404
227
249
257
539
264
239
246
228
1265
244
241
258
231
306
245
282
254
242
270
900
257
391
210
304
250
380
539
249
227
219
302
228
242
228
220
252
389
244
228
239
226
265
255
249
221
356
231
229
247
230
243
202
229
220
209
1226
242
236
194
201
254
551
228
238
247
256
212
217
331
231
240
259
233
193
387
282
255
248
220
236
257
265
220
243
187
216
258
226
263
217
210
207
240
229
223
201
217
211
244
205
243
212
244
206
319
208
379
207
216
218
225
196
210
185
234
200
219
216
266
206
385
188
199
300
196
205
180
198
245
219
348
190
262
368
203
222
387
224
199
570
188
193
232
261
177
253
216
203
208
184
223
388
225
197
202
205
189
186
193
190
212
219
208
1226
212
198
187
193
201
193
212
232
237
215
195
197
204
212
155
186
182
172
166
206
183
231
201
150
183
201
173
194
227
199
185
190
277
170
217
216
181
190
190
171
341
216
168
274
185
184
208
211
200
185
217
167
167
168
186
209
138
170
170
150
175
166
200
193
172
96
161
178
141
173
152
140
152
158
170
192
151
144
154
153
182
180
231
290
216
161
188
189
180
190
160
159
194
186
204
171
161
121
153
141
165
153
214
143
189
143
607
231
134
185
182
142
199
206
122
173
142
162
148
166
139
113
131
469
116
203
93
221
290
199
197
151
270
106
142
129
143
141
143
141
154
94
129
763
213
186
124
79
141
139
136
183
176
192
144
169
144
161
290
155
155
182
158
234
231
163
187
130
662
160
209
181
92
137
172
141
135
161
143
290
137
180
72
143
152
132
146
221
141
122
153
141
94
206
76
290
109
290
112
103
290
102
136
87
148
290
290
290
290
79
290
184
75
132
80
290
95
290
290
91
290
131
290
180
157
290
290
80
93
181
290
135
290
149
117
98
290
143
290
85
87
75
290
72
275
135
113
290
290
140
290
290
74
73
132
290
239
98
290
290
89
290
147
218
290
290
72
290
163
113
109
74
83
130
102
99
87
290
290
128
216
139
290
143
147
79
162
290
86
290
155
151
122
144
136
290
95
131
303
290
82
290
290
290
135
290
106
112
144
290
108
89
290
88
84
74
290
290
145
145
121
290
144
76
290
94
118
175
290
124
290
290
290
101
140
290
290
290
290
104
109
290
290
290
290
87
117
290
118
95
290
130
290
290
290
290
79
290
290
110
87
290
85
290
290
290
137
290
184
290
148
290
290
290
290
290
290
98
290
618
290
362
290
290
141
87
290
326
92
85
75
290
290
72
290
290
122
107
290
290
76
290
290
290
290
290
166
120
131
290
150
290
290
290
290
290
290
102
290
290
290
290
79
92
290
143
176
83
290
72
290
290
226
123
290
290
290
87
290
290
290
290
290
290
122
290
104
290
115
82
103
290
290
290
290
72
290
145
290
116
290
290
290
83
290
290
290
126
290
111
290
290
290
290
115
80
290
109
290
290
290
212
290
124
290
105
290
290
290
290
290
290
290
290
290
290
290
290
101
290
290
290
290
290
290
290
290
83
290
89
139
97
81
86
122
290
104
290
290
290
290
290
130
290
290
290
290
132
112
290
290
94
290
290
290
290
290
121
290
290
290
119
290
290
290
290
290
290
290
185
290
290
290
290
290
125
290
104
150
290
290
110
290
290
290
290
83
290
290
290
290
290
72
290
290
290
290
154
290
290
290
290
290
78
290
290
290
290
290
290
290
290
290
290
72
290
290
139
198
290
290
290
74
290
290
290
290
80
290
290
290
290
290
290
290
121
290
80
290
290
290
147
290
290
290
290
176
290
290
290
117
290
290
290
87
290
290
290
290
133
290
290
290
72
290
290
79
290
290
290
290
290
290
290
290
290
290
290
290
96
290
290
290
290
290
290
290
290
290
290
290
290
290
290
290
290
290
290
290
290
290
290
290
290
290
290
290
290
290
290
290
290
290
92
290
290
290
290
290
290
290
290
169
290
290
290
290
290
290
520
290
117
290
290
290
290
79
73
290
72
290
290
290
290
290
290
290
78
290
119
290
290
290
290
290
290
290
290
290
123
290
290
290
290
290
290
290
290
290
290
290
290
290
290
290
290
290
290
290
290
290
290
290
290
290
290
290
290
290
290
290
290
290
290
290
290
149
290
290
90
290
269
93
290
290
238
290
290
290
290
290
108
290
290
290
290
290
290
290
143
290
290
290
290
290
290
290
290
290
290
290
290
290
290
290
290
290
290
290
290
290
290
290
290
128
290
290
290
290
290
290
290
290
290
290
290
290
290
290
290
290
96
290
290
290
290
290
290
290
290
290
290
290
290
290
290
290
290
290
290
290
290
290
290
290
290
83
290
290
290
290
290
290
290
290
290
290
290
290
290
290
290
290
290
290
290
290
290
290
290
290
290
290
290
290
290
290
290
290
290
290
290
290
290
290
290
290
290
290
290
290
290
290
290
290
290
290
290
290
290
290
290
290
290
290
290
290
290
290
290
290
290
290
290
290
290
290
290
290
290
290
290
290
290
290
290
290
290
290
290
290
290
290
290
290
290
290
290
290
290
290
290
290
290
290
290
290
290
290
290
290
290
290
290
290
290
290
290
129
290
290
290
73
290
290
290
290
290
290
290
290
290
290
290
290
290
290
290
290
290
290
290
290
290
290
290
290
290
290
290
290
329
290
290
290
290
290
290
290
290
290
290
290
290
290
290
290
290
290
290
290
290
290
290
290
290
290
290
290
290
290
290
290
290
290
290
290
290
290
290
290
290
290
290
290
290
290
290
290
290
290
290
290
290
290
290
290
290
290
290
290
290
290
290
290
290
290
290
290
290
290
290
290
290
290
290
290
290
290
290
290
290
290
290
290
290
290
290
290
290
290
290
290
290
290
290
290
290
290
290
290
290
290
290
290
290
290
290
290
290
290
290
290
290
290
290
290
290
290
290
290
290
290
290
290
290
290
290
290
290
72
290
290
290
290
290
290
290
290
290
290
290
290
290
290
290
290
290
290
290
290
290
290
290
290
290
290
290
290
290
290
290
290
290
290
290
290
290
290
290
290
290
290
290
132
290
290
290
290
290
290
290
290
290
290
290
290
290
290
290
290
290
290
135
290
290
290
290
290
290
290
290
290
290
290
290
290
290
290
290
290
290
290
290
290
290
290
290
290
290
290
290
290
290
290
290
290
290
290
290
290
290
290
290
290
290
290
290
290
82
290
290
290
290
290
290
290
290
290
290
290
290
290
290
290
290
290
290
290
290
290
290
290
290
290
290
290
290
290
290
290
290
290
290
290
290
290
290
290
290
290
290
290
290
290
290
290
290
290
290
290
290
290
290
290
290
290
290
290
290
290
290
290
290
290
290
290
290
290
89
290
290
290
290
290
290
290
290
290
290
290
290
290
290
290
290
290
290
290
290
290
290
290
290
290
72
290
290
290
290
290
290
290
389
290
290
290
290
290
290
290
290
290
290
119
290
290
290
290
290
290
290
290
290
290
98
290
290
290
290
290
78
290
290
290
290
290
290
290
290
290
290
290
290
290
290
290
290
290
290
290
290
290
290
290
290
290
290
290
290
290
290
290
290
290
290
290
290
290
290
290
290
290
290
290
290
290
290
290
290
290
290
290
290
290
290
290
290
290
290
290
290
290
85
290
290
290
290
290
290
290
290
290
290
290
290
290
290
290
290
290
290
290
290
290
290
290
290
290
290
290
290
290
290
290
290
290
290
290
937
290
290
290
290
290
290
290
290
290
290
290
290
290
290
290
290
290
290
290
290
290
290
290
290
290
290
290
290
290
290
290
290
290
290
290
290
290
290
290
290
290
290
290
290
290
290
290
290
290
539
290
290
290
290
290
290
290
290
290
297
290
290
290
290
290
290
290
290
290
290
290
290
290
290
290
290
290
290
290
290
290
290
290
187
290
290
290
290
290
290
290
290
290
290
290
290
290
290
290
290
290
290
290
290
290
290
290
290
290
290
290
290
290
290
290
290
72
290
290
290
290
290
290
290
290
290
290
290
290
290
290
290
290
290
290
290
290
290
290
113
290
290
290
290
290
290
290
290
290
290
290
290
290
290
290
290
290
290
290
290
290
290
290
290
290
290
290
290
290
290
290
290
290
290
290
290
290
290
290
290
290
290
290
290
290
290
290
290
290
290
290
290
290
290
290
290
290
290
290
290
290
290
290
290
290
290
290
290
290
290
290
290
290
290
290
290
290
290
290
290
290
290
290
290
290
290
290
290
290
290
290
290
290
290
290
290
290
290
290
290
290
290
290
290
290
290
290
290
290
290
290
290
290
290
290
290
290
290
290
290
290
290
290
290
290
290
290
290
290
290
290
290
290
290
290
290
290
290
290
290
290
290
290
290
290
290
290
290
290
290
290
290
290
561
290
290
290
290
290
290
290
290
290
290
290
290
290
290
290
290
290
290
290
290
107
290
290
290
290
290
290
290
290
290
290
290
290
290
290
290
290
290
290
290
290
290
290
290
290
290
290
290
290
290
290
290
290
290
290
290
290
290
290
290
290
290
290
290
290
290
290
290
290
290
290
290
290
290
290
290
290
290
290
290
290
290
290
290
290
290
290
290
290
290
290
290
290
290
290
290
290
290
290
290
290
290
290
290
290
290
290
290
290
290
290
290
290
290
290
290
290
290
290
290
290
290
290
290
290
290
290
290
290
290
290
290
290
290
290
290
290
290
290
290
290
290
290
290
290
290
290
290
290
290
290
290
290
290
290
290
290
290
290
290
290
290
290
290
290
290
290
290
290
290
290
290
290
290
290
290
290
290
290
290
290
290
290
290
290
290
290
290
290
290
290
290
290
290
290
290
164
290
290
290
290
290
290
290
290
290
290
290
290
290
290
290
290
290
290
290
290
290
290
290
290
290
290
290
290
290
290
290
290
290
290
290
290
290
290
290
290
290
290
290
290
290
290
290
290
290
290
290
290
290
290
290
290
290
290
290
290
290
290
290
290
290
290
290
290
290
290
290
290
290
290
290
290
290
290
290
290
290
290
290
290
290
290
290
290
290
290
290
290
290
290
290
290
290
290
290
290
290
290
290
290
290
290
290
290
290
290
290
290
290
290
290
290
290
290
290
290
290
290
290
290
290
290
290
290
290
290
290
290
290
290
290
290
290
290
290
290
290
290
290
290
290
290
290
290
290
290
290
290
290
290
290
290
290
290
290
290
290
290
290
290
290
290
290
290
290
290
290
290
290
290
290
290
290
290
290
290
290
290
290
290
290
290
290
290
290
290
290
290
290
290
290
290
290
290
290
290
290
290
290
290
290
290
290
290
290
290
290
290
290
290
290
290
290
290
290
290
290
290
290
290
290
290
290
290
290
290
290
290
290
290
290
290
290
290
290
290
290
290
290
290
290
290
290
290
290
290
290
290
290
290
290
290
290
290
290
290
290
290
290
290
290
290
290
290
290
290
290
290
290
290
290
290
290
290
290
290
290
290
290
290
290
290
290
290
290
290
290
290
83
290
290
290
290
290
290
290
290
290
290
290
290
290
290
290
290
290
290
290
290
290
290
221
290
290
290
290
290
290
290
290
290
290
539
290
290
290
290
290
290
290
290
290
290
290
290
290
290
290
290
290
290
290
290
290
290
290
290
290
290
290
290
290
290
290
290
290
290
290
290
290
290
290
290
290
290
290
290
290
290
290
290
290
290
290
290
290
290
290
290
290
290
290
290
290
290
290
290
290
290
290
290
290
290
290
290
290
290
290
290
290
290
290
290
290
290
290
290
290
290
290
290
290
290
290
290
290
290
290
290
290
290
290
290
290
290
290
290
290
290
290
290
290
290
290
290
290
290
290
290
290
290
290
290
290
290
290
290
290
290
290
290
290
290
290
290
290
290
290
290
290
290
290
290
290
290
290
290
290
290
290
290
290
290
290
290
290
290
290
290
290
290
290
290
290
290
290
290
290
290
290
290
290
290
290
290
290
290
290
290
290
290
290
290
290
290
290
290
290
290
290
290
290
290
290
290
290
290
290
290
290
290
290
290
290
290
290
290
290
290
290
290
290
290
290
290
290
290
290
290
290
290
290
290
290
290
290
290
290
290
290
290
290
290
290
290
290
290
290
290
290
290
290
290
290
290
290
290
290
290
290
290
290
290
290
290
290
290
290
290
290
290
290
290
290
290
290
290
290
290
290
290
290
290
290
290
290
290
290
290
290
290
290
290
290
290
290
290
290
290
290
290
290
290
290
290
290
290
290
290
290
1226
290
290
290
290
290
290
290
290
290
290
290
290
290
290
290
290
290
290
290
290
290
290
290
290
290
290
290
290
290
290
290
290
290
290
290
290
290
290
290
290
290
290
290
290
290
290
290
290
290
290
290
290
290
290
290
290
290
290
290
290
290
290
290
290
290
290
290
290
290
290
290
290
290
290
290
290
290
290
290
290
290
290
290
290
290
290
290
290
290
180
290
290
290
290
290
290
290
290
290
290
290
290
290
290
290
290
290
290
290
290
290
290
290
290
290
290
290
290
290
290
290
290
290
290
290
290
290
290
290
290
290
290
290
290
290
290
290
290
290
290
290
290
290
290
290
290
290
290
290
290
290
290
290
290
290
290
290
290
290
290
290
290
290
290
290
290
290
290
290
290
290
290
290
290
290
290
290
290
290
290
290
290
290
290
290
290
290
290
290
290
290
290
290
290
290
290
290
290
290
290
290
290
290
290
290
290
290
290
290
290
290
290
290
290
290
290
290
290
290
290
290
290
290
290
290
290
290
290
290
290
290
290
290
290
290
290
290
290
290
290
290
290
290
290
290
290
290
290
290
290
290
290
290
290
290
290
290
290
290
290
290
290
290
290
290
290
290
290
290
290
290
290
290
290
290
290
290
290
290
290
290
290
290
290
290
290
290
290
290
290
290
290
290
290
290
290
290
290
290
290
290
290
290
290
290
290
290
290
290
290
290
290
290
290
290
290
290
290
290
290
290
290
290
290
290
290
290
290
290
290
290
290
290
290
290
290
290
290
290
290
290
290
290
290
290
290
290
290
290
290
290
290
290
290
290
290
290
290
290
290
290
290
290
290
290
290
290
290
290
290
290
290
290
290
290
290
290
290
290
290
290
290
290
290
290
290
290
290
290
290
290
290
290
290
290
290
290
290
290
290
290
290
290
290
290
