541
680
458
476
488
592
392
415
396
414
372
351
398
465
358
393
382
350
367
334
366
370
374
374
484
354
499
324
599
354
540
527
355
507
369
456
481
334
339
494
416
365
347
386
316
355
337
366
346
394
344
399
355
340
399
306
420
331
345
355
353
398
344
803
326
300
348
421
302
342
336
351
332
723
398
297
337
300
406
471
367
323
358
340
348
317
376
321
353
357
407
342
339
499
314
284
321
309
336
404
315
346
541
333
323
332
370
352
315
302
398
329
362
299
320
467
352
312
325
299
330
312
535
287
323
445
343
416
368
306
317
350
410
371
334
452
362
328
289
352
297
313
427
314
335
298
379
318
296
307
334
304
329
292
285
328
287
311
294
326
377
415
323
352
321
260
280
307
331
279
278
320
301
293
272
319
304
338
426
302
309
309
426
306
323
307
449
324
423
326
301
292
290
323
390
468
314
300
313
340
300
343
301
295
296
274
299
291
321
278
281
341
278
339
284
305
307
427
339
287
300
304
292
254
271
321
314
261
276
368
293
305
310
362
271
310
288
353
273
390
272
305
316
285
383
464
270
287
389
273
352
308
266
328
533
321
275
318
293
292
314
296
315
271
293
321
448
279
271
374
291
276
299
314
382
288
277
299
337
300
285
245
284
343
325
312
280
301
280
290
274
308
288
293
225
288
307
255
294
282
267
281
285
271
276
263
308
372
338
357
293
265
399
303
282
245
263
220
255
251
296
354
297
240
263
280
274
277
300
380
270
294
249
361
285
282
298
357
276
265
169
286
328
273
265
310
277
311
259
271
247
278
265
297
296
277
226
263
207
261
443
353
271
487
298
290
250
285
331
360
358
257
277
329
323
268
259
257
266
302
251
255
365
298
215
455
280
362
255
525
273
291
285
270
261
261
290
262
293
266
256
299
435
294
288
259
279
242
281
281
305
281
280
264
329
279
220
238
357
256
282
282
236
298
285
344
253
311
258
304
420
265
265
248
266
310
446
251
319
389
385
273
499
276
236
240
245
232
274
263
258
299
235
342
266
333
305
285
217
356
326
261
255
264
269
283
272
317
294
288
257
281
254
203
254
240
346
354
255
357
256
265
235
266
278
223
297
243
296
259
223
251
286
296
288
226
257
267
264
267
289
228
276
269
401
249
269
221
268
251
280
266
298
329
320
263
275
363
307
231
251
247
266
264
301
233
258
269
262
254
240
281
262
280
239
287
309
258
257
252
250
292
291
233
209
162
237
211
310
247
261
264
235
267
266
254
273
273
255
249
313
266
257
259
346
311
228
238
168
260
248
249
243
363
232
221
295
235
262
276
284
271
219
246
299
277
233
300
247
214
213
310
269
299
296
229
281
265
293
257
250
297
237
262
238
262
241
221
182
268
221
276
239
216
265
259
210
238
256
298
231
210
194
251
261
222
234
235
219
239
265
238
202
243
243
323
290
257
239
296
275
231
251
234
264
235
240
252
260
257
260
224
201
237
240
217
257
338
187
213
270
209
226
264
232
238
224
189
213
194
216
192
262
185
228
231
233
244
265
289
311
202
235
293
292
245
234
220
241
253
190
249
282
295
149
223
208
237
264
218
222
256
207
198
244
258
257
219
202
219
258
224
223
180
223
237
242
234
109
235
219
220
247
200
255
267
238
187
208
237
224
334
239
213
325
210
408
188
184
216
238
220
230
219
244
238
214
154
183
248
257
254
184
247
224
219
224
265
268
160
199
215
177
276
248
265
219
217
233
205
211
239
236
235
219
256
200
185
220
210
269
212
125
199
226
203
209
222
212
238
234
251
221
293
262
254
224
206
326
231
299
210
205
216
202
303
236
230
194
298
206
338
227
211
256
309
215
200
321
249
246
232
212
215
237
218
207
204
317
276
204
292
241
206
217
242
208
143
201
381
221
184
188
289
229
220
242
241
243
183
436
203
195
225
275
149
165
199
236
187
165
210
196
124
200
254
150
235
320
238
235
180
276
160
204
271
191
238
186
225
239
242
171
195
248
436
191
179
218
246
109
228
175
218
215
215
240
208
183
231
180
195
209
288
176
252
188
254
186
109
174
249
195
247
186
222
221
229
251
272
436
243
143
216
234
188
204
175
232
115
192
187
436
215
218
219
250
208
223
200
227
201
224
436
277
230
196
195
184
221
121
225
297
436
436
240
212
157
180
251
311
173
191
224
168
436
141
221
217
210
119
436
202
235
436
230
248
252
368
216
164
140
251
242
215
218
238
246
237
129
209
216
144
154
241
238
218
205
206
238
275
190
248
268
209
217
202
251
163
204
193
195
174
197
200
263
188
186
212
186
196
436
242
183
260
193
228
221
210
197
205
217
436
227
147
155
244
272
436
159
161
205
196
179
163
271
183
161
190
208
195
197
198
170
242
183
221
261
205
231
225
178
436
206
436
194
181
155
156
252
436
227
150
188
191
257
436
276
198
149
127
210
214
195
223
153
236
232
436
202
204
230
168
137
155
436
196
211
206
173
200
210
226
189
229
123
169
198
226
185
189
216
436
202
499
165
436
436
208
436
436
212
174
229
155
217
199
192
222
436
177
176
204
436
207
183
133
200
206
173
436
212
187
436
177
199
194
317
164
262
436
199
110
135
202
274
436
192
215
183
183
436
182
222
185
122
208
184
210
242
175
110
218
200
176
197
413
219
219
436
169
219
204
195
142
436
189
181
202
263
215
205
166
189
120
158
132
119
181
204
206
247
216
230
172
191
205
156
220
163
230
161
436
436
172
116
160
230
185
436
436
175
211
436
156
211
249
118
436
160
208
195
173
168
172
436
230
176
436
147
277
217
156
175
129
172
436
188
192
436
188
150
216
243
175
147
182
162
191
206
233
111
197
166
436
436
201
176
187
436
436
173
184
177
249
173
436
284
179
248
142
112
436
194
205
436
201
170
436
436
109
436
203
199
171
436
436
436
177
169
152
155
436
229
436
200
436
436
192
194
154
217
162
116
156
173
190
193
436
436
139
129
178
197
217
205
184
436
193
222
156
436
197
173
129
183
155
164
173
436
214
186
220
143
224
210
214
436
436
210
138
436
436
151
436
152
158
145
182
436
436
436
192
169
160
436
436
182
207
183
803
436
219
436
178
191
436
436
158
165
436
187
184
160
207
436
191
436
436
436
199
195
194
187
109
219
436
138
436
210
217
214
154
436
135
152
112
436
213
217
159
436
204
436
436
121
117
160
238
112
184
436
436
186
128
436
212
187
436
436
436
201
179
436
436
179
209
193
213
177
436
197
436
436
172
136
129
159
436
184
436
201
119
174
436
117
142
436
592
436
110
218
436
195
159
192
436
148
155
436
436
188
227
436
436
161
436
179
136
149
436
171
436
436
436
436
119
229
436
193
436
164
436
150
436
436
172
182
436
436
436
436
204
436
110
436
110
184
230
436
111
177
141
166
180
199
436
216
252
436
220
109
209
162
436
436
436
436
436
436
110
200
181
200
436
161
436
436
436
436
436
436
141
436
436
194
436
436
436
436
436
173
131
436
220
129
436
436
166
150
214
169
436
436
436
436
143
110
210
436
436
251
174
436
436
436
128
272
146
436
436
109
109
436
137
217
436
116
436
209
436
148
206
436
221
176
436
178
436
436
436
436
436
135
121
436
436
190
110
436
436
436
436
436
188
436
158
170
436
134
122
156
436
436
436
436
436
436
436
436
436
436
436
126
436
436
436
210
436
436
436
436
136
436
170
436
436
195
436
436
436
436
436
436
178
117
436
152
109
436
436
161
436
436
436
436
223
436
436
436
134
118
436
436
112
436
436
436
436
153
436
436
118
436
436
436
436
156
436
151
117
123
436
174
436
436
174
128
436
436
436
436
436
436
436
436
436
117
436
238
436
436
178
436
436
436
436
117
127
436
166
436
114
436
436
120
436
436
155
436
436
436
436
436
436
132
150
180
436
182
123
157
127
153
680
121
112
170
436
436
115
185
166
436
121
436
129
436
436
167
152
436
436
198
436
436
436
436
436
436
436
436
189
141
436
195
168
436
436
436
436
436
436
436
127
436
436
436
436
112
436
436
436
164
436
150
195
207
436
189
436
436
129
133
436
436
436
436
110
153
436
115
436
436
436
436
436
436
207
173
436
436
163
165
436
436
381
436
155
436
436
436
436
436
436
436
436
436
152
426
436
436
109
436
436
436
436
436
184
143
436
436
436
147
436
436
149
436
201
212
436
436
436
436
436
399
436
436
436
199
436
436
134
151
436
436
436
436
436
436
110
436
436
167
436
109
436
436
436
191
436
436
436
436
241
436
174
436
162
436
176
436
436
169
436
204
436
436
436
436
142
436
436
266
436
114
109
436
197
436
436
436
436
436
436
436
436
207
436
150
110
436
436
436
436
436
436
135
436
185
149
436
436
136
175
188
436
436
436
436
167
436
436
136
436
163
436
436
436
436
172
436
123
436
436
122
436
436
200
221
436
436
148
128
436
186
436
170
436
436
436
138
436
436
436
436
436
436
436
436
436
436
436
436
111
436
436
436
436
109
436
436
436
436
436
436
436
436
436
436
113
436
110
436
119
123
436
436
436
436
119
436
436
436
436
436
436
436
436
436
110
436
436
436
212
436
436
436
436
436
436
436
436
436
436
436
436
436
436
436
436
436
436
436
200
129
178
436
436
436
436
118
436
126
436
154
436
436
436
436
162
436
109
436
436
436
436
152
209
160
436
436
111
109
436
436
436
436
436
436
436
174
436
155
436
436
164
436
436
436
436
436
436
436
436
436
436
436
436
436
436
436
436
436
436
436
436
436
436
436
225
436
238
436
436
111
436
436
436
119
436
436
436
165
436
436
436
436
436
436
436
436
123
201
436
436
122
436
130
436
436
436
436
436
109
142
436
436
436
436
139
147
436
436
436
436
436
436
436
436
156
436
436
436
436
436
157
436
436
436
436
436
436
436
148
436
436
174
436
436
436
436
436
157
436
436
140
114
436
436
436
436
436
436
436
436
436
436
436
436
436
436
159
436
436
436
436
436
436
436
436
436
114
436
436
436
115
436
436
436
436
109
118
436
436
436
427
436
436
188
436
436
134
436
436
436
193
242
436
436
436
436
436
436
436
155
436
436
436
436
436
436
436
436
436
436
436
436
436
436
436
436
436
436
436
150
436
436
436
436
436
436
436
436
179
436
436
436
111
436
436
436
139
436
436
436
436
436
436
436
436
436
436
436
436
436
436
436
436
436
436
436
436
120
436
436
436
436
436
436
436
125
110
436
109
436
436
436
436
436
119
436
436
436
436
436
436
436
436
436
436
436
436
436
119
436
436
185
436
436
436
436
436
436
436
436
436
436
436
436
436
436
436
436
436
436
109
436
436
436
436
436
436
149
436
436
436
436
436
138
436
436
436
436
436
436
436
436
436
436
436
436
436
436
436
436
122
436
436
436
436
436
436
436
436
436
436
436
221
436
436
436
436
436
436
130
436
436
436
436
436
436
436
436
436
436
436
436
436
436
109
436
436
436
436
436
436
436
436
436
436
436
436
436
436
134
111
436
436
436
436
436
436
110
436
436
436
436
192
436
436
436
436
436
436
436
436
436
436
436
436
436
436
436
436
436
109
436
436
436
436
436
436
436
436
436
436
436
436
436
436
436
436
436
436
436
114
436
436
109
436
436
436
436
436
436
436
436
436
436
436
436
436
436
436
436
436
436
436
138
436
436
436
436
163
436
436
155
110
436
436
436
436
436
436
436
127
436
436
436
436
436
436
142
192
436
436
436
114
436
436
436
436
436
436
436
111
436
436
436
436
436
436
436
139
126
436
436
436
436
436
436
436
436
436
436
436
436
436
146
436
436
436
436
436
436
436
436
436
436
436
436
436
436
436
436
110
436
436
436
436
436
436
436
436
436
436
436
436
436
436
436
436
436
436
436
436
436
436
436
436
115
436
436
436
436
436
436
436
436
436
436
161
436
436
436
436
436
436
436
436
436
436
436
436
436
436
436
436
436
130
436
436
436
436
436
436
436
436
436
436
436
247
436
436
436
436
436
436
436
436
436
436
436
109
436
436
436
436
436
436
436
436
436
436
436
436
436
436
436
436
436
436
436
436
436
436
436
436
436
436
436
436
436
436
436
436
436
436
436
436
436
436
118
436
436
436
436
436
436
436
436
436
436
436
395
436
193
436
436
436
436
109
436
436
436
436
436
436
436
436
436
436
436
436
436
436
436
436
436
436
436
436
436
436
436
436
436
436
436
436
436
436
436
436
436
436
436
436
436
436
436
436
436
436
436
436
436
436
436
436
436
436
436
436
436
142
436
436
436
436
436
436
436
436
144
436
436
436
436
436
436
436
436
436
436
436
436
436
436
436
436
436
436
436
436
436
436
436
436
436
436
436
436
436
436
436
436
436
436
436
436
436
436
436
436
436
436
436
436
436
436
436
436
436
109
436
436
436
436
436
436
436
436
436
436
436
436
436
436
436
436
436
436
436
436
436
436
436
436
436
436
436
436
436
436
436
436
436
436
436
436
436
436
436
436
436
436
436
436
436
436
436
436
436
436
436
436
436
436
436
436
180
436
436
436
436
436
436
129
436
436
436
436
436
436
436
436
436
436
436
436
436
436
436
436
436
436
436
436
436
436
436
436
436
436
436
436
436
436
436
436
436
436
436
436
436
436
436
436
436
436
436
436
436
436
436
436
436
127
436
436
436
436
436
436
436
436
436
436
436
436
436
436
436
436
436
436
436
436
436
401
436
436
436
436
436
436
436
436
436
436
436
436
436
436
436
436
436
436
436
436
436
436
436
436
436
436
436
436
436
436
436
436
436
436
436
436
436
436
436
436
436
436
436
436
111
436
436
436
436
436
436
436
436
436
436
436
109
436
436
436
436
436
436
436
436
436
436
436
436
436
436
436
436
436
436
436
436
436
436
436
436
436
436
436
436
436
436
436
436
436
436
436
436
436
436
436
436
436
436
436
436
436
436
436
436
436
436
436
436
436
436
436
436
436
436
436
436
436
723
436
436
436
436
436
436
436
436
436
436
436
436
436
436
436
436
436
436
436
436
436
436
416
436
436
436
436
436
436
436
436
436
436
436
436
436
436
436
436
436
436
436
436
436
436
436
436
436
436
436
436
436
436
436
436
436
436
436
436
436
436
436
436
436
436
436
436
436
436
436
436
436
436
436
436
436
436
436
436
109
436
436
436
436
436
436
436
436
436
436
436
436
436
436
436
436
125
436
436
123
436
436
436
436
436
436
436
436
436
436
436
436
436
436
436
436
436
436
436
436
436
436
436
436
436
436
436
436
436
436
436
436
436
436
436
436
436
436
436
436
436
436
436
436
436
436
436
436
436
436
436
436
436
436
436
436
436
436
436
436
436
436
436
436
436
436
436
436
436
436
436
436
436
436
436
436
436
436
436
436
436
436
436
436
436
436
436
436
436
436
436
436
436
436
436
436
436
436
436
436
436
436
436
436
436
436
436
436
436
436
436
436
436
200
436
436
436
436
436
436
436
436
436
436
436
436
436
436
436
436
436
436
436
436
436
436
436
436
436
436
436
436
436
436
436
436
436
436
436
436
436
436
436
436
436
436
436
436
436
135
436
436
436
436
436
436
436
436
436
436
436
436
436
436
436
436
436
436
436
436
436
436
436
436
436
436
436
436
436
436
436
436
436
436
436
436
436
436
436
436
436
436
436
436
436
436
436
436
436
436
436
436
436
436
436
436
436
436
436
436
436
436
436
436
436
436
436
436
436
436
436
436
436
436
436
436
436
436
436
436
436
436
436
436
436
436
436
436
436
436
436
436
436
436
436
436
436
436
436
436
436
436
436
436
436
436
436
436
436
436
436
436
436
436
436
436
436
436
436
436
436
436
436
436
436
436
436
436
436
436
436
436
436
436
436
436
436
436
436
436
436
436
436
436
436
436
436
436
436
436
436
436
436
436
436
436
436
436
436
436
436
436
436
436
436
135
436
436
436
436
436
436
436
436
436
436
436
436
436
436
436
436
436
436
436
436
436
436
436
436
436
436
436
436
436
436
436
436
436
146
436
436
436
436
436
436
436
436
436
436
436
436
436
436
436
436
436
436
436
436
436
436
436
436
436
436
436
436
436
436
436
436
436
436
436
436
436
436
436
436
436
436
436
436
436
436
436
436
436
436
436
436
436
436
436
436
436
162
436
436
436
436
436
436
436
436
436
436
436
436
436
436
436
436
436
182
436
436
436
436
436
436
436
436
436
436
436
436
436
436
436
436
436
436
436
436
436
436
436
436
436
436
436
436
436
436
436
436
436
436
436
436
436
436
436
436
436
436
436
436
436
436
436
436
436
436
436
436
436
436
436
436
436
436
436
436
436
129
436
436
436
436
436
436
436
436
436
436
436
436
436
436
436
436
436
436
436
436
436
436
436
436
436
436
436
436
436
436
436
436
436
436
436
436
436
436
436
436
436
436
436
436
436
436
436
436
436
436
436
436
436
436
436
436
436
436
436
436
436
436
436
436
436
436
436
436
436
436
436
436
436
436
436
436
436
436
436
436
436
436
436
436
436
395
436
436
436
436
436
436
436
436
436
436
436
436
436
436
436
436
436
436
436
436
436
436
436
436
436
436
436
436
436
436
436
436
436
436
436
436
436
436
436
436
436
436
436
436
436
436
436
436
436
436
436
436
436
436
436
436
436
436
436
436
436
436
436
436
436
436
436
436
436
436
436
436
436
436
436
436
436
436
436
436
436
436
436
436
436
436
436
436
436
436
436
436
436
436
436
436
436
436
436
436
436
436
436
436
436
436
436
436
436
436
436
436
436
436
436
436
436
436
436
436
436
436
111
436
436
436
436
436
436
436
436
436
436
436
436
436
436
436
436
436
436
436
436
436
436
436
436
436
436
436
436
436
436
436
436
109
436
436
436
436
436
436
436
436
436
436
436
436
436
436
436
436
436
436
436
436
436
436
436
436
436
436
436
436
436
249
436
436
436
436
436
436
436
436
436
436
436
436
436
436
436
436
436
436
436
436
436
436
436
436
436
436
436
436
436
436
436
436
436
436
436
436
436
436
436
436
436
436
436
436
436
436
436
436
436
436
436
436
436
436
436
436
436
436
436
436
436
436
436
436
436
436
436
436
436
436
436
436
436
436
436
436
436
436
436
436
436
436
436
436
436
436
436
436
436
436
436
436
436
436
436
436
436
436
436
436
436
436
436
436
436
436
436
436
346
436
436
436
436
436
436
436
436
436
436
436
436
436
436
436
436
436
436
436
436
436
436
436
436
436
436
436
436
436
436
436
436
436
436
436
436
436
436
436
436
436
436
436
436
436
436
436
436
436
436
436
436
436
436
436
436
436
436
436
436
436
436
436
436
436
436
436
436
436
436
436
436
436
436
436
436
436
436
436
436
436
436
436
436
436
436
436
436
436
436
436
436
436
436
436
436
436
436
436
436
436
436
436
436
436
436
436
436
436
436
436
436
436
436
436
436
436
436
436
436
436
436
436
436
436
436
436
436
436
436
436
436
436
436
436
436
436
436
436
436
436
436
436
436
436
436
436
436
436
436
436
436
436
436
436
436
436
436
436
436
436
436
436
436
436
436
436
436
436
436
436
436
436
436
436
168
436
436
436
436
436
436
436
436
436
436
436
436
436
436
436
436
436
436
436
436
436
436
436
436
436
436
436
436
436
436
436
436
436
436
436
436
436
436
436
436
436
436
436
436
436
436
436
436
436
436
436
436
436
436
436
436
436
436
436
436
436
436
436
436
436
436
436
436
436
436
436
436
436
436
436
436
436
436
436
436
436
436
436
436
436
436
436
436
436
436
436
436
436
436
436
436
436
436
436
436
436
436
436
436
436
436
436
436
436
456
436
436
436
436
436
436
436
436
436
436
436
436
436
436
436
436
436
436
436
436
436
436
436
436
436
436
436
436
436
436
436
436
436
436
436
436
436
436
436
436
436
436
436
436
436
436
436
436
436
436
436
436
436
436
436
436
436
436
436
436
436
436
436
436
436
436
436
436
436
436
436
436
436
125
436
436
436
436
436
436
436
436
436
436
436
436
436
436
436
436
436
436
436
436
436
436
436
436
436
436
436
436
436
436
436
436
436
436
436
436
436
436
436
436
436
436
436
436
436
436
436
436
436
436
436
436
436
436
436
436
436
436
436
436
436
436
436
436
436
436
436
436
436
436
436
436
436
436
436
436
436
436
436
436
436
436
436
436
436
436
436
436
436
436
436
436
436
436
436
436
109
436
196
436
436
436
436
436
436
436
436
436
436
436
436
436
436
436
436
436
436
436
436
436
436
436
436
436
436
436
436
436
436
436
436
436
436
436
436
436
436
436
436
436
436
436
436
436
436
436
436
436
436
436
436
436
436
436
436
436
436
436
436
436
436
436
436
436
436
436
436
436
436
436
436
436
436
436
436
436
436
436
436
436
436
436
436
436
436
436
436
436
436
436
436
436
436
436
436
436
436
436
436
436
436
436
436
436
436
436
436
436
436
436
436
436
436
436
436
436
436
436
436
436
436
436
436
390
436
436
436
436
436
436
436
112
436
436
436
436
436
436
436
436
436
436
436
436
436
436
436
436
436
436
436
436
436
436
436
436
436
436
436
436
436
436
436
436
436
436
436
436
436
436
436
436
436
436
436
436
436
436
436
436
436
436
436
436
436
130
436
436
436
436
436
436
436
436
436
436
436
436
436
436
436
436
436
436
436
436
436
436
436
436
436
436
436
436
436
436
436
436
436
436
436
436
436
436
436
436
436
436
436
436
436
436
436
436
436
436
436
436
436
436
436
436
436
436
436
436
436
436
436
436
436
436
436
436
436
436
436
436
436
436
436
436
436
436
436
436
436
436
436
436
436
436
436
436
436
436
436
436
436
436
436
436
436
436
436
436
436
436
436
436
436
436
436
436
436
436
436
436
436
436
436
436
436
436
436
436
436
436
436
436
436
436
436
436
436
436
436
436
436
436
436
436
436
436
436
436
436
436
436
436
436
436
436
436
436
436
436
436
436
436
436
436
436
436
436
436
436
436
436
436
436
436
436
436
436
436
436
436
436
436
436
436
436
436
436
436
436
436
436
436
436
436
436
436
436
436
436
436
436
436
436
436
436
436
436
436
436
436
436
436
436
436
436
436
436
436
436
436
436
436
436
436
436
436
436
436
436
436
436
436
436
436
436
436
436
436
436
436
436
436
484
436
436
436
436
436
436
436
436
436
436
436
436
436
436
436
436
436
436
436
436
436
436
436
436
436
436
436
436
436
436
436
436
436
436
436
436
436
436
436
436
436
436
436
436
436
436
436
436
436
436
436
436
436
436
436
436
436
436
436
436
436
436
436
436
436
436
436
436
436
436
436
436
436
436
436
436
436
436
436
176
436
436
436
436
436
436
436
436
436
436
436
436
436
436
436
436
436
436
436
436
436
436
436
436
436
436
436
436
436
436
436
436
436
436
436
436
436
436
436
436
436
436
436
436
436
436
436
436
436
436
436
436
436
436
436
436
436
436
436
436
436
436
436
436
436
436
436
436
436
436
436
436
436
436
436
436
436
436
436
436
436
436
436
436
436
436
436
436
436
436
436
436
436
436
436
436
436
436
436
204
436
436
436
436
436
436
436
436
436
436
436
436
436
436
436
436
436
436
436
436
436
436
436
436
436
436
436
436
436
436
436
436
436
436
436
436
436
436
436
436
436
436
436
436
436
436
436
436
436
436
436
436
436
436
436
436
436
436
436
436
436
436
436
436
436
436
436
436
436
436
436
436
436
436
436
436
436
436
436
436
436
436
436
436
436
436
436
436
436
436
436
436
436
436
436
436
436
436
436
436
436
436
436
436
436
436
436
436
436
436
436
436
436
436
436
436
436
436
436
436
436
436
436
436
436
436
436
436
436
436
436
436
436
436
436
436
436
436
436
436
436
436
436
436
436
436
436
436
436
436
436
436
436
436
436
436
436
436
436
245
436
436
436
436
436
436
436
436
436
436
436
436
436
436
436
436
436
436
436
436
436
436
436
436
436
436
436
436
436
436
436
436
436
436
436
436
436
436
436
436
436
436
436
436
436
436
436
436
436
436
436
436
436
436
436
436
436
436
436
436
436
436
436
436
436
436
436
436
436
436
436
436
436
436
436
436
436
436
436
436
436
436
436
436
436
436
436
436
436
436
436
436
436
436
436
436
436
436
436
436
436
436
436
436
436
436
436
436
436
436
436
436
436
436
436
436
436
436
436
436
436
436
436
436
436
436
436
436
436
436
436
436
436
436
436
436
436
436
436
436
436
436
436
436
436
436
436
436
436
436
436
436
436
436
436
436
436
436
436
436
436
436
436
436
436
436
436
436
436
436
436
436
436
436
436
436
436
436
436
436
436
436
436
436
436
436
436
436
436
436
436
436
436
436
436
436
436
436
436
436
436
436
436
436
436
436
436
436
436
436
436
436
436
436
436
436
436
436
436
436
436
436
436
436
436
436
436
436
436
436
436
436
436
436
436
436
436
436
436
436
436
436
436
436
436
436
436
436
436
436
436
436
436
436
436
436
436
436
436
436
436
436
436
436
436
436
436
436
436
436
436
436
436
436
436
436
436
436
436
436
436
436
436
436
436
436
436
436
436
436
436
436
436
436
436
436
436
436
436
436
436
436
436
436
436
436
436
436
436
436
436
436
436
436
436
436
436
436
436
436
436
436
436
436
436
436
436
436
436
436
436
436
436
436
436
436
436
436
436
436
436
436
436
436
436
436
436
436
436
436
436
436
436
436
436
436
436
436
436
436
436
436
436
436
436
436
436
436
436
436
436
436
436
436
436
436
436
436
436
436
436
436
436
436
436
436
436
436
436
436
436
436
436
436
436
436
436
436
436
436
436
436
436
436
436
436
436
436
436
436
436
436
436
436
436
436
436
436
436
436
436
436
436
436
436
436
436
436
436
436
436
436
436
436
436
436
436
436
436
436
436
436
436
436
436
436
436
436
436
436
436
436
436
436
436
436
436
436
436
436
436
436
436
436
436
436
436
368
436
436
436
436
436
436
436
436
436
436
436
436
436
436
436
436
436
436
436
436
436
436
436
436
436
436
436
436
436
436
436
436
436
436
436
436
436
436
436
436
436
436
436
436
436
436
436
436
436
436
436
436
436
436
436
436
436
436
436
436
436
436
436
436
436
436
436
436
436
436
436
436
436
436
436
436
436
436
436
436
436
436
436
436
436
436
436
436
436
436
436
436
436
436
436
436
436
436
436
436
436
436
436
436
436
436
436
436
436
436
436
436
436
436
436
436
436
436
436
436
436
436
436
436
436
436
436
436
436
436
436
436
436
436
436
436
436
436
436
436
436
436
436
436
436
436
436
436
436
436
436
436
436
436
436
436
436
436
436
436
436
436
436
436
436
436
436
436
436
436
436
436
436
436
436
436
436
436
436
436
436
436
436
436
436
436
436
436
436
436
436
436
436
436
436
436
436
436
436
436
436
436
436
436
436
436
436
436
436
436
436
436
436
436
436
436
436
436
436
436
436
436
436
436
436
436
436
436
436
436
436
436
436
436
436
436
436
436
436
436
436
436
436
436
436
436
436
436
436
436
436
436
436
436
436
436
436
436
436
436
436
436
436
436
436
436
436
436
436
436
436
436
436
436
436
436
436
436
436
436
436
436
436
436
436
436
436
436
436
436
436
436
436
436
436
436
436
436
436
436
436
436
436
436
436
436
436
436
436
436
436
436
436
436
436
436
436
436
436
436
436
436
436
436
436
436
436
436
436
436
436
436
436
436
436
436
436
436
436
436
436
436
436
436
436
436
436
436
436
436
436
436
436
436
436
436
436
436
436
436
436
436
436
436
436
436
436
436
436
436
436
436
436
436
436
436
436
436
436
436
436
436
436
436
436
436
436
436
436
436
436
436
436
436
436
436
436
436
436
436
436
436
436
436
436
436
436
436
436
436
436
436
436
436
436
436
436
436
436
436
436
436
436
436
436
436
436
436
436
436
436
436
436
436
436
436
436
436
436
436
436
436
436
436
436
436
436
436
436
436
436
436
436
436
436
436
436
436
436
436
436
436
436
436
436
436
436
436
436
436
436
436
436
436
436
436
436
436
436
436
436
436
436
436
436
436
436
436
436
436
436
436
436
436
436
436
436
436
436
436
436
436
436
436
436
436
436
436
436
436
436
436
436
436
436
436
436
436
436
436
436
436
436
436
436
436
436
436
436
436
436
436
436
436
436
436
436
436
436
436
436
436
436
109
436
436
436
436
436
436
436
436
436
436
436
436
436
436
436
436
436
436
436
436
436
436
436
436
436
436
436
436
436
436
436
436
436
436
436
436
436
436
436
436
436
436
436
436
436
436
436
436
436
436
436
436
436
436
436
436
436
436
436
436
436
436
436
436
436
436
436
436
436
436
436
436
436
436
436
436
436
436
436
436
436
436
436
436
436
436
436
436
436
436
436
436
436
436
436
436
436
436
436
436
436
436
436
436
436
436
436
436
436
436
436
436
436
436
436
436
436
436
436
436
436
436
436
436
436
436
436
436
436
436
436
436
436
436
436
436
436
436
436
436
436
436
436
436
436
436
436
436
436
436
436
436
436
436
436
436
436
436
436
436
436
436
436
436
436
436
436
436
436
436
436
436
436
436
436
436
436
436
436
436
436
436
436
436
436
436
436
436
436
436
436
436
436
436
436
436
436
436
436
436
436
436
436
436
436
436
436
436
142
436
436
436
436
436
436
436
436
436
436
436
436
436
436
436
436
436
436
436
436
436
436
436
436
436
436
436
436
436
436
436
436
436
436
436
436
436
436
436
436
436
436
436
436
436
436
436
436
436
436
436
436
436
436
436
436
436
436
436
436
436
436
436
436
436
436
436
436
436
436
436
436
436
436
436
436
436
436
436
436
436
436
436
436
436
436
436
436
436
436
436
436
436
436
436
436
436
436
436
436
436
436
436
436
436
436
436
436
436
436
436
436
436
436
436
436
436
436
436
436
436
436
436
436
436
436
436
436
436
436
436
436
436
436
436
436
436
436
436
436
436
436
436
436
436
436
436
436
436
436
436
436
436
436
436
436
436
436
436
436
436
436
436
436
436
436
436
436
436
436
436
436
436
436
436
436
436
436
436
436
436
436
436
436
436
436
436
436
436
436
436
436
436
436
436
436
436
436
436
436
436
436
436
436
436
436
436
436
436
436
436
436
436
436
436
436
436
436
436
436
436
436
436
436
436
436
436
436
436
436
436
436
436
436
436
436
436
436
436
436
436
436
436
436
436
436
436
436
436
436
436
436
436
436
436
436
436
436
436
436
436
436
436
436
493
436
436
436
436
436
436
436
436
436
436
436
436
436
436
436
436
436
436
436
436
436
436
436
436
436
436
436
436
436
436
436
436
436
436
436
436
436
436
436
436
436
436
436
436
436
436
436
436
436
436
436
436
436
436
436
436
436
436
436
436
436
436
436
436
436
436
436
436
436
436
436
436
436
436
436
436
436
436
436
436
436
436
436
436
436
436
436
436
436
436
436
436
436
436
436
436
436
436
436
239
436
436
436
436
436
436
436
436
436
436
436
436
436
436
436
436
436
436
436
436
436
436
436
436
436
436
436
436
436
436
436
436
436
436
436
436
436
436
436
436
436
436
436
436
436
436
436
436
436
436
436
436
436
436
436
436
436
436
436
436
436
436
436
436
436
436
436
436
436
436
436
436
436
436
436
436
436
436
436
436
436
436
436
436
436
436
436
436
436
436
436
436
436
436
436
436
436
436
436
436
436
436
436
436
436
436
436
436
436
436
436
436
436
436
436
436
436
436
436
436
436
436
436
436
436
436
436
436
436
436
436
436
436
436
436
436
436
436
436
436
436
436
436
436
436
436
436
436
436
436
436
436
436
436
436
436
436
436
436
436
436
436
436
436
436
436
436
436
436
436
436
436
436
436
436
436
436
436
436
436
436
436
436
436
436
436
436
436
436
436
436
436
436
436
436
436
436
436
436
436
436
436
436
436
436
436
436
436
436
436
436
436
436
436
436
436
436
436
436
436
436
436
436
436
436
436
436
436
436
436
436
436
436
436
436
436
436
436
436
436
436
436
436
436
436
436
436
436
436
436
436
436
436
436
436
436
436
436
436
436
436
436
436
436
436
436
436
436
436
436
436
436
436
436
436
436
436
436
436
436
436
436
436
436
436
436
436
436
436
436
436
436
436
436
436
436
436
436
436
436
436
436
436
436
436
436
436
436
436
436
436
436
436
436
436
436
436
436
436
436
436
436
436
436
436
436
436
436
436
436
436
436
436
436
436
436
436
436
436
436
436
436
436
436
436
436
436
436
436
436
436
436
436
436
436
436
436
436
436
436
436
436
436
436
436
436
436
436
436
436
436
436
436
436
436
436
436
436
436
436
436
436
436
436
436
436
436
436
436
436
436
436
436
436
436
436
436
436
436
436
436
436
436
436
436
436
436
436
436
436
436
436
436
436
436
436
436
436
436
436
436
436
436
436
436
436
436
436
436
436
436
436
436
436
436
436
436
436
436
436
436
436
436
436
436
436
436
436
436
436
436
436
436
436
436
436
436
436
436
436
436
436
436
436
436
436
436
436
436
436
436
436
436
436
436
436
436
436
436
436
436
436
436
436
436
436
436
436
436
436
436
436
436
436
436
436
436
436
436
436
436
436
436
436
436
436
436
436
436
436
436
436
436
436
436
436
436
436
436
436
436
436
436
436
436
436
436
436
436
436
436
436
436
436
436
436
436
436
436
436
436
436
436
436
436
436
436
436
436
436
436
436
436
436
436
436
436
436
436
436
436
436
436
436
436
436
436
436
436
436
436
436
436
436
436
436
436
436
436
436
436
436
436
436
436
436
436
436
436
436
436
436
436
436
436
436
436
436
436
436
436
436
436
436
436
436
436
436
436
436
436
436
436
436
436
436
436
436
436
436
436
436
436
436
436
436
436
436
436
436
436
436
436
436
436
436
436
436
436
436
436
436
436
436
436
436
436
436
436
436
436
436
436
436
436
436
436
436
436
436
436
436
436
436
436
436
436
436
436
436
436
436
436
436
436
436
436
436
436
436
436
436
436
436
436
436
436
436
436
436
436
436
436
436
436
436
436
436
436
436
436
436
436
436
436
436
436
436
436
436
436
436
436
436
436
436
436
436
436
436
436
436
436
436
436
436
436
436
436
436
436
436
436
436
436
436
436
436
436
436
436
436
436
436
436
436
436
436
436
436
436
436
436
436
436
436
436
436
436
436
436
436
436
436
436
436
436
436
436
436
436
436
436
436
436
436
436
436
436
436
436
436
436
436
436
436
436
436
436
436
436
436
436
436
436
436
436
436
436
436
436
436
436
436
436
436
436
436
436
436
436
436
436
436
436
436
436
436
436
436
436
436
436
436
436
436
436
436
436
436
436
436
436
436
436
436
436
436
436
436
436
436
436
436
183
436
436
436
436
436
436
436
436
436
436
436
436
436
436
436
436
436
436
436
436
436
436
436
436
436
436
436
436
436
436
436
436
436
436
436
436
436
436
436
436
436
436
436
436
436
436
436
436
436
436
436
436
436
436
436
436
436
436
436
436
436
436
436
436
436
436
436
436
436
436
436
436
436
436
436
436
436
436
436
436
436
436
436
436
436
436
436
436
436
436
436
436
436
436
436
436
436
436
436
436
436
436
436
436
436
436
436
436
436
436
436
436
436
436
436
436
436
436
436
436
436
436
436
436
436
436
436
436
436
436
436
436
436
436
436
436
436
436
436
436
436
436
436
436
436
436
436
436
436
436
436
436
436
436
436
436
436
436
436
436
436
436
436
436
436
436
436
436
436
436
436
436
436
436
436
436
436
436
436
436
436
436
436
436
436
436
436
436
436
436
436
436
436
436
436
436
436
436
436
436
436
436
436
436
484
436
436
436
436
436
436
436
436
436
436
436
436
436
436
436
436
436
436
436
436
436
436
436
436
436
436
436
436
436
436
436
436
436
436
436
436
436
436
436
436
436
436
436
436
436
436
436
436
436
436
436
436
436
436
436
436
436
436
436
436
436
436
436
436
436
436
436
436
436
436
436
436
436
436
436
436
436
436
436
436
436
436
436
436
436
436
436
436
436
436
436
436
436
436
436
436
436
436
436
436
436
436
436
436
436
436
436
436
436
436
436
436
436
436
436
436
436
436
436
436
436
436
436
436
436
436
436
436
436
436
436
436
436
436
436
436
436
436
436
436
436
436
436
436
436
436
436
436
436
436
436
436
436
436
436
436
436
436
436
436
436
436
436
436
436
436
436
436
436
436
436
436
436
436
436
436
436
436
436
436
436
436
436
436
436
436
436
436
436
436
436
436
436
436
436
436
436
436
436
436
436
436
436
436
436
436
436
436
436
436
436
436
436
436
436
436
436
436
436
436
436
436
436
436
436
436
436
436
436
436
436
436
436
436
436
436
436
436
436
436
436
436
436
436
436
436
436
436
436
436
436
436
436
436
436
436
436
436
436
436
436
436
436
436
436
436
436
436
436
436
436
436
436
436
436
436
436
436
436
436
436
436
436
436
436
436
436
436
436
436
436
436
436
436
436
436
436
436
436
436
436
436
436
436
436
436
436
436
436
436
436
436
436
436
436
436
436
436
436
436
436
436
436
436
436
436
436
436
436
436
436
436
436
436
436
436
436
436
436
436
436
436
436
436
436
436
436
436
436
436
436
436
436
436
436
436
436
436
436
436
436
436
436
436
436
436
436
436
436
436
436
436
436
436
436
436
436
436
436
436
436
436
436
436
436
436
436
436
436
436
436
436
436
436
436
436
436
436
436
436
436
436
436
436
436
436
436
436
436
436
436
436
436
436
436
436
436
436
436
436
436
436
436
436
436
436
436
436
436
436
436
436
436
436
436
436
436
436
436
436
436
436
436
436
436
436
436
436
436
436
436
436
436
436
436
436
436
436
436
436
436
436
436
436
436
436
436
436
436
436
436
436
436
436
436
436
436
436
436
436
436
436
436
436
436
436
436
436
436
436
436
436
436
436
436
436
436
436
436
436
436
436
436
436
436
436
436
436
436
436
436
436
436
436
436
436
436
436
436
436
436
436
436
436
436
436
436
436
436
436
436
436
436
436
436
436
436
436
436
436
436
436
436
436
436
436
436
436
436
436
436
436
436
436
436
436
436
436
436
436
436
436
436
436
436
436
436
436
436
436
436
436
436
436
436
436
436
436
436
436
436
436
436
436
436
436
436
436
436
436
436
436
436
436
436
436
436
436
436
436
436
436
436
436
436
436
436
436
436
436
436
436
436
436
436
436
436
436
436
436
436
436
436
436
436
436
436
436
436
436
436
436
436
436
436
436
436
436
436
436
436
436
436
436
436
436
436
436
436
436
436
436
436
436
436
436
436
436
436
436
436
436
436
436
436
436
436
436
436
436
436
436
436
436
