473
540
467
452
531
414
570
442
466
437
455
689
522
613
510
426
452
469
485
407
429
406
440
387
384
503
386
480
482
400
505
608
428
547
449
440
404
534
414
416
391
421
554
738
501
540
387
481
530
391
506
488
451
420
375
375
394
392
526
448
400
403
450
402
588
569
353
355
640
466
381
432
511
368
628
449
372
441
475
382
459
616
425
335
482
430
426
371
413
377
377
419
420
344
573
435
373
457
498
466
396
365
379
482
448
509
386
611
492
498
362
477
530
532
437
406
430
360
463
474
512
432
435
402
375
443
409
444
358
364
529
355
424
373
419
429
365
395
344
558
469
438
647
408
485
559
437
612
340
381
437
351
381
400
449
530
458
369
479
417
375
474
573
452
377
379
575
376
362
475
603
520
438
685
438
445
505
558
410
335
500
548
704
375
370
393
434
378
357
384
373
381
537
327
339
489
539
355
344
417
402
433
389
363
387
353
480
464
308
369
429
333
467
403
380
518
579
362
534
372
355
389
490
501
351
334
376
360
417
517
473
413
437
495
305
468
607
458
404
443
523
512
391
391
604
712
398
516
376
331
464
418
447
473
460
474
497
362
395
473
704
518
460
401
356
661
401
381
554
493
375
396
396
627
567
317
348
422
310
332
389
398
447
402
449
385
444
341
316
431
340
418
425
411
447
420
447
326
472
450
354
353
357
339
414
428
530
340
473
695
432
433
503
471
389
603
460
463
336
393
477
465
382
449
367
421
466
626
605
496
370
595
364
310
329
508
316
385
363
364
354
458
361
328
379
358
474
517
368
344
424
318
377
361
340
543
324
369
529
362
606
342
355
367
726
329
361
505
388
375
357
529
434
412
293
534
536
392
356
556
453
336
409
338
420
421
413
374
409
463
480
460
390
363
366
345
588
340
484
388
412
413
393
361
631
584
396
385
334
370
403
383
384
401
360
379
507
569
356
409
402
419
393
368
447
453
503
1236
332
470
370
371
380
419
351
342
318
362
350
349
310
545
380
361
553
451
368
373
451
359
344
390
566
354
323
403
456
392
403
454
362
301
337
740
320
494
332
405
324
335
392
399
528
366
375
338
372
430
357
443
469
559
396
337
373
475
469
394
395
355
384
398
325
396
385
332
431
394
368
335
490
436
534
675
362
386
439
399
343
501
709
428
326
665
348
398
428
597
405
341
674
341
324
366
373
342
425
443
342
298
365
418
454
470
371
428
359
386
367
389
373
434
345
320
383
332
337
302
392
482
504
487
341
417
901
620
367
334
327
504
539
489
416
377
358
389
433
626
415
491
412
302
834
484
395
390
321
419
354
383
301
354
304
357
528
335
388
353
520
407
383
513
690
351
397
798
371
297
338
724
433
405
375
309
307
392
499
415
492
359
357
393
354
360
551
520
370
392
387
627
369
346
427
531
411
341
551
308
330
382
387
419
729
431
347
381
418
326
690
347
352
331
413
319
426
586
583
329
559
345
519
468
285
454
391
313
323
400
540
409
339
392
346
301
358
369
607
478
382
346
331
545
550
380
436
392
328
433
407
436
395
500
354
302
413
355
349
478
372
445
322
321
491
454
397
305
295
375
515
354
476
338
360
575
356
484
355
338
423
372
349
492
468
344
341
437
504
577
409
342
324
365
488
314
463
318
417
372
327
317
306
494
476
391
364
647
341
395
593
454
486
350
391
340
433
371
356
303
375
333
415
584
355
311
606
281
513
322
278
407
346
375
667
280
414
345
411
345
691
339
409
333
361
363
316
387
376
411
327
387
434
531
437
397
352
396
428
440
310
533
492
359
392
425
319
351
393
318
308
387
360
327
438
333
326
331
526
378
365
304
409
393
348
568
327
384
348
386
440
559
346
345
349
334
313
404
315
457
522
350
330
326
540
335
524
342
555
335
476
326
410
547
334
505
334
636
367
303
404
435
290
378
303
442
341
306
654
428
346
340
383
301
424
529
528
307
521
343
329
435
424
322
408
378
515
496
324
299
429
346
399
360
424
376
363
351
383
501
442
326
327
320
390
500
334
370
329
397
377
368
572
550
432
323
465
338
403
417
295
511
556
296
520
548
455
350
453
395
423
364
598
362
452
349
363
299
754
423
354
403
292
407
303
325
468
302
323
385
391
315
440
664
389
332
366
328
499
437
495
334
362
483
354
422
280
332
483
456
356
335
351
383
374
423
356
318
461
410
398
351
456
355
561
520
372
319
471
354
328
308
720
334
453
271
336
380
553
295
399
319
611
370
463
369
355
431
384
367
333
309
720
342
318
527
433
599
571
314
342
395
328
344
672
377
312
329
443
708
317
287
733
352
302
384
573
564
353
432
332
380
358
330
293
256
401
492
418
384
315
319
410
340
295
297
585
309
339
515
357
285
322
404
381
361
435
427
329
385
583
370
433
359
383
341
284
387
319
344
791
348
375
674
393
423
314
287
434
320
361
307
326
368
498
336
444
434
358
344
304
357
408
343
327
396
342
449
428
477
541
315
330
468
326
382
520
348
314
537
326
362
367
374
492
346
403
340
516
485
367
557
488
306
347
575
325
413
258
497
397
404
311
281
455
313
322
400
338
430
319
296
395
561
423
302
395
344
389
428
458
293
433
530
378
366
536
334
343
287
350
321
313
323
313
733
346
347
367
531
330
352
460
306
471
272
350
305
450
589
318
417
299
294
365
600
353
393
310
287
474
311
297
331
349
345
317
476
352
318
296
315
339
402
291
482
343
323
341
471
416
353
322
319
414
378
513
358
311
340
369
340
430
384
358
395
350
453
266
428
482
365
340
345
305
415
334
355
357
413
500
288
348
564
331
395
340
421
395
364
322
331
346
324
444
387
316
378
554
316
274
410
400
302
506
329
365
344
409
487
416
393
301
456
365
382
365
368
426
324
383
493
258
390
409
436
337
463
554
282
374
299
357
519
604
332
380
344
519
401
372
542
336
365
552
362
294
257
405
293
323
407
277
322
353
329
570
330
497
368
374
434
492
358
565
342
310
261
268
388
430
259
334
306
299
321
382
354
556
499
596
271
345
381
355
438
601
375
329
441
429
325
425
344
372
328
355
359
355
295
461
406
287
258
384
610
340
489
402
308
334
483
348
403
354
415
320
375
347
330
284
355
280
333
294
312
349
574
312
330
345
326
322
294
503
389
533
433
278
473
377
361
415
297
386
371
441
537
451
288
329
345
333
330
552
291
310
333
276
325
311
328
309
350
441
439
570
470
633
336
414
350
275
354
390
389
419
375
307
353
379
321
479
345
423
318
284
386
387
361
398
294
466
423
338
425
360
327
350
320
521
326
490
470
367
313
338
423
360
309
263
284
319
498
289
301
402
289
388
385
454
435
439
314
327
302
595
271
328
300
578
776
478
302
320
409
376
442
413
291
291
357
331
321
329
360
406
291
362
326
271
254
383
477
377
309
353
360
275
367
338
334
337
594
471
354
536
301
347
902
308
333
342
438
379
321
335
312
418
342
308
443
497
312
537
339
413
323
316
309
452
375
408
371
375
333
280
327
514
674
568
333
464
390
602
350
334
611
342
348
351
440
369
284
324
371
327
530
299
419
364
351
327
334
498
466
692
479
385
464
747
306
329
357
329
473
515
478
324
363
321
355
344
422
430
402
357
320
416
390
619
360
553
357
295
366
304
327
359
457
362
341
312
278
294
429
376
458
599
788
398
450
362
332
406
591
343
405
305
309
311
485
464
347
299
316
346
467
546
397
612
374
509
403
369
304
397
323
245
289
409
482
399
281
488
392
274
350
295
436
397
325
365
464
311
523
349
348
338
280
299
315
338
531
286
474
327
468
326
370
318
408
297
412
468
408
473
260
341
445
337
579
472
324
318
295
483
344
284
307
340
566
371
272
459
288
288
518
361
274
342
639
346
248
336
263
406
312
328
461
412
297
328
361
317
347
401
331
435
356
309
309
340
390
281
380
365
427
357
343
368
314
383
317
368
363
336
366
283
337
334
362
340
497
325
342
364
813
440
355
311
375
271
332
425
324
561
398
283
337
372
611
310
291
378
269
557
596
473
609
267
368
501
401
305
365
344
316
475
542
362
280
259
314
342
337
314
451
393
273
522
308
319
385
267
307
367
354
406
381
387
380
373
353
320
319
446
353
293
331
500
384
283
302
358
322
295
295
282
337
264
371
403
378
346
500
313
451
300
468
360
379
297
325
319
295
520
297
319
344
377
270
301
287
307
333
358
368
326
287
322
270
247
486
309
276
339
371
407
398
292
320
402
366
318
495
359
371
299
314
380
476
378
377
362
254
388
322
317
380
297
320
378
363
378
367
332
433
313
280
533
322
378
320
412
331
324
337
353
329
257
324
341
316
362
267
343
352
317
256
559
235
348
260
496
286
415
278
338
307
291
384
466
394
335
414
432
331
344
297
322
306
432
405
377
333
252
281
569
301
328
278
439
394
378
426
336
350
282
282
319
300
324
351
380
624
395
573
347
369
515
278
587
362
614
503
468
314
305
296
331
292
306
300
372
246
537
294
373
304
480
320
325
263
325
307
853
297
541
477
287
380
568
300
339
340
395
309
330
325
332
440
392
291
293
342
381
381
348
269
611
500
303
318
493
328
311
267
243
335
313
486
292
377
394
386
354
321
309
351
332
313
437
346
475
257
339
433
330
570
328
307
319
316
318
326
371
379
249
310
448
360
303
233
349
295
386
405
1186
307
421
254
271
362
303
296
403
285
334
341
332
578
509
462
336
413
432
341
495
837
901
319
374
320
421
669
295
335
401
303
356
321
558
299
338
381
418
446
316
326
362
296
345
289
266
424
418
313
323
733
413
321
328
306
259
604
340
325
360
275
293
273
439
374
281
333
302
250
300
339
367
275
387
380
286
385
330
259
257
270
368
300
274
362
313
288
330
319
374
302
481
314
406
788
347
298
383
360
479
380
351
355
275
249
322
384
303
365
356
343
371
283
505
381
391
360
309
328
334
528
306
421
292
267
456
415
275
341
273
283
381
329
288
378
356
518
325
387
524
651
382
327
297
303
276
296
301
431
370
351
332
323
327
345
732
276
327
256
259
364
282
334
344
265
373
606
289
295
270
368
317
341
452
369
315
296
429
306
341
342
260
433
263
469
359
281
280
385
289
266
421
265
371
309
532
311
438
576
417
465
369
565
442
296
299
312
311
362
297
334
335
272
270
270
639
367
415
434
321
502
380
476
293
327
321
283
277
305
311
274
406
350
276
327
439
326
273
273
396
323
340
303
397
382
1098
348
381
336
277
461
308
303
363
332
294
278
333
377
321
354
323
383
332
424
576
294
383
309
290
381
341
260
294
356
319
251
309
350
375
308
299
352
289
481
265
280
355
368
263
297
360
302
390
265
406
398
266
316
355
407
287
291
408
269
502
355
283
372
351
348
334
273
309
358
266
321
355
310
492
280
312
295
370
360
430
286
280
372
261
421
318
326
275
267
381
335
315
321
405
380
334
276
252
361
267
371
345
676
276
485
356
446
309
293
250
302
323
266
382
373
266
239
299
300
296
343
304
280
298
377
340
329
524
302
362
488
343
350
296
272
340
297
246
326
314
281
244
305
312
306
474
367
316
301
301
359
274
269
299
293
265
300
293
271
318
458
382
294
813
438
333
351
399
580
325
320
284
310
280
304
393
284
349
313
527
456
416
258
375
271
326
386
368
372
321
307
295
315
255
283
312
325
327
297
276
467
311
327
336
272
403
281
341
318
275
427
265
293
294
297
751
612
258
590
568
384
350
246
396
303
674
353
494
271
287
289
346
389
309
294
361
246
342
249
282
417
416
231
296
368
268
340
285
232
373
358
390
266
315
360
399
552
626
678
321
349
343
292
470
687
264
276
740
271
309
328
630
344
291
321
507
256
364
375
433
469
333
419
338
307
273
255
314
519
301
464
360
357
289
281
298
273
348
313
318
321
255
363
349
298
496
304
272
324
284
276
275
265
648
354
317
342
297
318
330
230
262
390
298
262
304
313
337
524
345
365
306
304
344
275
299
498
264
313
320
270
638
353
321
327
409
290
306
275
344
299
666
292
386
328
276
366
314
289
331
378
272
276
440
258
402
275
353
296
261
280
358
269
261
398
277
305
279
353
365
630
545
525
312
272
319
326
333
506
369
351
285
362
446
294
314
260
327
532
372
239
955
239
324
717
322
249
328
265
313
235
279
277
288
260
429
334
648
278
262
326
385
305
343
328
266
294
393
282
301
307
342
279
355
236
328
307
254
450
252
499
317
269
338
282
414
440
375
361
297
305
305
381
265
293
288
295
271
471
773
320
335
246
310
291
456
278
325
359
418
325
300
271
398
337
259
316
307
345
317
446
300
333
392
481
248
413
300
249
266
273
313
287
359
362
264
260
268
265
282
287
239
299
335
300
503
282
286
297
310
243
318
279
343
286
331
394
238
284
455
368
360
291
269
310
357
231
491
476
561
365
336
324
428
428
288
452
346
269
400
296
237
372
241
267
272
264
901
328
277
442
378
492
318
321
350
256
317
297
327
390
260
386
434
302
394
296
316
420
279
400
510
266
279
322
272
575
437
440
288
266
315
275
372
268
421
288
280
394
251
362
265
290
299
333
353
370
241
385
344
350
285
265
532
331
269
271
378
296
310
337
263
309
507
407
313
230
606
335
302
385
314
253
445
310
305
348
271
290
280
451
385
389
270
314
458
275
316
263
301
341
324
257
320
291
284
445
399
560
292
400
257
266
271
291
393
326
627
305
307
283
274
257
275
281
266
255
385
318
266
284
279
335
291
306
249
296
331
284
295
304
363
298
595
264
275
319
312
293
292
364
540
366
387
295
399
429
273
397
259
249
335
396
244
292
245
342
323
347
313
288
235
283
291
365
283
666
346
295
260
301
355
321
413
257
302
307
265
250
233
337
240
303
573
301
264
322
274
253
268
290
327
294
330
340
334
504
257
304
393
360
283
245
315
259
367
296
272
587
381
281
278
359
342
320
456
247
294
285
259
319
448
278
212
410
332
286
275
422
255
264
300
491
338
237
392
274
258
412
280
393
229
335
427
300
343
259
299
259
268
335
505
369
283
332
275
287
260
294
359
271
316
247
298
273
308
499
548
245
268
299
396
286
267
322
528
234
287
453
395
456
528
411
294
232
248
332
273
280
342
383
270
401
239
376
243
336
291
288
225
254
296
511
271
268
335
342
511
322
573
285
274
274
590
266
427
291
357
286
335
283
322
272
302
276
636
353
245
297
302
275
266
227
320
249
505
406
560
503
531
293
418
418
243
375
317
255
239
326
330
384
387
338
395
242
605
290
334
555
286
485
306
327
291
377
320
341
345
258
221
470
432
261
328
318
253
302
261
317
259
268
290
333
289
242
271
434
260
281
333
347
350
296
253
335
282
312
377
268
360
420
441
286
553
257
308
279
853
268
312
235
402
278
291
297
287
288
609
275
279
321
360
311
265
271
322
308
282
252
332
271
260
254
470
255
266
272
395
422
390
504
289
309
302
255
295
276
326
270
370
320
337
302
257
431
477
236
292
338
285
268
282
301
336
283
352
276
606
281
356
259
322
319
367
401
306
234
307
278
287
303
266
209
284
296
485
313
274
291
325
261
298
294
257
413
245
309
282
286
252
296
249
406
333
261
309
249
265
296
457
280
246
693
248
392
261
412
229
311
298
406
218
306
275
283
338
331
272
398
312
411
274
450
390
220
279
325
299
308
264
471
307
291
243
295
323
422
260
274
267
306
391
317
326
271
308
249
308
357
244
232
225
241
280
267
234
369
257
296
349
327
289
405
253
333
291
296
236
238
513
286
285
425
565
280
503
305
309
426
234
264
289
310
280
315
307
293
464
264
452
369
504
257
279
244
329
247
323
238
307
242
406
505
435
546
407
465
247
293
353
439
360
334
589
299
268
314
434
253
228
225
235
550
290
260
253
266
238
274
268
686
265
318
518
225
232
346
283
285
430
239
317
237
279
577
318
393
246
286
220
293
384
270
327
327
264
288
212
393
416
329
330
266
407
375
354
269
241
363
561
262
261
276
315
267
224
256
296
265
277
319
271
298
253
299
254
275
402
330
284
448
230
410
265
279
234
334
236
275
341
296
302
290
249
593
275
261
310
292
236
233
316
475
292
327
275
308
248
540
309
268
307
262
313
221
304
367
270
260
354
293
341
410
290
321
520
387
302
327
308
247
279
248
274
361
243
323
249
826
503
413
248
260
261
296
291
283
327
248
248
279
369
271
439
333
245
325
230
401
296
947
365
284
231
254
268
320
508
316
264
256
251
379
284
463
366
312
245
560
228
388
273
291
258
306
362
300
287
298
321
271
297
279
311
398
459
302
358
434
606
303
375
332
240
291
306
435
307
285
421
255
485
401
282
380
313
269
257
379
335
250
263
311
231
267
327
398
288
340
286
269
297
317
254
288
278
489
248
310
248
359
241
282
246
294
345
255
292
328
262
271
433
321
308
557
493
507
327
238
271
251
277
325
504
274
299
272
245
273
373
217
234
266
276
221
295
257
301
285
261
270
306
362
373
228
382
201
320
256
211
316
225
258
262
265
249
293
451
611
274
733
241
283
303
329
263
324
267
306
302
352
281
258
458
273
283
272
285
279
259
321
276
269
258
245
354
416
263
203
294
359
237
266
246
314
229
252
273
507
312
356
368
305
250
456
272
250
390
283
277
260
280
312
296
359
224
244
272
280
218
261
245
286
286
301
248
358
452
280
344
280
302
287
272
260
290
276
242
308
231
242
314
413
286
355
497
288
332
417
260
252
265
255
274
361
270
216
262
276
325
250
295
252
244
323
227
280
241
221
207
360
268
245
323
246
548
278
388
301
269
248
269
299
266
342
331
284
261
409
333
285
302
282
254
203
325
419
353
314
307
273
269
270
294
353
502
318
288
265
320
570
230
221
270
797
232
274
256
311
282
376
251
217
448
237
316
284
316
277
272
484
273
323
433
339
271
247
315
262
305
286
278
244
536
230
219
234
406
342
257
289
514
240
248
290
233
271
316
364
408
561
257
274
350
255
412
275
310
319
276
327
296
330
357
236
221
283
902
263
312
295
412
368
349
247
301
227
205
298
310
301
425
300
374
274
285
333
258
225
327
228
247
244
292
221
270
224
244
232
235
315
330
277
294
226
222
347
204
484
263
548
328
245
314
224
315
350
289
294
247
320
304
273
228
280
273
312
284
270
257
379
241
355
255
212
271
376
277
265
466
325
301
294
323
255
259
205
252
362
244
303
298
254
276
462
379
247
283
224
634
300
262
282
691
229
246
213
229
275
505
267
351
265
240
257
310
747
259
609
359
229
220
240
224
244
273
335
204
258
203
267
561
294
260
292
276
274
239
223
270
256
320
290
284
268
289
272
258
216
314
255
251
335
222
345
246
268
278
947
250
434
343
285
273
314
221
243
259
241
282
267
268
284
229
269
269
236
212
287
485
232
245
263
230
282
259
293
289
513
254
325
343
243
245
273
281
242
324
243
254
695
220
308
395
252
318
275
531
531
199
218
268
302
262
263
266
277
242
288
261
262
295
294
352
283
491
252
238
323
268
256
316
215
276
299
238
773
651
232
269
242
240
224
228
305
249
327
294
217
270
244
274
303
310
262
251
259
484
261
396
261
374
270
372
239
305
303
294
359
320
213
259
374
322
292
379
267
401
258
499
319
287
236
274
297
271
252
348
285
206
309
245
238
245
382
264
253
268
290
296
301
292
481
213
282
286
574
329
255
260
259
248
344
309
295
221
275
285
276
352
227
381
302
376
398
301
291
273
240
343
256
294
303
235
247
241
256
297
467
357
285
255
272
425
276
314
273
380
226
570
233
299
424
361
270
268
207
239
323
290
291
274
254
243
410
488
240
259
494
251
291
297
347
270
318
383
293
276
261
247
246
316
264
351
268
287
297
282
288
306
310
251
314
225
266
285
266
320
250
330
324
251
234
335
252
224
274
268
214
232
241
333
242
322
244
314
389
563
237
286
234
423
238
213
530
301
230
310
420
271
218
296
287
476
286
267
223
285
243
277
211
219
337
265
245
199
217
240
267
245
247
405
788
339
323
508
448
235
325
397
277
332
244
251
244
251
205
265
216
332
328
565
210
273
249
262
249
279
301
209
256
210
384
246
405
272
241
418
248
211
249
300
370
244
419
268
218
330
245
327
485
223
437
295
255
371
230
249
345
244
345
273
277
228
284
320
267
296
246
558
271
325
265
343
291
301
492
277
263
342
358
234
295
244
272
274
225
250
212
272
266
260
246
294
195
217
245
264
288
345
275
248
208
611
217
343
350
288
272
473
570
326
296
366
329
239
236
662
248
759
262
258
226
280
250
235
268
267
291
311
293
247
243
380
226
253
285
223
260
272
337
598
446
236
229
245
211
270
310
257
204
223
379
227
230
222
295
220
343
222
301
258
196
331
262
277
291
231
248
311
196
207
225
225
291
231
234
218
222
241
372
332
308
294
299
322
256
223
276
329
405
492
222
233
253
235
354
264
196
262
344
213
226
215
329
280
355
242
258
264
281
214
269
497
221
270
239
233
236
256
303
268
545
228
310
289
252
245
254
261
538
607
252
241
247
260
253
280
246
269
258
255
319
239
239
327
222
487
274
508
223
264
263
205
341
231
333
286
240
446
244
246
244
227
213
401
216
225
270
241
313
279
231
322
354
326
232
220
473
337
455
243
268
320
246
310
264
272
349
213
315
276
208
257
227
222
234
252
626
515
239
376
282
225
289
441
249
283
365
318
423
251
255
214
199
285
293
320
507
223
198
219
259
346
282
271
364
232
251
324
246
288
296
246
268
243
369
219
207
312
364
382
243
218
217
301
193
245
211
355
255
308
323
215
220
241
397
303
269
311
339
318
217
226
241
273
363
256
668
254
243
413
271
222
213
266
187
204
209
540
238
230
268
196
261
271
223
274
274
288
280
288
281
357
289
258
244
317
333
263
304
310
306
266
257
470
383
203
212
540
252
269
206
409
232
268
286
234
412
342
288
230
303
281
261
363
295
245
246
269
225
316
348
725
271
240
198
270
260
208
391
277
248
216
280
265
717
515
243
275
203
386
301
260
252
327
210
219
241
465
209
224
286
200
445
286
217
207
392
242
213
333
244
243
249
254
228
184
340
351
296
247
202
241
291
314
239
235
511
240
393
243
308
348
341
253
285
299
280
342
298
208
244
292
366
292
263
317
285
725
288
198
557
226
300
363
214
200
294
241
337
267
227
190
225
219
219
261
290
202
199
229
292
291
204
212
244
267
212
251
220
436
231
235
305
224
251
244
214
259
203
262
273
289
261
218
318
312
253
404
281
288
327
299
276
224
210
216
522
470
285
202
203
323
360
333
275
226
251
312
310
251
589
217
247
258
255
237
257
217
285
205
248
338
335
219
611
221
225
261
291
204
237
257
247
298
209
580
190
231
218
452
269
224
302
238
356
257
224
215
219
275
237
231
208
274
263
391
264
221
391
269
227
287
619
255
265
218
214
229
242
208
229
380
199
245
216
204
252
248
196
263
247
219
202
371
269
341
259
286
219
196
281
200
205
190
608
267
362
266
246
238
292
289
463
196
349
238
346
287
222
314
267
234
197
250
196
231
293
228
385
208
269
481
219
224
204
233
191
272
334
277
199
277
229
268
202
229
399
330
282
242
260
251
228
219
235
286
305
410
235
292
229
258
189
754
226
220
313
212
320
234
246
284
244
188
201
280
283
242
305
271
228
231
250
231
212
306
193
265
355
242
306
215
511
243
227
314
230
213
391
253
205
214
264
267
232
212
267
399
236
215
211
338
299
568
216
230
229
203
226
340
276
242
294
347
271
266
306
261
205
222
204
250
226
203
273
210
212
295
247
251
262
239
309
235
217
401
248
262
264
272
272
331
251
215
196
231
284
232
317
284
310
309
203
281
194
258
232
205
270
307
194
256
266
237
257
224
289
263
296
194
311
234
309
240
322
277
262
248
316
280
256
308
261
249
273
288
277
703
214
301
248
235
233
229
203
317
222
255
300
201
225
216
216
515
219
285
216
311
239
249
281
274
357
338
433
451
275
229
259
233
242
209
379
259
259
267
325
224
420
313
834
376
231
246
228
306
200
545
308
285
195
250
401
319
204
224
366
347
257
287
212
258
191
236
291
376
279
393
203
270
284
221
254
221
256
291
302
237
224
229
192
220
261
275
211
259
214
329
518
195
220
230
222
245
213
276
222
264
306
267
256
226
443
362
369
285
200
308
190
220
597
208
300
225
185
228
250
428
205
249
251
211
230
638
249
246
187
256
343
239
253
287
223
237
316
203
249
294
192
612
277
193
316
387
326
362
266
344
245
223
271
250
205
242
247
312
246
225
316
248
221
230
215
247
253
217
235
216
209
256
344
302
236
282
228
184
261
311
282
345
213
209
263
221
201
230
251
292
242
238
381
198
279
249
255
230
262
208
347
298
233
211
193
301
289
261
278
248
271
222
208
298
1186
345
257
226
229
312
239
232
262
212
278
245
353
267
189
346
237
269
353
230
254
203
481
246
223
216
248
241
229
250
222
378
203
221
251
292
503
199
290
240
325
206
212
240
190
201
200
210
210
281
314
188
239
562
192
548
275
488
254
902
325
225
339
219
317
284
254
248
728
205
217
205
193
251
286
203
275
283
236
214
271
283
398
285
619
297
257
240
209
339
183
385
276
241
194
187
205
259
234
270
227
293
267
245
229
234
231
1024
235
296
195
212
208
239
224
224
264
353
201
277
210
205
246
206
226
284
268
389
268
215
197
422
252
236
249
369
182
212
303
246
341
273
232
204
312
208
271
248
221
369
178
191
231
346
282
187
294
218
216
345
334
210
226
484
609
303
218
251
238
310
281
315
235
248
283
274
195
225
215
240
311
266
229
232
218
336
190
198
327
320
183
217
203
268
607
284
250
202
216
235
236
235
185
371
236
410
250
205
189
218
293
259
134
274
188
249
277
301
239
247
249
202
442
337
259
198
254
201
196
303
307
264
426
234
229
209
300
259
239
247
215
304
252
211
200
400
191
188
259
354
210
212
254
248
235
181
196
215
193
255
210
278
217
286
200
289
211
278
270
202
289
234
257
257
206
307
224
691
277
227
238
226
202
593
210
244
252
210
233
208
199
232
254
258
212
181
275
206
208
244
258
189
240
533
200
209
207
200
216
289
244
208
244
203
264
205
217
212
193
218
211
244
258
185
325
430
236
329
384
299
261
283
214
202
202
233
503
228
209
206
214
245
278
218
231
215
239
174
210
206
181
203
247
191
309
222
258
627
244
189
277
227
288
339
188
233
201
188
187
552
398
215
251
422
224
217
212
235
222
245
164
233
213
406
258
255
217
245
196
181
374
240
225
282
187
317
299
227
264
344
242
213
231
424
237
180
193
222
359
199
201
246
271
182
309
356
240
207
235
243
265
310
219
247
449
190
219
205
193
243
247
236
280
323
410
198
284
257
515
356
232
215
261
183
188
178
223
243
503
215
196
240
195
253
209
198
232
164
261
354
449
244
230
224
240
200
197
281
266
224
333
191
325
204
267
254
213
219
183
214
219
325
189
209
788
370
211
195
256
255
193
239
210
388
278
240
243
330
267
256
200
208
576
197
239
213
249
280
192
237
340
205
213
190
204
191
210
309
152
191
163
202
238
228
313
227
223
183
201
234
187
332
203
208
311
219
210
275
202
197
221
378
217
210
389
219
239
226
218
275
114
251
192
418
187
261
367
319
354
296
238
178
264
231
213
283
204
407
274
205
265
279
256
189
248
262
194
287
211
281
283
292
216
190
230
200
187
209
325
266
227
246
257
196
333
201
299
223
184
316
183
184
268
210
228
413
226
254
209
551
259
261
268
234
210
211
114
191
236
212
271
183
152
264
311
331
240
256
210
202
189
242
281
222
251
294
388
289
535
271
266
226
440
268
392
212
221
262
212
231
182
231
285
223
281
367
220
255
206
204
183
500
192
233
222
239
207
261
265
257
196
220
218
174
233
241
234
263
231
250
194
287
196
245
234
249
264
275
326
236
225
202
248
198
207
186
222
268
182
167
186
227
248
224
316
251
188
201
420
181
271
245
233
198
189
191
223
242
244
444
209
222
208
190
256
209
255
182
230
224
189
216
221
224
179
213
218
154
226
299
211
244
228
295
257
235
291
222
228
244
230
249
206
270
156
227
259
264
204
215
191
200
242
244
232
224
299
172
221
239
274
167
189
285
195
222
381
216
195
301
174
221
242
163
181
211
363
225
192
245
214
201
262
251
184
171
205
247
195
198
320
247
246
256
254
215
272
246
269
228
157
200
255
205
235
202
395
239
180
166
295
238
180
196
227
350
187
242
174
167
292
159
190
216
231
268
190
211
349
216
176
184
190
251
230
240
271
201
211
264
226
208
374
199
232
193
200
273
170
310
204
315
208
165
232
267
381
218
293
203
199
267
207
216
208
210
185
376
515
298
215
234
258
179
300
221
178
189
360
262
181
206
274
218
204
239
266
161
224
276
191
210
199
177
177
239
251
322
281
267
172
257
242
236
214
348
326
209
351
241
191
254
163
257
213
190
311
274
228
196
273
190
254
243
212
219
175
173
205
243
209
200
235
167
190
224
205
288
274
250
188
185
238
265
204
200
266
234
130
223
432
225
277
251
227
302
298
208
500
198
186
180
216
400
248
190
210
196
227
322
254
191
238
296
270
174
350
175
233
191
204
201
437
300
187
229
211
269
269
235
248
243
379
174
389
417
235
202
1098
221
182
238
293
235
213
189
612
200
394
241
188
190
341
194
244
231
266
301
226
233
263
246
251
182
180
189
411
188
166
553
211
191
268
181
245
183
179
238
185
211
253
144
179
290
197
215
268
219
177
198
208
176
176
199
243
534
169
211
174
195
423
245
247
216
195
201
356
160
310
231
409
202
235
312
188
247
228
214
211
301
191
310
249
184
197
213
386
204
195
236
207
324
250
288
190
295
260
257
175
197
358
301
226
196
233
176
198
177
280
304
215
256
239
185
200
183
292
237
175
174
183
194
223
178
179
241
275
219
529
215
226
182
261
216
167
180
308
159
232
261
246
227
262
211
248
262
187
225
234
165
177
256
206
204
229
218
194
157
272
263
499
178
304
183
183
199
199
233
264
253
221
464
296
220
287
216
198
194
208
189
244
203
187
299
185
255
279
206
178
272
145
210
557
301
243
240
325
196
179
175
187
185
167
156
233
202
258
252
244
254
322
202
196
256
255
229
242
175
740
236
179
219
178
233
237
235
194
197
228
211
281
284
182
228
158
267
259
197
249
214
176
192
244
195
216
242
199
196
207
246
228
192
162
182
251
183
276
231
485
263
229
176
256
243
344
206
217
188
168
169
198
239
190
168
188
164
213
300
240
188
241
228
243
179
185
281
246
236
478
205
284
175
190
188
268
226
278
271
207
266
412
200
166
186
118
237
207
293
173
358
136
173
214
185
167
186
200
188
237
254
219
207
190
253
217
185
203
200
187
349
155
181
215
320
249
172
267
190
182
255
541
232
181
225
193
131
220
160
174
204
185
188
232
235
579
302
173
180
158
250
198
281
259
280
165
238
160
166
188
347
216
194
199
223
179
193
198
309
276
205
189
267
161
174
254
232
154
212
305
261
157
200
182
210
242
220
223
227
308
206
191
345
230
199
223
171
189
178
223
281
184
202
301
278
294
193
169
218
306
249
479
197
235
446
196
183
200
265
232
270
212
173
136
215
219
231
201
166
256
269
155
159
214
318
207
202
182
181
397
215
181
178
197
221
190
313
179
182
160
435
212
452
196
148
305
193
561
208
177
217
190
211
196
172
200
221
242
229
167
364
167
179
198
277
211
228
140
236
180
194
230
189
185
205
172
260
191
236
210
293
191
206
210
262
237
322
209
156
306
324
204
205
172
503
189
177
185
173
198
175
168
153
168
184
216
225
199
193
364
305
290
238
205
183
166
174
269
184
359
197
255
212
182
252
143
214
184
435
194
268
201
176
189
185
206
157
228
173
155
212
298
333
297
177
152
248
246
173
214
189
171
364
376
229
240
176
250
273
184
189
240
182
105
205
221
248
196
233
186
154
383
189
240
223
177
190
297
158
152
185
225
180
280
222
137
137
205
150
219
220
165
256
214
522
173
198
190
175
207
152
218
167
220
163
270
176
239
255
257
252
195
175
199
180
280
235
181
221
154
260
216
231
262
178
205
181
206
205
256
224
147
195
218
203
226
226
190
295
182
271
137
188
200
227
190
249
154
203
221
156
275
218
170
210
364
172
246
167
324
188
364
190
174
178
152
183
191
201
181
325
185
236
255
252
187
180
225
182
156
202
299
216
153
249
330
195
222
163
120
191
182
217
223
92
385
224
286
364
247
206
235
207
188
193
158
169
211
172
247
187
199
297
228
164
179
251
188
284
158
181
161
172
265
217
233
198
299
173
171
364
221
256
401
517
146
155
205
222
237
199
212
349
189
200
193
149
207
182
172
211
353
178
275
211
178
192
181
142
278
200
217
199
155
174
182
193
181
187
171
191
222
224
193
232
175
191
211
240
257
200
251
177
231
340
232
190
172
217
228
206
178
212
208
195
234
209
204
198
194
220
148
183
175
223
139
219
195
205
195
178
223
192
198
187
205
265
181
216
217
231
257
223
249
277
204
199
281
191
189
202
225
171
155
141
155
262
302
219
291
182
161
237
312
212
184
244
214
177
208
175
155
211
187
210
187
198
242
168
203
244
462
263
237
249
327
303
173
198
166
213
316
191
181
247
181
237
251
1098
199
191
188
197
210
232
196
200
186
216
285
215
227
236
259
165
168
151
266
461
267
110
168
240
182
272
222
150
183
226
168
242
172
198
199
149
222
235
198
167
197
145
169
186
225
155
221
232
150
193
325
190
175
304
255
204
140
342
175
222
190
234
235
249
215
175
213
181
183
165
175
167
123
133
319
188
198
134
294
200
199
159
175
221
202
310
265
188
169
188
105
148
182
186
230
150
166
195
250
364
216
181
174
305
206
476
197
198
177
157
260
165
147
201
190
146
157
301
180
203
153
197
251
181
490
274
261
157
183
180
315
205
150
309
189
228
759
237
343
283
172
184
181
157
264
234
207
201
198
385
213
183
364
181
183
162
281
178
217
258
239
171
269
271
199
237
171
177
181
184
182
240
272
217
280
152
147
364
135
250
184
360
207
210
299
183
182
364
365
515
178
155
201
123
282
131
171
91
224
185
149
119
167
169
169
163
189
210
144
183
183
245
207
214
272
196
229
222
187
252
215
181
339
194
212
177
182
164
195
234
199
220
429
276
218
300
283
131
166
183
174
159
205
178
200
253
240
186
213
191
364
194
159
91
229
195
248
162
169
231
168
170
210
245
206
205
274
194
168
176
357
250
169
223
240
151
292
188
247
364
435
234
364
190
277
149
163
155
213
301
185
272
189
186
163
559
172
272
155
199
166
191
219
329
146
132
171
218
182
364
375
250
236
181
192
526
227
174
269
260
253
159
193
155
107
239
172
185
207
175
176
165
184
209
199
207
244
292
141
147
214
180
225
184
175
169
242
159
209
474
145
177
364
158
170
273
229
160
223
192
192
179
205
236
179
236
152
182
135
202
152
580
132
167
195
222
156
225
364
223
207
207
157
211
158
191
150
139
165
172
116
178
180
171
298
176
205
214
321
563
156
190
207
162
181
248
182
202
528
190
235
199
215
177
143
161
208
193
236
236
206
135
175
264
144
135
254
285
193
194
197
231
158
204
136
279
214
332
424
136
212
236
163
191
269
171
201
140
186
157
252
196
171
174
198
160
630
204
223
132
191
364
194
289
231
223
97
194
202
364
600
200
235
173
214
169
158
166
158
257
182
243
166
207
233
202
210
164
181
128
202
180
268
364
177
165
167
247
203
183
448
209
200
162
235
176
160
192
172
177
190
198
119
212
364
187
140
169
195
94
288
273
192
227
154
169
155
171
271
172
230
188
208
224
184
160
202
191
152
194
206
166
190
186
202
148
209
143
157
156
158
192
372
240
184
156
170
195
291
514
449
235
224
223
212
226
333
257
193
273
235
256
239
111
136
511
204
207
209
188
182
154
186
222
507
182
163
116
224
217
128
196
237
297
160
184
183
175
202
180
128
198
103
229
145
152
241
142
147
133
207
206
180
171
174
168
226
178
276
364
257
153
401
182
168
130
146
271
198
186
230
179
230
124
207
129
183
213
252
224
145
364
364
127
209
144
206
364
161
227
188
243
228
127
205
157
236
275
225
93
178
248
185
235
213
174
202
201
209
169
109
197
199
182
188
261
235
166
176
304
169
174
158
203
167
178
235
297
245
155
202
166
173
550
184
229
161
200
177
192
125
316
169
134
164
275
181
155
125
153
151
165
241
125
91
164
250
188
158
135
205
364
260
165
224
229
235
174
269
226
180
339
244
149
188
224
181
201
246
188
204
222
179
160
215
205
148
203
184
221
364
182
173
624
364
224
133
219
165
154
412
194
169
159
165
142
145
174
124
116
369
364
279
299
130
230
136
189
128
215
194
191
192
145
177
93
130
108
166
142
224
186
260
158
261
174
159
155
191
177
136
123
190
188
91
243
478
187
364
153
229
148
219
141
160
169
192
202
129
228
156
155
152
295
142
156
302
134
192
197
252
175
277
165
175
137
185
200
191
183
208
166
190
206
248
159
131
237
103
219
364
253
172
190
200
216
303
153
227
364
189
227
485
154
184
364
154
145
152
182
161
224
158
157
221
137
175
286
190
188
219
267
178
223
447
364
254
179
125
481
258
243
205
270
210
364
154
182
183
102
222
174
239
192
121
220
197
364
189
125
238
99
364
174
364
147
178
306
217
220
181
636
364
253
191
163
110
288
189
210
201
189
182
184
109
364
395
131
208
143
156
129
293
142
119
559
500
143
275
159
176
159
100
170
158
136
242
160
156
147
293
203
220
271
164
192
188
243
170
212
162
274
230
158
93
159
221
188
92
264
166
162
220
182
225
364
191
170
449
101
176
364
276
193
150
395
131
155
204
176
293
238
138
153
139
119
135
97
208
161
163
229
364
173
233
112
149
364
187
190
138
168
177
290
116
110
507
156
223
215
158
246
162
278
148
200
599
213
223
262
466
148
150
158
178
301
158
145
219
187
134
364
147
147
207
364
189
206
166
264
185
207
145
161
175
132
261
458
150
364
208
111
188
127
202
203
364
669
162
364
123
155
182
189
532
222
113
91
364
168
229
133
245
364
172
159
210
144
165
199
183
231
158
179
237
364
221
200
143
168
151
167
364
232
151
154
303
193
190
226
173
196
138
143
177
175
94
188
212
194
218
204
182
125
167
167
258
720
161
364
183
248
149
197
401
175
146
269
235
108
174
144
188
199
124
171
316
131
185
185
183
198
251
161
165
164
130
135
227
274
148
450
206
169
172
162
110
158
168
263
91
225
195
187
139
176
152
96
172
364
113
98
114
240
297
230
196
162
122
364
222
187
240
150
214
155
181
195
118
215
189
128
161
117
213
134
239
146
131
167
215
188
311
309
149
222
126
231
209
168
160
169
95
258
192
115
197
177
91
146
364
133
145
150
117
176
234
219
158
211
233
166
551
162
217
364
145
209
361
243
152
133
197
261
220
175
364
288
380
299
226
161
120
171
587
122
145
126
188
137
364
125
168
364
364
157
120
135
208
196
250
182
364
153
162
141
146
235
134
127
136
216
495
163
170
197
196
187
193
212
240
102
172
136
101
150
155
163
206
174
364
323
491
100
364
190
179
216
161
184
158
206
159
103
194
142
158
226
316
164
105
192
178
221
291
255
165
187
162
204
184
202
165
215
364
194
91
364
364
172
163
162
203
176
221
102
220
265
152
118
242
189
364
364
143
193
364
169
181
183
140
106
464
132
153
148
185
172
146
131
271
342
190
181
236
175
123
198
364
208
189
220
258
364
241
146
188
340
235
162
112
210
174
364
173
133
106
150
158
92
281
257
364
169
134
142
188
218
364
344
364
164
93
364
184
170
178
153
259
164
181
107
145
252
168
284
364
168
364
195
319
163
290
364
364
213
364
260
199
364
214
144
196
127
179
300
194
192
248
144
364
253
152
258
188
146
223
181
162
164
214
364
162
195
165
183
280
162
364
276
154
198
158
208
218
129
165
364
168
180
334
161
136
165
131
364
110
177
221
218
168
168
173
206
148
364
168
197
135
229
229
308
138
231
364
208
404
130
205
125
236
104
179
364
215
245
165
154
104
163
364
325
161
364
171
364
126
92
182
213
364
364
138
128
175
156
94
115
145
145
364
129
215
171
260
364
176
218
183
110
221
135
128
187
162
171
156
364
189
101
134
131
166
167
196
101
157
190
174
278
181
262
225
141
128
100
253
157
160
176
141
156
134
220
278
364
178
187
143
129
192
557
148
202
364
132
233
220
206
285
162
178
128
185
97
162
188
364
96
165
169
364
147
189
254
143
199
531
179
204
364
233
165
147
364
231
119
167
364
170
128
171
195
114
132
176
429
189
152
181
145
104
364
139
175
147
220
212
160
147
178
166
142
129
125
203
185
192
294
213
170
364
364
242
170
141
187
163
246
106
206
240
108
213
232
218
150
196
364
156
128
219
364
578
185
123
208
130
158
364
155
171
225
204
129
171
160
225
158
190
140
150
182
197
169
226
159
158
149
364
136
91
110
364
323
183
215
169
254
145
364
116
186
134
248
156
109
169
220
191
237
123
364
226
364
186
220
140
319
145
209
160
253
195
166
183
216
177
156
364
144
481
205
227
160
102
130
248
118
151
232
193
177
99
326
188
110
210
260
178
97
192
364
165
124
291
364
185
158
120
141
364
148
250
364
159
233
127
107
108
283
364
216
147
285
364
191
156
137
170
364
199
175
110
183
169
184
91
150
364
211
156
158
182
91
364
176
364
180
121
96
115
139
94
283
152
219
243
159
364
364
126
152
165
364
406
147
195
100
189
170
364
233
171
284
170
245
364
171
364
151
100
187
364
336
224
118
217
170
189
364
185
364
194
566
130
203
186
166
143
169
364
176
236
364
194
364
182
111
137
185
180
318
174
364
364
133
364
364
126
125
130
136
146
200
200
282
351
140
161
105
186
172
364
183
364
103
143
272
179
364
165
142
161
154
364
193
252
160
140
311
148
135
176
97
184
119
119
151
163
364
158
164
465
165
179
91
161
146
364
120
165
184
159
364
91
164
313
364
364
129
176
175
162
243
364
219
164
169
94
522
154
223
91
364
143
133
243
104
364
165
194
165
165
110
170
185
118
364
138
247
99
203
522
220
182
548
98
113
208
364
164
174
364
194
364
223
162
164
103
95
364
117
168
143
152
147
178
175
127
364
156
192
328
364
364
144
155
276
243
119
268
227
148
106
127
268
155
168
364
127
368
180
123
364
115
105
364
364
242
180
231
156
180
140
140
126
121
364
256
187
172
163
127
146
122
364
207
364
182
239
209
98
178
180
191
146
364
197
143
364
169
171
104
231
157
290
236
92
364
143
364
149
364
257
364
96
318
364
141
131
160
212
364
172
271
246
129
562
364
170
147
584
158
116
111
152
108
364
364
364
116
364
364
172
259
180
180
209
158
150
191
146
474
157
223
126
222
121
364
168
106
138
142
174
364
158
258
100
174
184
364
364
364
239
254
109
136
364
215
110
129
164
364
364
178
263
205
171
630
154
425
168
159
173
200
136
296
210
104
110
92
167
128
364
218
119
177
103
126
364
156
101
284
162
175
452
111
187
227
146
364
176
173
105
364
364
364
153
193
91
150
126
121
364
180
169
182
305
172
91
160
122
520
364
132
162
214
364
364
124
364
182
175
135
186
172
364
200
166
173
180
182
187
101
162
197
160
116
110
226
175
364
364
196
364
364
250
91
221
364
194
364
162
364
132
134
364
364
108
364
135
192
364
152
215
181
364
194
364
364
173
143
118
156
224
151
147
193
167
120
364
149
151
364
180
102
102
187
129
230
192
155
104
155
212
364
181
91
184
115
173
244
197
223
364
168
99
173
124
118
148
181
91
186
364
364
178
364
110
364
200
364
251
202
167
178
242
364
364
158
364
364
141
190
238
136
191
136
176
364
252
184
124
167
92
190
173
364
253
124
106
364
94
188
190
92
101
180
184
240
364
180
145
160
232
97
153
364
91
292
364
136
220
174
155
172
199
364
171
364
364
159
98
148
258
364
141
364
361
207
118
261
116
120
108
364
364
364
364
364
95
148
364
238
364
364
364
126
174
145
227
133
174
158
364
179
142
364
364
110
364
170
170
177
139
176
117
216
364
364
108
142
177
122
241
214
364
364
198
207
105
120
364
190
91
260
91
208
499
364
242
100
127
121
195
364
99
110
151
124
364
179
117
132
160
179
364
109
144
194
154
364
101
95
127
364
177
364
187
171
189
167
153
153
364
364
209
99
156
110
146
156
146
206
196
156
327
143
364
133
364
124
130
187
203
114
141
228
364
134
269
364
122
139
129
168
154
364
151
243
154
209
228
150
364
163
364
160
364
306
364
202
114
364
209
364
364
364
364
107
364
181
364
113
189
156
225
191
364
191
114
126
144
141
364
207
246
190
132
203
364
195
276
98
317
205
216
151
258
131
150
155
425
364
183
153
244
145
134
364
193
137
104
364
289
99
109
322
140
96
553
97
207
125
142
183
237
182
122
173
99
169
364
375
364
180
364
161
364
364
205
188
364
364
124
180
237
364
97
520
125
157
168
132
190
364
153
364
157
197
163
134
364
215
138
167
167
142
104
143
129
364
364
98
364
158
121
143
177
364
143
158
145
136
127
172
151
217
144
91
170
171
405
157
184
145
137
364
152
93
213
169
180
182
170
219
139
364
144
206
126
203
364
364
194
147
364
364
364
126
325
110
131
147
364
364
364
103
175
219
140
95
184
364
150
364
102
364
91
195
130
364
170
141
170
364
261
364
364
364
154
364
364
364
328
413
364
185
160
144
337
114
364
138
162
364
104
154
364
92
126
364
143
181
164
93
364
98
138
364
175
152
133
133
364
91
364
144
141
364
611
120
122
364
364
364
104
110
190
364
364
109
144
364
144
211
235
364
364
174
175
154
204
106
336
161
228
364
364
145
364
176
364
150
364
114
364
306
168
236
364
176
364
127
107
440
364
364
236
124
179
200
137
364
198
243
186
182
155
231
364
364
161
791
135
143
144
364
364
826
207
174
184
224
186
187
91
364
152
364
100
144
144
197
94
364
113
364
233
155
364
364
364
165
91
107
219
295
364
165
149
100
106
364
164
144
364
137
182
364
270
364
179
364
93
361
96
147
185
175
131
175
220
114
364
196
187
192
158
364
147
275
116
364
364
114
364
193
94
364
199
193
364
170
309
145
97
206
112
149
364
141
364
364
364
163
134
98
214
103
364
364
112
248
364
182
156
145
137
364
364
227
100
126
277
106
156
123
364
364
364
149
91
134
364
168
143
364
184
179
153
142
364
198
364
364
364
222
157
190
211
364
545
150
110
234
231
119
364
364
121
119
364
364
364
182
266
130
213
126
184
116
364
364
318
91
123
103
144
186
364
151
364
364
151
364
364
194
175
222
176
364
180
364
364
115
364
364
364
242
173
125
364
127
111
184
364
131
364
274
154
243
364
364
185
154
181
364
364
196
117
596
364
182
101
104
364
291
207
152
364
364
115
153
171
147
100
364
364
168
364
178
98
364
171
100
150
364
180
141
113
120
230
172
158
109
259
124
181
364
364
171
143
178
173
364
316
596
181
175
118
150
169
364
142
364
117
152
138
105
271
364
127
230
136
364
364
364
364
116
150
119
175
250
364
193
221
364
144
364
197
343
139
364
260
181
213
122
654
364
131
91
188
125
364
169
137
364
121
112
127
279
364
364
96
169
364
137
364
200
99
95
127
169
132
133
364
364
364
141
140
364
168
158
109
123
173
143
108
364
195
364
165
364
162
594
186
181
117
133
181
165
364
364
208
91
115
301
206
121
218
364
364
160
123
364
364
364
139
364
364
158
160
191
166
364
364
167
364
364
94
364
91
113
115
209
561
133
176
130
156
364
110
364
118
364
364
364
126
364
111
162
124
364
364
118
122
143
364
144
364
364
364
110
364
144
364
364
364
364
181
364
364
364
200
364
149
182
364
364
161
171
91
364
170
103
192
179
91
149
176
153
364
364
364
158
152
158
221
119
164
173
92
364
135
132
364
364
364
126
364
179
221
364
144
183
157
364
150
364
181
94
141
133
364
364
158
364
97
139
364
156
364
91
364
364
100
170
170
364
147
142
166
364
364
149
91
156
92
191
364
364
166
353
364
94
152
164
98
364
188
133
91
124
364
364
364
364
150
364
136
364
364
364
121
175
364
113
197
364
115
180
133
364
364
364
111
170
364
364
286
184
364
364
364
364
102
98
535
364
364
186
131
106
116
165
364
364
364
476
364
179
111
115
126
120
364
147
134
105
113
364
135
206
174
364
169
108
174
146
91
364
192
205
364
244
364
192
132
102
364
168
180
125
208
364
351
364
364
364
129
131
364
364
364
131
177
170
364
440
160
364
142
156
364
131
109
304
116
364
499
138
364
142
174
181
364
95
91
137
364
124
364
364
151
224
364
364
364
114
91
149
364
364
207
137
143
364
139
102
157
154
131
364
247
97
364
364
247
364
364
100
97
140
364
162
364
364
364
296
364
364
364
385
270
99
114
156
296
364
364
110
189
138
91
364
174
364
191
364
364
125
126
364
149
470
155
364
364
364
99
119
129
150
364
364
364
364
135
364
121
196
183
183
107
118
120
364
364
364
151
166
276
556
105
97
218
364
151
134
364
364
91
91
128
364
214
364
123
157
364
364
152
364
118
137
364
201
140
364
140
364
364
130
133
364
482
364
169
154
364
364
91
184
145
364
364
116
233
364
100
364
102
364
364
241
98
364
100
205
364
136
91
191
364
364
364
123
364
364
132
364
165
224
168
364
91
364
318
131
144
364
364
157
130
120
211
364
186
364
143
94
225
182
364
364
364
106
182
188
140
142
155
364
377
339
101
364
364
91
364
190
146
156
181
151
364
364
130
364
141
364
364
364
541
138
364
174
364
364
364
100
155
364
106
364
364
180
107
364
110
194
150
169
104
94
171
105
364
98
364
364
143
364
153
396
364
141
364
364
364
152
364
149
159
364
364
364
171
112
134
263
364
364
108
364
102
364
364
364
364
121
189
111
147
111
364
364
91
364
190
103
364
159
151
364
364
364
160
163
364
364
364
364
112
154
308
143
364
364
364
174
137
364
364
364
364
364
158
175
146
362
364
364
364
364
130
204
364
364
202
128
364
364
364
224
146
265
91
364
181
364
364
96
364
113
364
151
232
364
364
364
364
147
181
155
100
191
181
364
185
176
364
225
364
425
364
364
364
364
364
187
364
364
161
364
121
226
123
126
160
364
364
364
153
117
364
364
158
236
217
156
203
364
364
364
598
174
119
132
364
161
364
289
110
158
364
142
364
364
364
364
158
364
364
210
135
364
364
364
364
364
107
364
364
364
364
364
364
115
118
364
364
364
201
110
136
225
364
364
364
611
194
211
214
92
111
159
551
364
91
164
364
364
364
364
91
125
364
364
94
364
116
364
364
159
151
124
364
364
364
152
364
130
364
96
168
364
364
144
364
123
169
145
364
200
364
364
388
116
364
364
364
142
364
364
232
274
364
364
133
108
364
364
113
364
364
364
364
149
364
160
174
115
364
189
213
131
120
364
93
175
364
115
364
364
364
364
178
364
364
139
364
364
364
195
520
364
109
153
150
136
165
101
364
364
250
112
364
364
168
364
364
186
364
217
364
364
364
183
284
120
132
364
286
364
364
93
198
116
364
364
95
137
193
364
364
364
364
364
364
137
364
364
364
364
364
364
364
169
95
143
141
364
364
364
187
364
187
364
364
364
160
364
124
102
162
180
364
137
364
168
308
132
364
202
364
364
364
364
168
364
97
121
153
364
364
364
100
192
211
165
364
213
364
364
364
364
364
364
364
364
364
150
255
364
364
364
364
185
364
364
364
123
364
364
364
364
164
157
364
364
163
364
364
112
364
208
111
208
364
110
150
109
364
364
364
364
364
186
568
364
175
120
364
364
129
364
181
364
364
364
117
364
364
118
364
364
104
113
364
364
364
123
364
364
364
364
157
364
157
364
177
114
101
364
91
124
121
364
364
215
364
364
364
364
364
596
118
364
143
364
186
157
364
364
364
364
364
214
144
364
364
117
364
364
364
182
157
181
364
364
112
364
364
364
364
295
126
364
95
364
102
151
364
91
122
364
254
122
364
460
364
458
364
266
204
102
169
364
135
364
91
281
210
364
364
364
364
126
109
288
364
364
364
364
111
121
364
120
364
364
119
364
364
111
116
217
114
364
364
120
364
364
364
364
364
158
364
190
166
206
364
364
364
364
213
100
115
364
140
364
184
115
172
210
548
179
113
181
364
278
364
364
103
186
210
364
133
364
364
364
364
178
364
364
364
364
364
364
364
110
118
132
153
176
173
121
364
91
364
364
266
145
148
320
151
364
364
364
364
149
195
364
364
119
364
364
160
155
364
364
364
364
364
364
364
96
364
364
117
364
91
364
184
364
364
364
98
364
364
228
114
104
165
133
364
123
364
364
91
111
105
170
147
106
364
364
111
110
364
364
364
364
364
164
98
206
364
364
364
364
364
98
364
364
364
96
185
161
364
364
568
364
364
172
364
364
119
364
364
364
176
111
171
364
364
364
364
209
175
364
364
364
131
364
364
91
150
364
364
364
124
213
253
364
180
364
364
138
364
364
97
364
119
364
118
364
151
364
161
364
364
364
364
165
158
364
364
112
121
364
364
364
364
364
159
364
364
364
364
364
364
364
136
120
140
193
244
364
364
364
364
161
364
364
131
152
364
364
364
128
364
364
91
94
364
141
91
364
364
91
364
364
364
364
364
364
144
364
791
364
93
364
364
364
364
364
364
343
364
159
364
133
134
124
364
364
364
364
101
364
364
364
364
364
364
364
364
364
118
364
124
173
204
137
364
364
178
364
364
364
364
364
364
364
364
364
364
117
123
138
160
97
364
119
364
215
364
158
364
364
364
364
98
364
364
364
91
179
364
184
364
224
111
364
118
231
151
213
364
633
364
364
235
364
207
91
164
93
364
92
364
174
364
364
163
149
364
364
161
155
101
364
364
95
364
364
364
364
166
145
364
155
104
364
98
364
364
364
364
364
93
364
133
364
364
128
364
364
132
119
364
364
364
140
364
364
364
364
364
364
173
100
364
364
162
364
105
364
364
364
125
141
247
364
364
100
170
364
364
126
364
91
98
364
128
176
364
364
364
102
151
364
364
174
144
139
202
364
364
364
182
183
290
91
91
364
364
364
355
112
364
364
364
364
364
364
364
364
364
127
154
175
364
122
364
167
364
158
364
114
121
364
169
364
364
364
364
364
99
91
364
171
364
364
120
364
364
364
364
364
96
364
364
364
364
105
364
364
112
91
364
101
364
364
176
144
165
364
364
92
364
91
364
364
364
356
101
364
163
364
163
118
364
140
364
364
364
364
107
150
364
364
144
364
142
150
364
364
117
364
364
141
364
364
364
169
110
126
364
364
364
364
143
119
364
364
364
364
364
364
171
364
364
364
148
364
364
99
181
364
364
151
91
364
364
364
155
124
364
364
152
207
141
364
143
111
102
364
364
364
364
364
364
92
100
364
364
138
95
364
106
364
364
97
364
181
364
364
364
364
364
181
156
364
176
364
364
91
364
364
364
364
364
364
364
364
141
364
364
181
364
298
364
189
364
99
364
91
159
364
192
121
364
140
201
364
103
179
176
189
364
364
159
187
226
364
197
187
278
364
185
364
124
191
121
364
364
364
364
97
364
364
364
364
129
364
91
364
364
364
364
364
234
364
364
118
364
100
364
364
364
114
364
364
364
364
364
364
364
364
364
175
157
154
140
364
364
364
101
364
364
364
502
364
218
364
364
143
364
163
364
133
107
364
153
364
364
98
364
201
182
181
364
364
110
181
364
364
364
234
146
364
364
364
364
364
364
161
124
138
364
364
100
364
156
364
164
364
364
364
148
364
364
151
364
287
364
364
178
364
364
113
142
364
163
364
364
191
364
109
364
364
364
103
97
364
314
141
364
364
364
190
364
108
364
364
364
364
364
607
364
364
166
364
171
364
364
364
364
108
364
364
364
364
364
364
364
112
364
364
488
364
364
364
364
117
161
364
364
260
364
364
364
364
364
106
111
364
99
364
364
123
164
156
364
364
94
255
364
364
364
364
364
180
364
91
364
364
364
364
364
364
364
176
364
364
364
364
155
158
91
364
364
99
364
109
364
364
237
364
364
364
116
147
364
93
143
136
364
364
131
233
364
364
364
364
364
364
364
177
364
364
364
364
120
364
364
102
364
364
364
364
364
364
364
364
364
148
364
364
157
364
364
364
364
364
364
364
364
364
364
364
364
100
364
364
364
91
211
257
109
364
175
153
364
213
364
119
364
364
364
364
191
364
364
146
364
123
94
364
174
364
364
364
143
364
364
176
163
167
364
364
364
364
364
149
364
364
364
364
364
364
364
364
213
364
180
112
96
364
364
364
96
364
364
302
364
364
364
125
364
195
98
364
186
364
364
364
233
364
364
364
148
223
123
364
104
364
364
91
180
364
364
183
120
364
364
364
364
364
139
364
364
364
364
229
364
364
364
364
127
364
364
364
319
138
364
364
364
184
364
364
364
364
364
364
364
137
166
364
364
106
160
364
364
364
113
364
244
193
215
364
97
94
364
364
364
364
364
142
122
364
364
111
91
364
304
364
364
364
364
364
364
364
364
364
364
364
364
115
150
364
364
246
364
364
364
364
364
364
364
364
195
364
364
364
364
364
364
197
364
364
364
364
364
364
364
364
364
112
140
364
118
364
111
364
364
364
364
364
364
364
364
200
364
112
364
364
364
156
364
364
120
118
364
92
167
91
364
115
105
183
148
223
364
170
140
364
364
364
364
364
364
141
364
112
131
364
364
364
127
364
364
364
192
364
134
475
364
192
364
364
364
364
364
96
364
364
364
150
364
364
364
364
364
364
364
364
364
145
301
364
364
364
180
364
364
364
364
364
364
364
364
170
364
364
364
364
364
364
364
364
147
364
460
139
364
190
364
178
364
364
161
428
167
97
364
364
118
364
115
253
674
364
102
364
364
228
364
96
364
160
364
364
364
364
364
364
364
244
154
364
364
91
364
122
364
364
364
97
364
91
364
95
364
364
158
169
364
101
364
364
364
364
364
364
364
364
364
110
364
364
364
91
92
364
364
364
364
364
364
220
137
160
674
364
364
364
364
364
364
364
185
364
145
364
364
230
364
364
121
364
95
364
209
364
217
364
364
364
364
93
364
94
364
364
364
364
364
364
364
364
364
116
155
144
364
364
364
346
364
364
163
364
92
364
773
364
364
91
364
177
364
152
364
364
91
364
364
364
364
364
364
364
364
364
364
104
364
187
364
364
364
133
364
364
364
364
364
364
105
364
364
134
364
364
364
364
364
364
364
580
130
364
364
114
153
364
364
104
364
364
364
364
456
364
364
99
364
364
264
364
364
122
364
364
364
364
168
175
364
364
194
364
364
364
364
114
117
364
364
364
364
364
364
364
364
364
364
364
364
364
364
125
364
364
364
172
364
137
364
364
364
364
179
364
364
364
364
364
364
153
364
364
140
120
364
364
364
364
364
364
364
203
364
364
364
364
364
364
364
364
364
364
364
364
98
364
364
364
364
364
364
364
129
364
157
364
364
364
364
364
93
364
364
364
364
199
364
364
364
364
364
364
364
222
364
1236
364
364
364
364
364
130
364
364
364
195
364
364
133
162
364
364
364
364
364
259
364
161
364
364
364
364
125
364
190
364
364
364
364
364
364
364
212
91
364
97
364
364
331
364
364
364
364
364
364
105
364
364
158
364
364
364
364
364
91
364
364
364
145
364
124
364
364
94
364
364
364
364
364
131
492
364
92
364
364
128
364
149
467
364
364
364
364
364
364
364
118
113
364
364
137
125
91
364
364
177
140
364
364
364
119
364
364
364
364
190
191
126
364
181
126
364
364
364
184
236
150
364
364
364
364
364
92
127
364
364
141
364
364
364
364
364
364
364
364
364
201
364
364
364
110
364
513
364
173
364
364
364
364
155
364
231
168
171
93
364
269
364
91
364
364
364
167
364
103
180
364
364
364
364
364
203
364
364
364
175
364
185
364
364
364
364
364
364
155
124
364
364
364
364
364
364
364
364
364
364
364
160
156
364
153
364
364
120
175
151
364
364
364
187
162
364
161
364
364
364
364
364
364
364
364
91
364
181
364
153
149
104
364
364
364
285
364
364
364
364
364
132
203
102
364
183
130
364
364
364
260
364
364
364
160
226
364
364
364
364
364
364
124
364
364
364
364
364
364
364
364
364
364
364
364
364
166
177
364
118
364
364
364
129
364
364
364
177
126
364
364
364
440
364
364
364
107
364
364
160
545
364
364
364
196
364
364
364
209
94
364
446
364
364
181
364
364
364
364
153
364
364
364
364
167
364
364
364
364
364
364
364
364
115
364
364
128
364
364
364
364
364
364
132
364
364
364
177
364
97
169
364
364
364
136
364
113
92
154
112
148
364
364
364
364
364
112
178
364
364
364
364
364
192
182
364
364
364
364
364
364
111
364
364
364
364
364
364
364
364
364
364
364
364
98
364
147
364
364
364
364
364
364
364
364
364
133
364
364
364
364
97
364
364
364
131
364
364
96
364
91
364
94
364
364
364
364
138
133
170
235
364
91
364
147
364
364
364
364
532
364
364
97
157
364
364
224
364
364
364
364
364
364
364
364
364
364
364
364
364
364
364
364
133
364
364
364
126
93
364
364
364
120
364
364
364
364
364
364
364
251
364
364
364
364
364
364
364
364
364
364
364
364
150
364
364
364
364
364
364
122
364
364
364
364
364
364
364
93
364
195
356
364
364
364
364
364
364
364
364
364
364
364
202
364
364
143
364
364
364
364
364
148
364
364
91
364
364
364
364
364
364
364
364
364
182
364
364
139
114
124
364
364
364
364
364
244
364
364
364
364
364
105
364
99
283
190
364
364
364
326
364
364
364
364
182
364
364
364
364
364
364
147
364
364
364
134
125
364
364
364
364
144
364
156
364
364
364
179
364
140
364
364
119
364
104
364
364
364
364
134
364
364
364
364
364
152
364
364
151
364
364
364
364
364
364
364
364
91
364
364
364
364
364
364
364
106
364
364
364
364
364
221
364
364
364
364
364
364
364
364
174
364
364
364
364
96
136
364
364
140
364
209
280
364
143
218
484
364
364
364
168
170
202
139
364
364
364
364
364
219
364
364
176
364
364
364
364
364
364
364
364
364
148
364
130
364
364
364
364
157
364
364
364
135
364
364
364
364
96
136
364
126
364
157
364
570
364
364
364
364
364
364
364
364
364
364
364
364
364
364
364
200
110
364
364
364
364
193
142
116
364
364
364
364
364
364
364
164
364
364
364
364
364
364
364
364
97
123
364
364
364
364
364
176
364
364
364
364
364
110
364
192
179
364
364
364
364
364
364
364
364
364
364
390
364
182
364
364
364
364
364
364
91
364
364
364
364
364
364
364
364
364
193
276
127
130
364
364
421
364
364
364
364
364
364
364
364
364
364
364
364
364
364
364
364
364
364
364
364
364
364
94
364
122
364
364
364
364
364
515
364
364
364
364
364
364
364
364
364
364
364
91
364
364
364
364
364
797
364
172
137
364
364
364
364
364
364
364
364
146
364
364
364
95
364
129
364
152
364
364
364
364
364
364
364
364
180
242
364
364
160
364
364
364
364
364
364
364
364
364
135
364
364
364
364
364
364
364
364
364
364
364
188
157
364
364
364
364
364
364
118
364
364
364
364
126
364
275
364
364
364
364
364
364
364
364
364
364
124
364
364
364
136
364
107
364
364
364
96
123
364
364
364
364
120
364
108
364
364
128
364
364
364
364
364
364
364
364
142
364
364
364
364
364
364
98
364
364
112
364
364
123
129
364
218
116
364
364
364
364
364
123
364
364
115
364
113
204
364
364
364
364
364
364
364
364
364
364
364
364
242
91
364
364
364
364
364
95
364
364
364
364
364
364
364
364
364
130
364
364
364
364
364
364
124
173
364
364
364
364
364
364
364
364
364
364
364
364
364
364
364
364
364
364
364
364
364
364
364
364
364
364
364
364
364
364
364
364
364
364
364
364
364
364
364
167
364
364
364
364
364
134
364
364
189
364
364
309
364
364
364
364
364
364
364
364
364
364
364
364
364
364
364
364
364
364
364
364
364
364
162
364
364
364
364
364
364
364
163
364
364
364
174
209
364
364
109
364
364
364
135
364
175
364
364
364
364
364
364
364
364
364
102
364
147
364
179
364
364
102
364
114
364
364
364
364
364
364
364
364
364
155
131
364
364
364
364
364
143
112
364
364
364
181
364
236
364
192
364
364
364
364
91
154
364
364
364
364
364
364
364
364
364
364
364
364
364
364
364
110
364
364
364
364
342
364
364
364
364
364
364
364
364
364
364
364
364
364
364
364
364
121
137
364
364
364
171
364
364
364
364
364
97
364
364
102
364
364
145
364
182
364
364
393
364
364
145
364
364
270
364
364
364
364
364
364
364
364
364
364
364
106
364
364
364
364
364
364
364
118
364
364
119
364
364
364
364
364
364
364
364
364
364
124
364
364
117
106
364
364
364
364
180
364
406
364
364
364
97
364
110
364
170
117
107
364
364
364
364
364
141
173
221
364
116
140
364
364
364
364
364
364
364
364
364
364
364
364
364
364
173
364
166
364
364
114
364
107
364
364
364
364
364
364
149
130
364
364
364
169
102
364
364
364
264
364
364
364
364
364
364
364
145
364
364
364
364
364
152
364
364
205
166
364
364
364
364
364
364
235
91
364
364
364
364
364
364
364
364
150
364
364
364
364
364
364
364
364
122
364
364
364
364
364
174
364
364
364
364
364
130
364
364
364
364
364
364
364
364
364
364
364
364
364
364
364
364
364
115
364
364
96
270
364
364
364
149
364
364
364
364
364
201
364
364
364
199
364
364
364
364
364
364
364
364
364
364
364
364
364
364
142
364
364
364
364
364
364
364
232
178
364
364
364
364
364
364
364
364
364
364
113
364
364
364
101
364
364
155
364
155
364
364
364
364
364
364
364
103
364
364
364
364
364
364
364
364
91
97
364
364
364
364
164
364
364
122
364
364
364
364
364
364
91
364
364
364
183
364
364
364
364
364
145
364
364
162
102
364
91
364
364
364
364
364
364
364
364
364
364
364
364
364
364
364
364
364
364
364
364
364
364
364
364
364
103
122
364
364
91
107
364
364
364
116
129
364
95
364
364
364
364
364
364
364
98
124
561
364
364
364
216
364
186
364
364
364
364
364
144
364
364
364
364
155
169
364
364
181
364
364
364
364
364
364
364
364
364
364
364
364
364
364
167
476
364
91
364
364
364
364
364
364
364
364
364
364
364
364
364
364
364
364
364
364
109
419
364
364
364
130
364
364
364
364
364
364
364
364
364
364
364
364
364
364
364
364
364
158
364
364
364
132
364
364
364
364
152
364
271
611
364
99
364
364
111
364
364
158
364
364
107
364
167
108
364
364
364
364
364
364
364
364
364
364
364
364
364
91
364
364
364
449
364
150
158
364
364
364
364
364
364
184
364
141
364
364
364
364
364
364
364
364
168
364
364
364
364
105
364
364
364
364
364
91
364
364
364
364
364
364
364
364
364
364
91
364
139
364
364
364
364
364
364
166
364
364
364
364
124
364
364
364
201
139
152
364
364
364
364
364
364
364
364
364
364
364
364
364
665
364
364
364
364
364
364
364
364
364
364
364
364
364
125
118
364
187
114
120
364
153
364
364
364
137
364
364
364
143
364
364
364
91
364
364
364
364
364
364
364
364
364
364
364
364
364
364
364
364
364
364
364
364
364
364
364
364
364
364
364
364
121
201
364
364
364
217
94
364
364
91
364
227
364
364
364
364
234
364
364
364
364
364
139
364
364
364
364
364
364
166
364
364
364
100
364
364
364
364
364
364
364
364
364
364
157
190
364
364
364
364
364
364
364
364
364
364
123
364
364
364
364
364
364
364
364
364
364
155
119
364
364
364
95
364
364
364
196
364
364
364
105
91
364
364
180
364
364
364
364
364
151
364
161
364
364
364
121
185
364
364
364
91
432
364
364
364
343
364
364
364
364
364
364
364
364
364
364
364
364
364
364
364
364
364
133
364
144
153
364
96
364
364
364
97
364
364
364
364
364
364
364
364
364
364
136
178
364
364
364
364
364
364
364
364
139
364
364
364
121
153
364
364
364
364
364
364
364
364
162
364
128
364
124
364
364
364
364
364
364
364
364
364
364
364
364
364
148
91
94
364
203
364
364
364
364
364
364
364
150
364
364
364
364
364
364
364
364
364
364
364
364
364
364
364
364
106
364
313
364
125
364
364
364
364
364
364
364
119
364
364
364
364
364
364
364
364
364
364
211
364
364
364
364
364
364
364
364
364
364
364
364
364
364
175
364
364
364
364
364
364
364
364
364
364
364
364
364
364
364
364
100
364
364
364
364
364
364
364
364
364
364
170
91
364
364
364
364
364
180
364
364
111
364
364
364
205
364
364
364
364
364
364
364
364
170
364
364
364
364
364
364
94
364
364
170
364
162
364
172
134
364
364
364
162
364
364
364
364
364
364
364
364
364
364
364
364
364
103
364
364
203
160
364
364
364
364
177
364
364
364
112
364
364
364
364
364
364
364
364
364
364
364
364
242
364
364
94
364
364
364
364
364
364
364
364
364
364
364
364
364
364
364
364
364
364
364
364
364
364
364
364
364
117
364
364
364
364
103
364
364
364
364
91
364
364
364
364
364
364
364
364
364
364
184
364
364
364
364
364
364
364
364
364
120
364
364
91
364
121
364
143
364
482
364
364
364
364
364
364
364
364
364
205
364
364
364
364
364
364
150
364
364
364
154
364
364
364
207
364
364
364
364
364
364
364
134
364
128
364
364
364
142
364
364
364
248
364
364
364
364
364
115
364
364
364
364
364
364
364
364
364
364
364
364
364
219
133
364
364
364
364
107
364
364
364
364
364
364
364
364
219
364
364
364
364
364
91
181
113
92
364
364
364
364
364
364
364
364
364
364
364
364
364
364
364
364
364
364
364
364
364
174
364
364
364
364
364
364
364
364
213
364
170
364
364
364
142
364
135
91
364
100
364
364
364
364
364
364
364
364
91
364
364
364
364
364
364
364
364
364
364
364
364
154
364
171
161
364
364
364
225
364
364
364
364
364
144
364
364
531
364
364
126
364
364
119
364
364
364
364
364
364
364
175
364
364
364
364
364
364
132
364
364
139
364
364
364
364
364
364
364
364
364
364
364
364
364
364
313
364
364
364
364
364
364
364
364
99
364
364
364
364
364
364
364
364
364
364
364
180
364
364
364
364
364
364
364
364
364
364
364
364
364
364
345
364
225
364
364
364
364
364
364
364
364
179
364
364
106
149
174
364
364
126
178
154
364
364
364
364
364
364
478
187
364
364
364
364
364
364
364
364
364
364
172
364
364
364
230
364
364
364
364
364
184
364
364
364
364
364
364
364
364
364
364
364
364
101
136
364
364
94
364
364
485
364
364
364
364
364
364
364
364
364
364
364
364
364
530
364
364
364
364
364
364
364
364
364
364
364
135
364
364
364
92
364
364
364
364
364
364
364
364
364
364
117
364
364
364
364
364
146
364
364
364
364
364
364
364
364
364
364
205
113
364
364
364
364
364
364
364
364
143
364
364
364
364
364
364
364
364
364
364
364
364
364
364
101
364
364
364
364
364
364
130
100
364
364
364
364
364
364
364
121
364
225
364
364
364
364
364
364
364
364
364
364
364
364
364
364
364
364
364
364
364
364
364
364
331
364
364
364
364
364
364
364
364
364
364
364
364
364
364
364
364
364
364
364
364
364
364
364
364
364
159
183
364
364
364
364
364
364
364
364
364
499
364
364
364
122
221
364
364
364
364
364
364
364
179
364
190
101
364
141
364
364
364
364
364
364
364
364
364
364
180
364
364
244
364
364
364
364
364
364
364
364
364
364
91
364
364
364
364
136
364
364
221
364
364
364
91
364
364
364
102
364
93
364
91
364
364
364
364
364
364
364
364
364
91
364
364
364
364
364
133
364
364
364
364
364
364
364
364
364
364
128
364
364
364
364
364
364
364
364
364
364
364
364
364
206
364
364
364
364
364
364
364
138
115
127
141
364
227
101
364
364
364
364
364
364
364
364
364
364
364
364
364
364
364
364
364
364
364
364
364
364
364
364
364
364
364
364
364
364
364
364
364
160
364
364
364
364
364
364
364
364
364
364
364
364
364
364
364
364
364
364
364
364
364
134
364
364
364
364
364
364
364
364
114
364
364
364
364
364
364
364
364
364
364
364
364
364
176
135
364
364
159
364
112
364
364
364
364
364
364
364
113
364
364
364
364
364
364
364
364
106
364
364
364
364
364
364
364
364
364
364
364
364
364
364
364
364
211
364
364
171
92
364
364
122
243
364
364
364
364
364
364
364
364
364
364
364
364
364
364
364
364
364
364
364
154
364
364
364
159
364
364
364
364
364
364
364
364
364
364
364
364
364
364
502
364
364
364
364
364
170
364
364
122
129
364
364
364
364
364
299
364
364
364
364
115
107
364
364
364
180
364
364
364
364
129
364
364
364
364
103
364
364
364
364
364
162
364
364
364
364
93
364
364
364
364
364
364
364
364
364
364
364
364
364
364
364
364
364
364
364
565
364
364
364
364
364
364
364
364
364
364
364
364
364
364
97
364
364
132
364
364
364
364
364
364
364
364
364
364
364
364
364
364
364
364
364
364
364
364
364
364
364
364
364
364
148
364
170
364
364
364
364
364
364
151
364
364
364
95
364
364
364
364
128
142
174
364
364
364
364
364
364
364
169
364
91
364
364
364
364
364
236
364
364
364
364
152
364
364
137
364
364
364
364
364
209
364
364
133
364
364
364
364
364
150
364
364
364
364
364
364
364
364
364
364
143
91
364
108
364
364
364
364
364
364
364
364
364
364
364
364
364
364
364
95
129
364
364
173
168
162
364
364
364
364
364
364
364
364
364
364
364
364
364
162
364
364
364
364
364
104
121
200
364
364
364
364
364
364
364
179
364
364
364
364
364
364
233
364
364
364
364
243
96
364
364
364
364
364
364
364
224
364
364
91
364
364
94
364
364
364
364
126
364
364
364
364
364
364
364
144
364
364
364
364
364
364
364
364
364
364
364
364
364
364
364
364
364
364
364
364
91
364
97
364
364
364
364
364
249
364
364
364
364
114
364
364
92
364
364
364
364
179
364
364
364
364
265
364
364
364
364
364
364
364
225
364
152
115
177
364
364
364
364
364
364
364
364
364
196
364
364
364
364
364
364
364
364
556
364
364
167
364
364
364
93
364
364
107
364
364
364
364
364
364
364
364
364
364
364
364
364
364
364
364
364
364
364
364
364
364
96
364
364
364
364
364
364
364
364
364
364
364
364
364
364
364
364
364
364
364
364
364
364
364
364
364
137
95
364
364
364
364
364
364
102
364
364
364
163
364
159
364
364
364
158
364
364
364
364
164
364
364
364
364
364
364
364
364
364
364
364
364
122
364
364
364
364
219
364
364
364
364
364
364
364
364
364
202
364
364
364
364
364
364
364
91
364
364
364
364
364
364
129
364
364
364
364
364
364
364
364
364
364
364
364
364
364
364
107
364
364
364
364
364
364
364
364
364
223
364
364
364
364
364
364
364
364
364
364
364
364
364
364
364
364
364
364
138
364
364
364
364
364
364
364
364
364
364
364
364
364
91
156
364
364
364
364
364
364
364
99
364
364
364
192
364
364
364
364
139
364
364
364
364
364
364
364
364
364
364
364
364
364
364
364
152
364
364
364
364
364
364
364
364
364
364
364
364
364
364
364
364
364
364
364
364
364
364
364
364
364
364
364
364
364
364
364
364
364
364
364
364
364
364
364
364
364
364
364
116
99
364
364
364
364
364
364
364
364
364
364
364
364
364
364
364
364
364
387
364
364
121
364
364
364
364
364
364
364
364
364
364
364
101
364
364
364
364
364
364
364
146
364
364
364
289
364
140
150
364
364
364
364
364
364
114
364
740
364
364
364
364
364
364
364
364
364
364
364
364
364
364
364
211
364
364
364
364
364
364
364
131
364
364
364
144
364
364
364
364
364
364
364
364
364
364
364
364
364
364
364
364
364
452
364
364
364
364
364
364
364
364
364
364
364
364
364
364
364
364
364
364
364
364
364
206
155
364
364
364
364
364
364
364
364
364
364
364
162
364
364
364
364
364
136
364
364
364
364
364
364
364
364
364
364
364
364
364
364
364
364
364
364
364
364
364
364
364
364
364
364
364
364
364
364
364
364
364
364
364
364
364
364
364
364
364
471
364
364
364
364
364
364
364
364
364
364
364
364
364
364
364
364
364
448
364
364
364
364
364
364
364
364
364
364
364
364
364
364
153
364
364
364
364
364
364
364
364
364
364
364
364
257
364
364
364
364
364
92
364
364
364
364
364
364
364
364
364
364
364
364
364
364
146
364
364
364
364
364
332
364
364
364
364
364
364
497
364
125
364
364
364
364
364
364
364
364
137
364
364
364
364
364
364
364
364
364
364
364
364
364
364
364
364
364
364
364
140
364
142
340
364
364
364
364
364
364
364
121
364
364
364
364
130
364
364
364
364
364
364
364
364
364
364
364
364
364
364
364
364
364
364
364
364
364
364
364
364
364
114
364
364
364
364
364
364
364
364
364
364
364
364
364
176
364
364
364
364
364
364
364
364
364
364
364
364
364
364
364
121
364
364
364
364
364
570
364
364
364
364
364
364
364
364
364
364
364
364
364
364
364
364
364
364
364
364
364
364
364
364
364
364
364
364
364
364
364
364
364
364
364
364
364
364
364
364
206
364
364
364
364
364
364
364
364
364
364
364
364
364
364
364
364
364
364
364
364
364
364
364
364
364
364
364
364
364
364
364
364
364
364
364
364
364
364
364
364
364
364
364
364
364
184
364
364
364
364
364
364
364
364
364
364
364
364
364
364
175
364
364
364
364
364
364
364
364
364
364
364
364
114
364
364
364
364
364
364
525
364
364
364
364
364
364
364
364
364
364
364
364
364
364
364
364
364
364
364
136
364
364
364
364
364
98
364
364
364
177
364
364
364
364
364
364
438
364
364
364
364
364
364
364
364
364
364
364
364
162
364
364
364
364
364
364
132
364
248
364
364
364
364
364
364
364
364
364
364
364
364
364
364
364
364
364
364
364
364
364
364
364
364
364
117
364
364
364
364
364
364
364
364
364
364
364
364
183
364
364
364
364
364
364
364
364
364
364
364
364
364
364
364
364
364
364
364
364
364
364
364
364
364
364
364
364
364
364
364
364
364
364
364
364
364
364
364
364
364
364
364
364
364
364
364
364
364
364
364
364
364
364
364
120
364
364
364
364
364
364
364
364
364
364
364
364
364
364
364
364
364
364
364
364
364
364
364
364
182
364
364
364
364
364
364
364
364
364
364
364
364
364
364
364
364
364
364
364
364
364
364
364
364
364
364
364
364
364
364
364
364
364
364
364
364
233
164
106
364
364
364
364
364
364
364
364
364
364
364
364
364
364
364
364
364
364
364
364
364
458
364
364
364
364
364
364
364
364
364
364
364
91
126
364
364
364
364
364
364
364
364
364
364
364
364
364
179
364
364
364
364
364
364
106
364
364
364
364
364
364
364
364
364
364
364
364
364
364
364
364
364
364
364
364
364
364
364
364
142
364
364
364
364
364
364
364
364
364
364
364
364
122
364
364
364
364
364
364
364
364
364
364
364
364
364
159
364
364
364
364
364
364
364
364
364
364
364
364
364
364
364
364
364
364
494
364
364
364
364
364
364
364
364
364
364
364
364
364
364
364
364
138
364
364
364
364
364
364
182
364
364
364
156
364
364
364
364
364
364
364
364
364
364
364
364
117
364
364
121
364
364
364
364
364
364
364
364
364
94
364
364
364
364
364
364
364
137
364
364
364
364
101
364
364
111
364
364
364
364
364
364
364
126
101
364
364
364
364
364
364
364
364
364
364
364
364
364
364
364
364
364
364
364
364
364
364
364
364
364
364
209
435
704
364
364
364
364
364
364
364
364
116
364
364
179
364
364
364
364
364
364
364
364
96
364
364
364
364
364
364
364
364
162
91
364
364
364
364
364
364
364
364
364
364
364
156
364
364
364
91
364
364
364
364
364
364
463
364
364
364
364
364
91
364
364
364
364
364
364
364
364
364
364
160
364
364
364
364
364
364
364
364
364
364
364
364
364
364
364
364
364
364
364
138
364
364
364
364
364
364
364
364
364
364
364
364
364
109
364
364
364
364
364
162
111
364
364
364
364
364
364
364
364
364
364
364
364
364
364
364
364
364
364
364
364
364
364
364
364
364
364
364
364
364
109
364
364
364
364
364
364
364
364
364
364
364
364
364
364
364
364
364
364
364
364
364
364
364
231
364
364
364
364
364
364
364
364
364
364
364
364
364
364
364
165
100
364
364
364
364
364
364
364
364
364
364
239
364
364
364
364
364
364
364
364
364
364
364
364
364
364
364
364
364
364
364
364
364
99
364
364
364
364
364
364
364
364
364
364
364
364
364
364
364
364
364
364
364
364
364
364
364
364
364
364
364
364
364
364
364
364
364
364
364
364
364
364
364
364
364
364
364
364
364
364
364
364
364
364
364
364
364
133
364
364
180
364
364
364
364
364
364
364
364
364
364
364
364
364
364
364
364
364
156
364
364
364
364
364
364
364
364
364
364
364
364
364
146
364
364
364
364
364
364
364
364
154
364
95
364
364
364
364
364
364
364
364
191
173
364
364
364
364
364
364
364
364
218
364
364
364
364
364
364
364
364
364
364
364
364
364
364
364
364
364
364
364
364
364
364
364
364
364
364
120
147
364
364
364
364
364
364
364
364
364
364
364
364
364
364
173
364
364
364
364
364
364
364
364
364
364
364
364
364
364
364
364
364
364
826
364
364
364
364
364
364
364
364
364
364
364
364
364
364
211
364
364
364
136
364
364
364
364
364
364
122
364
364
364
364
364
364
364
364
364
364
364
364
364
364
364
364
364
364
364
364
364
364
364
364
364
195
364
364
364
364
364
364
364
364
364
364
364
364
364
364
235
364
364
364
101
364
364
364
207
364
364
364
364
364
364
364
364
364
364
364
364
364
364
364
194
364
364
364
364
364
364
364
364
106
364
364
364
364
364
364
364
108
364
364
364
364
364
364
364
364
364
364
364
364
364
364
364
364
364
364
364
460
364
364
364
364
364
364
364
364
364
364
364
364
364
364
364
364
364
364
364
364
364
364
364
364
364
364
364
364
364
364
364
364
364
364
364
364
107
364
364
364
364
364
364
364
175
364
364
364
167
364
156
364
364
364
364
141
364
364
364
364
364
364
364
364
364
364
364
364
364
364
364
364
364
364
364
364
364
364
364
364
364
364
364
364
364
364
364
364
364
364
364
364
364
364
364
364
364
364
364
364
364
364
364
364
364
364
364
364
364
364
364
364
144
364
364
364
185
364
364
364
364
364
364
364
144
364
364
189
364
364
364
364
364
364
364
364
364
364
364
364
364
364
364
364
364
364
364
364
364
364
364
278
364
364
364
364
364
364
364
364
364
364
364
364
127
364
364
364
364
91
364
364
364
364
364
364
364
364
364
364
364
364
364
364
364
364
364
364
364
364
105
364
364
364
364
364
364
201
364
364
364
91
117
364
142
364
364
364
364
364
364
364
364
364
364
364
364
364
364
364
364
364
364
364
364
364
364
364
249
364
364
364
364
364
364
364
364
364
364
364
364
364
364
114
364
118
364
364
364
364
364
364
364
138
364
364
364
364
364
364
364
364
364
364
364
364
364
364
364
364
364
364
364
364
364
364
364
364
364
364
364
364
101
364
364
364
364
364
364
364
364
117
364
364
464
364
364
364
364
364
364
364
364
364
364
364
364
364
364
364
364
364
364
364
364
364
364
364
91
364
364
364
364
364
364
364
364
364
364
364
364
364
364
364
364
364
364
364
364
364
364
364
364
364
364
364
364
364
364
364
364
364
164
364
364
364
364
364
364
364
364
364
364
141
163
364
364
364
364
364
364
364
364
364
364
364
364
364
364
364
364
364
364
364
364
364
364
364
364
364
364
364
364
364
364
100
364
364
364
364
364
364
364
170
364
364
364
364
364
364
364
364
364
364
364
364
364
364
364
364
364
364
364
364
364
364
364
173
364
364
364
364
364
364
364
364
364
364
364
364
364
364
364
364
364
364
364
364
268
364
364
364
364
364
364
364
98
364
364
364
364
364
364
364
364
364
364
364
364
364
364
364
364
364
364
364
364
364
364
364
364
364
364
364
364
364
364
364
364
364
364
364
364
364
241
364
364
364
364
364
364
364
364
364
364
364
364
364
364
364
364
364
364
364
364
135
364
364
364
364
364
364
364
364
364
170
364
364
364
364
364
364
364
364
364
364
364
364
364
364
364
364
364
364
364
364
364
364
364
364
364
364
364
364
364
364
364
364
364
154
364
364
364
364
169
364
364
112
125
364
364
364
364
364
364
364
364
364
364
364
364
143
364
364
364
364
364
364
364
364
364
364
364
364
364
364
364
364
364
364
364
364
364
364
364
364
364
364
364
364
364
146
364
364
364
145
364
364
364
364
364
364
104
364
364
364
364
364
364
364
137
364
364
364
364
364
364
364
364
163
364
364
364
364
364
364
364
364
364
364
364
364
364
364
364
364
364
364
170
364
364
364
364
364
364
364
91
364
364
364
364
364
364
364
364
177
364
364
364
364
364
364
364
364
364
364
364
364
364
364
364
364
135
364
364
364
364
364
364
364
364
364
364
364
364
364
202
364
364
364
364
364
364
364
364
364
186
364
158
175
364
364
364
364
364
364
364
364
364
364
364
364
364
108
364
364
364
364
364
364
364
364
364
364
364
364
158
364
364
364
364
131
364
364
364
364
364
364
364
364
364
146
364
364
364
364
364
364
364
364
364
364
364
364
364
364
364
364
364
364
364
364
364
364
364
364
364
364
364
175
364
364
364
364
364
364
364
364
364
126
364
119
364
364
364
364
364
364
364
364
364
364
364
364
364
364
364
364
364
364
364
364
122
364
364
364
364
364
364
364
364
364
364
302
364
364
364
364
197
175
364
364
364
364
364
364
364
364
364
225
364
364
364
364
364
364
364
364
364
364
364
364
364
364
364
364
364
364
109
364
364
364
364
364
364
364
364
364
364
364
364
364
364
364
364
364
364
364
364
364
364
364
364
364
364
364
364
364
364
364
364
364
364
364
364
127
364
364
107
364
364
364
364
364
364
364
364
364
364
364
364
364
364
115
364
364
364
364
364
106
364
364
364
364
364
364
364
364
364
364
364
364
364
364
364
364
364
364
364
364
364
364
364
364
364
364
364
364
364
364
364
364
364
364
364
364
240
364
364
364
364
364
364
364
364
364
364
103
364
364
364
364
110
364
364
364
364
364
364
364
364
364
364
364
364
364
364
136
364
364
364
160
364
364
364
364
364
364
364
364
364
364
364
364
131
364
364
378
364
364
364
364
364
364
364
94
364
364
364
364
364
218
451
364
364
364
364
364
364
364
364
364
364
364
364
364
364
364
192
128
364
364
364
364
210
170
364
364
364
364
364
364
364
364
364
364
364
364
364
364
364
364
364
364
364
364
364
364
364
364
364
364
364
364
364
364
364
364
364
364
364
364
364
364
364
364
364
364
364
364
364
364
364
364
364
115
364
364
364
364
364
364
364
364
364
364
364
364
364
364
364
364
364
364
364
364
364
364
364
364
364
364
364
364
364
364
364
364
364
364
364
364
364
364
159
364
364
364
364
364
364
364
364
364
364
364
364
364
364
364
364
364
364
364
364
364
364
364
364
364
364
364
364
364
364
364
364
91
364
364
364
364
364
364
364
364
364
364
364
364
364
364
364
364
364
364
364
364
364
364
364
364
364
122
364
364
364
364
364
364
364
364
364
364
364
152
364
364
364
364
364
364
364
364
364
364
364
364
364
364
364
364
364
364
364
364
364
364
364
364
116
364
381
364
364
364
364
364
364
364
364
364
364
364
364
364
364
364
364
147
364
364
364
364
364
364
364
364
364
364
364
364
364
364
364
364
364
364
364
117
364
364
364
364
135
364
364
364
364
364
364
364
364
364
364
364
364
364
364
364
364
364
364
364
364
364
364
364
364
364
364
364
364
364
364
364
364
364
364
364
364
364
364
206
364
364
364
364
364
364
364
364
364
364
364
364
364
364
364
364
364
364
163
364
364
364
364
364
364
364
364
364
364
364
364
364
364
364
364
364
364
364
364
364
364
364
364
364
364
364
364
364
364
364
364
364
364
116
364
364
364
364
364
364
364
364
193
364
364
364
364
364
364
364
364
364
364
364
364
117
364
364
134
364
364
364
364
364
364
364
364
364
364
364
364
364
364
364
364
364
364
364
364
364
364
364
364
364
364
121
364
364
364
364
364
364
364
128
364
364
364
364
364
364
119
364
364
364
364
364
364
364
364
364
364
364
364
364
364
364
364
364
364
221
364
156
364
364
364
336
364
364
364
364
364
100
364
364
109
364
364
364
364
134
364
364
364
364
364
91
364
364
364
364
364
364
364
364
364
364
364
364
364
364
364
364
364
364
364
364
364
364
364
364
364
364
364
364
364
100
364
364
364
259
364
364
364
364
364
364
364
161
364
364
364
364
364
364
364
500
364
364
364
364
364
364
364
364
364
364
364
364
364
364
364
364
364
119
364
364
364
364
364
364
364
364
364
364
364
208
364
364
364
364
364
106
364
364
364
364
364
364
167
364
364
364
364
364
364
364
109
364
364
364
364
364
364
364
364
364
145
364
364
364
364
364
364
364
364
364
364
364
364
202
364
364
364
364
364
364
364
364
364
364
364
364
364
364
364
364
364
364
364
364
364
364
364
364
364
364
364
364
364
364
364
364
364
169
364
364
364
364
364
364
364
364
150
364
364
364
364
485
364
364
364
364
364
364
364
364
364
364
364
364
113
364
364
364
364
364
364
364
364
364
364
364
364
364
364
364
364
364
364
105
364
364
364
91
364
364
364
364
364
364
364
364
364
364
364
364
364
256
364
364
364
364
364
364
364
364
364
236
364
364
364
364
364
364
364
364
364
181
364
182
364
364
364
364
364
97
150
364
364
364
364
364
364
364
364
364
364
166
364
364
100
364
364
364
364
364
114
364
364
364
364
364
364
364
364
364
364
364
364
364
364
364
364
364
364
364
364
364
364
364
364
364
364
364
364
364
364
364
364
364
182
364
364
364
364
364
364
364
364
364
364
364
364
364
364
364
364
364
364
364
364
364
364
364
364
364
364
364
364
364
91
364
364
364
364
364
364
364
364
364
364
364
578
364
364
364
364
123
364
364
364
364
364
364
364
104
364
364
364
364
364
139
364
364
364
364
364
364
364
364
364
364
364
364
364
364
364
364
364
364
364
364
364
364
364
364
364
364
364
364
364
505
364
364
364
364
364
364
364
364
364
364
364
364
364
364
364
364
364
364
364
364
364
364
364
364
364
364
364
364
364
364
129
364
364
364
364
364
364
364
364
364
364
364
364
364
364
364
364
364
240
364
364
504
364
364
364
364
364
364
364
364
364
216
364
364
278
364
364
137
364
364
364
364
364
107
364
364
364
364
364
364
364
364
91
364
364
364
98
364
118
364
136
364
364
364
116
364
364
364
364
364
364
364
364
364
364
364
364
364
364
364
364
364
364
100
364
364
364
364
364
91
364
364
364
364
364
364
364
364
364
364
168
364
364
164
364
364
364
364
364
364
364
364
364
364
364
364
364
364
364
140
364
364
364
364
150
364
364
364
364
364
364
98
364
364
364
364
364
364
364
364
364
364
364
364
364
364
364
364
147
364
364
626
667
364
364
364
364
364
364
364
364
364
364
364
364
364
364
364
364
364
364
364
364
364
364
364
364
364
237
364
364
364
364
364
364
364
364
364
364
364
364
364
364
364
364
157
364
364
364
364
364
179
364
364
364
364
364
364
364
364
364
364
364
364
153
364
364
364
364
93
364
364
364
364
364
364
364
364
364
364
364
364
364
364
364
364
364
364
364
364
364
364
364
364
364
364
364
364
364
364
364
364
364
364
364
364
364
364
364
364
364
364
364
364
364
364
364
364
364
135
364
364
364
364
364
97
364
364
364
364
364
153
364
364
364
154
364
364
364
364
364
364
364
364
364
364
364
364
364
364
364
364
364
364
364
364
364
364
364
364
364
364
364
364
364
364
364
364
364
364
364
364
364
364
364
364
144
364
364
364
364
576
364
364
364
364
364
364
364
364
364
364
364
364
364
364
364
364
364
364
364
364
364
364
364
364
364
364
364
364
364
364
364
364
364
364
364
364
364
364
364
364
364
364
364
364
364
364
364
364
364
364
364
364
364
364
172
364
364
364
126
364
364
133
364
364
364
364
364
364
364
364
364
364
364
364
364
364
364
364
364
364
364
364
364
364
364
364
364
364
364
364
364
364
364
364
364
364
364
364
364
364
364
364
364
364
364
158
364
364
364
364
364
364
364
364
364
364
124
364
364
364
364
364
364
364
364
364
364
364
364
121
364
364
364
364
364
364
364
364
364
364
364
364
364
364
364
364
364
364
364
364
364
364
364
364
364
364
364
364
364
364
364
364
364
364
364
364
364
364
364
364
364
364
364
364
364
364
364
364
364
364
199
92
364
364
364
364
364
364
364
364
364
364
364
364
364
364
364
364
364
364
364
364
124
364
364
511
364
364
364
364
364
364
364
364
364
172
364
364
364
364
364
364
364
364
364
364
364
364
364
364
364
364
364
364
364
364
364
364
364
364
364
364
364
364
364
364
364
364
364
364
364
364
364
364
364
98
200
364
364
364
364
364
364
364
364
364
364
364
364
364
364
364
364
364
120
190
364
364
364
364
364
124
364
364
364
364
364
364
364
364
364
364
364
364
364
364
364
364
364
364
364
364
364
364
227
364
364
364
364
364
364
364
364
364
364
364
364
364
364
364
364
364
364
391
364
364
364
364
364
364
364
364
364
364
364
364
364
180
364
364
364
364
364
364
364
364
364
364
364
364
364
364
364
364
364
364
364
364
364
364
364
364
364
364
364
364
364
364
364
565
364
364
364
364
364
364
364
364
364
164
364
364
364
364
364
364
364
112
364
364
364
364
364
364
364
364
364
364
364
364
364
364
364
364
92
364
364
395
364
364
364
364
364
364
91
364
149
364
364
364
364
364
364
364
364
364
364
364
364
364
364
364
364
364
364
364
364
364
364
364
364
162
364
364
364
364
364
364
364
364
364
364
364
364
364
364
290
364
364
364
364
364
364
364
364
364
364
364
134
364
364
364
364
364
364
364
364
364
364
364
364
364
364
364
364
364
364
364
364
364
364
364
364
206
364
364
364
102
364
364
364
364
364
364
364
364
560
364
364
364
364
364
364
364
364
364
92
364
364
364
364
131
364
364
364
364
364
364
364
364
364
364
364
364
364
364
364
364
364
364
364
364
364
364
364
364
364
364
364
364
364
364
364
488
364
364
364
364
364
364
364
364
364
364
364
364
364
364
364
364
364
364
364
364
364
364
364
364
364
364
364
364
364
364
364
364
364
364
364
364
364
364
364
364
364
364
364
290
364
364
364
364
364
364
364
364
364
364
364
364
364
364
364
364
364
364
364
364
364
364
364
364
364
364
364
364
364
364
364
364
364
364
95
364
364
364
364
364
364
364
364
364
364
364
364
364
364
364
364
364
364
364
364
364
364
364
364
364
450
364
364
364
364
364
364
364
364
216
364
364
364
364
364
364
364
364
364
364
364
364
364
364
364
364
364
364
364
520
364
364
364
364
364
364
364
364
364
364
364
364
364
364
364
364
364
364
364
364
364
364
364
364
364
364
170
364
364
364
364
364
364
364
364
364
364
364
364
364
364
364
184
364
364
364
364
364
364
364
364
364
364
364
114
364
364
364
364
364
364
364
169
364
364
364
364
364
364
150
364
364
364
364
182
364
364
364
364
364
364
364
364
364
364
364
364
364
364
364
364
364
364
364
364
104
364
364
364
364
364
364
364
364
364
364
364
364
364
364
95
364
364
364
364
364
364
364
364
205
364
364
364
364
364
364
364
364
94
364
364
364
364
364
364
364
364
364
364
364
364
364
364
364
364
364
364
364
364
364
364
392
364
364
364
364
364
364
364
364
364
364
364
364
364
364
364
364
364
364
364
364
364
364
364
364
364
364
364
364
364
364
364
364
364
364
364
364
106
364
364
364
364
364
364
364
364
364
364
364
364
364
364
364
364
364
364
364
364
364
364
364
364
364
364
364
364
364
364
364
364
96
364
364
364
364
364
364
364
91
364
364
364
364
364
364
364
364
364
364
364
364
364
364
364
364
364
364
364
364
364
364
364
364
364
364
364
364
364
364
364
364
364
364
364
91
105
154
364
364
364
364
364
364
95
115
364
364
364
364
364
364
364
364
364
364
364
120
364
364
364
364
364
364
364
364
364
364
364
364
364
364
364
364
364
364
92
364
364
364
364
364
364
364
364
364
364
364
364
364
364
364
364
364
364
364
364
364
364
364
364
364
364
364
98
364
364
364
364
364
364
364
364
364
364
364
364
364
364
364
364
364
364
364
364
364
364
364
364
364
364
364
364
364
364
364
364
364
364
364
364
364
364
364
364
364
364
729
364
364
161
364
364
364
364
364
364
364
364
364
364
364
364
364
364
364
364
364
364
364
364
364
364
364
364
364
364
364
364
364
364
364
364
364
364
364
364
364
364
364
364
364
364
364
364
364
364
364
364
364
364
364
364
364
364
364
364
364
364
364
364
364
364
364
364
364
364
364
364
364
364
364
364
364
364
364
364
364
364
364
364
114
364
364
364
364
364
364
364
212
103
364
364
364
364
364
364
364
364
364
364
364
364
364
364
364
364
364
364
364
364
364
364
364
222
364
364
364
91
364
364
364
125
364
364
364
364
364
364
364
139
364
364
364
364
364
364
364
364
364
364
364
364
364
364
364
364
364
364
364
364
364
364
364
364
364
364
364
364
182
364
364
364
364
364
364
364
364
364
364
364
364
364
364
364
364
364
364
364
364
291
364
364
364
364
364
364
364
364
364
364
364
325
364
364
364
364
364
364
364
364
364
364
364
364
123
364
364
364
364
364
364
364
364
364
364
364
364
364
364
364
364
364
364
364
364
364
364
364
364
364
364
364
364
364
364
364
364
364
364
364
364
364
364
364
119
364
364
364
364
364
364
364
364
364
364
364
364
364
364
364
364
364
364
364
364
364
364
364
364
364
364
364
364
191
364
364
364
364
364
364
364
364
364
364
364
364
364
364
364
364
364
364
364
364
364
364
364
364
364
364
364
364
364
364
364
364
364
364
364
364
364
364
364
364
364
364
364
364
364
364
364
364
364
364
364
364
364
364
364
364
364
364
364
364
364
364
364
364
364
364
364
364
364
364
209
364
364
364
364
364
364
364
364
364
364
364
364
364
364
364
364
364
364
364
364
364
364
364
364
364
364
364
264
364
364
364
364
364
364
364
364
364
364
364
364
386
91
364
331
364
364
364
364
364
364
364
364
364
364
364
364
364
364
364
364
364
364
364
364
364
364
364
364
364
141
364
364
364
364
364
364
364
364
364
364
364
364
364
364
364
364
364
364
364
364
364
364
364
364
364
364
364
364
364
364
364
364
364
364
364
364
364
364
364
364
364
364
364
364
364
364
364
364
364
364
364
364
364
364
364
364
364
367
364
364
364
364
364
364
118
364
364
364
364
364
364
364
364
364
364
364
364
364
364
364
364
364
154
364
364
364
364
364
364
364
364
364
364
364
364
364
364
364
364
364
364
364
364
364
364
364
364
364
364
364
364
364
364
364
364
364
364
364
364
364
364
364
364
364
364
364
201
364
364
364
364
364
364
364
364
364
364
364
364
364
364
364
364
364
364
364
364
364
364
364
364
364
364
364
364
364
364
364
364
364
364
364
364
364
364
364
364
364
364
364
364
364
364
364
364
364
364
364
364
364
149
364
364
364
364
364
364
364
364
364
364
364
364
364
364
364
364
364
364
364
364
364
364
364
364
364
364
176
364
364
364
364
364
364
364
364
364
364
364
364
364
364
364
364
364
364
364
364
364
364
364
364
364
364
364
364
364
364
364
364
364
364
364
364
364
364
364
364
364
364
364
364
364
364
364
364
364
364
364
364
364
364
364
364
364
364
364
364
127
364
364
364
364
364
364
364
364
364
364
364
364
364
364
364
364
364
101
364
364
364
364
364
364
364
364
364
164
364
364
364
364
364
364
364
364
364
364
100
364
364
364
364
364
364
364
364
364
364
111
364
364
364
364
364
364
364
364
364
364
364
364
364
364
364
364
364
364
364
364
364
364
364
364
364
364
364
364
364
364
364
364
364
364
364
364
364
364
364
364
364
364
364
364
364
364
364
364
364
364
364
364
364
364
364
364
364
364
156
364
364
364
364
364
364
364
364
364
364
364
364
364
364
364
364
364
364
364
364
364
364
393
145
364
364
364
364
364
364
364
494
364
364
364
364
364
364
364
364
364
364
364
180
364
364
364
364
364
364
364
364
364
364
364
364
364
364
364
364
112
364
164
364
364
364
364
364
364
364
364
364
364
364
364
364
364
364
364
364
364
364
364
364
364
364
364
364
364
364
364
364
181
364
364
364
364
364
364
364
364
364
364
364
364
364
364
364
364
364
364
364
364
364
364
364
364
364
364
364
364
364
364
364
364
364
364
364
364
364
364
364
364
364
364
364
364
364
364
364
364
364
364
364
364
364
364
364
116
364
364
187
364
364
364
364
364
364
364
364
364
364
364
364
364
364
364
364
364
364
364
364
364
364
364
364
364
364
364
364
364
364
364
364
364
364
364
364
364
364
341
364
112
364
364
364
364
364
364
364
364
364
364
364
364
364
364
364
364
194
364
364
364
364
364
364
364
364
117
364
364
364
364
364
364
364
364
364
364
364
364
364
364
364
364
364
364
364
364
364
364
364
364
364
364
197
364
364
364
364
364
364
364
364
364
364
364
364
364
364
364
460
364
364
364
364
364
364
364
364
364
364
364
364
364
364
364
364
364
364
364
364
364
364
364
364
364
364
364
364
364
364
364
364
364
364
364
364
364
364
364
122
364
364
364
364
364
364
364
364
364
364
364
364
364
364
364
364
364
364
364
364
364
364
364
364
364
364
364
364
364
364
364
180
116
364
364
364
364
364
364
364
364
364
364
364
364
364
364
364
364
364
364
364
364
225
364
364
364
364
364
364
364
542
364
364
364
364
364
364
364
364
364
364
102
364
364
364
364
364
364
364
364
364
364
364
364
364
364
364
364
364
364
364
364
364
364
364
364
364
364
364
364
364
364
364
364
155
364
364
364
364
364
364
364
364
364
364
364
364
364
364
364
364
364
364
364
364
364
364
364
364
364
364
364
364
364
364
364
364
364
364
364
364
364
364
364
364
364
364
364
364
364
364
364
364
364
364
364
364
364
364
208
364
364
364
364
364
364
364
364
364
364
364
364
364
364
364
364
364
364
364
364
364
198
364
112
364
364
364
364
364
364
364
364
364
364
364
364
120
364
364
364
364
364
364
364
193
364
364
364
364
364
364
364
364
364
364
364
364
121
364
364
364
364
364
364
