297
346
464
370
386
413
301
440
345
327
410
339
312
302
300
279
443
280
270
282
272
322
283
302
308
296
282
290
283
396
293
272
295
285
287
291
444
319
314
326
352
285
336
274
335
309
320
285
313
281
325
383
288
276
277
300
291
293
271
376
292
269
334
309
287
293
322
351
296
542
299
352
270
264
342
285
349
264
370
288
280
283
273
271
378
317
372
320
303
404
419
347
342
276
303
291
267
278
274
269
292
276
304
302
261
270
286
390
397
297
339
268
411
330
267
366
290
272
266
287
274
426
253
281
304
488
287
357
359
284
238
279
275
327
349
264
265
284
415
302
293
321
286
419
288
266
271
272
386
253
266
373
262
275
270
276
373
312
264
258
303
288
289
285
278
297
377
289
351
271
310
256
363
416
407
351
266
289
248
325
273
326
262
273
323
270
280
301
350
288
278
263
254
272
325
279
265
278
264
294
326
261
302
359
265
292
304
339
289
299
343
379
302
275
291
299
428
456
350
277
360
296
273
327
401
310
310
252
270
249
335
440
256
346
289
302
272
254
371
270
270
258
286
261
275
294
352
270
252
277
400
330
267
292
266
273
301
269
261
301
254
250
350
255
254
267
263
309
269
303
294
263
378
250
323
250
245
277
267
275
338
278
326
282
286
234
270
258
280
270
260
257
294
265
269
396
275
247
300
271
264
369
336
388
257
316
254
247
286
268
263
276
301
285
270
305
403
305
265
304
271
274
264
266
278
290
292
248
284
321
253
358
257
263
253
317
294
277
253
273
267
247
279
278
501
330
255
485
270
235
290
276
260
261
258
290
260
314
259
260
256
329
489
302
254
454
267
248
308
348
260
245
375
246
285
333
259
272
355
261
276
329
264
249
242
244
239
241
280
263
262
273
371
318
259
243
256
253
248
370
282
321
334
312
257
264
306
275
308
261
370
258
378
261
255
300
249
259
261
289
281
266
245
281
256
263
286
256
269
302
286
397
260
383
244
297
293
267
247
273
246
271
424
252
291
263
270
248
282
283
251
253
259
283
236
263
232
286
277
260
278
345
229
270
275
246
254
270
282
267
306
280
578
272
261
332
260
302
264
248
239
329
263
260
283
243
256
281
259
297
256
238
306
242
270
254
304
369
301
282
315
325
234
277
280
253
286
237
246
412
258
526
257
255
317
306
307
284
281
254
241
257
311
288
696
256
260
232
256
299
245
228
242
257
375
263
378
246
273
269
296
237
265
247
257
335
251
277
237
229
296
295
248
260
283
227
339
292
266
239
273
236
275
330
252
269
284
300
251
434
317
359
273
246
268
226
242
271
249
249
239
319
254
259
271
247
266
245
504
246
229
416
321
287
267
269
248
292
523
242
477
239
254
242
281
250
249
256
239
254
241
313
269
250
246
229
332
263
249
254
244
257
295
292
252
242
243
423
257
272
297
249
308
269
241
254
318
238
240
243
419
297
225
256
244
304
310
250
239
236
270
282
279
253
244
298
250
276
323
291
234
276
246
244
263
244
259
401
248
253
243
272
398
279
274
263
238
242
234
232
279
253
267
258
241
270
240
241
254
468
227
284
340
268
277
258
234
460
267
233
288
380
267
255
236
271
241
332
241
273
282
233
280
310
244
235
230
243
299
244
243
371
254
227
295
276
422
254
256
235
296
237
274
254
285
269
253
234
219
239
427
243
242
293
263
241
238
234
250
255
242
244
249
321
341
381
267
713
266
276
251
266
267
257
245
244
234
254
304
312
238
294
250
267
244
239
248
269
233
295
258
226
253
226
493
299
245
253
233
273
234
252
255
308
283
223
267
232
244
250
237
241
236
232
247
261
250
243
397
284
362
237
230
381
262
242
340
220
274
225
255
269
263
265
254
232
230
231
253
290
235
227
243
226
250
254
222
290
236
226
238
233
288
254
284
246
327
237
271
207
261
244
241
303
250
295
233
264
305
253
338
240
227
256
233
221
247
255
246
242
241
224
236
293
227
237
246
259
309
239
261
257
223
230
260
291
241
222
252
466
450
237
266
317
325
304
241
268
249
247
228
240
284
229
229
235
262
491
272
217
240
223
436
274
209
259
263
238
269
241
298
287
248
281
217
239
285
242
323
262
255
237
253
240
294
242
250
370
247
260
265
245
242
208
254
311
231
247
272
242
270
273
233
229
309
265
235
231
220
219
257
227
235
245
245
244
291
237
269
257
239
242
242
245
311
251
239
336
278
238
220
240
240
309
321
216
262
237
223
256
249
243
268
214
223
225
227
252
291
263
239
207
228
495
310
386
260
262
249
235
232
243
262
227
235
260
232
306
245
246
234
253
261
282
252
245
296
248
231
221
242
227
222
272
220
242
235
250
241
256
343
231
233
282
343
236
270
332
235
228
233
258
332
250
250
243
258
240
339
226
276
238
242
242
222
217
220
251
234
234
242
228
287
302
338
222
222
229
237
242
279
241
250
324
254
264
236
224
260
243
294
228
258
228
224
226
220
242
228
248
243
272
255
225
310
261
310
224
228
221
408
294
262
232
225
285
220
289
215
234
237
270
298
348
223
267
222
234
234
219
230
235
225
206
245
289
206
227
230
213
259
249
286
242
233
252
241
253
231
251
236
363
266
275
244
228
340
260
257
272
278
254
292
220
212
242
236
233
252
226
233
253
264
243
450
300
250
240
253
205
225
259
240
246
240
253
235
242
234
223
395
225
233
252
203
303
275
247
228
202
240
254
224
224
213
232
221
206
243
226
219
272
234
221
232
272
230
224
211
234
234
233
231
247
290
248
218
243
340
237
234
223
233
229
236
275
273
244
243
247
244
202
217
258
235
230
294
275
248
201
309
220
224
224
216
225
261
222
671
313
194
236
234
208
278
224
224
235
292
224
225
240
330
205
199
412
212
224
239
267
216
359
244
227
220
242
456
262
265
210
227
237
211
230
193
577
252
241
226
215
204
234
219
256
326
223
237
208
246
228
270
235
217
228
257
462
234
228
289
258
249
232
254
253
258
235
261
242
291
219
250
236
269
318
210
226
210
326
388
211
229
237
244
259
284
224
210
251
227
215
240
219
387
238
236
297
380
211
226
234
218
280
247
213
226
220
407
228
300
225
253
262
244
247
184
236
222
237
342
279
217
249
247
212
250
238
232
229
245
210
253
230
227
241
209
263
248
225
248
219
233
202
226
228
295
226
221
267
459
269
218
369
224
249
208
204
310
245
261
202
197
262
229
198
213
255
255
226
240
237
217
221
208
307
202
243
284
228
221
227
240
216
202
257
209
238
223
230
216
211
208
214
243
218
284
275
233
240
209
362
216
245
219
200
214
297
215
258
364
225
299
240
217
210
246
247
262
238
259
248
203
374
203
266
285
200
212
272
337
216
294
264
229
194
202
224
264
497
229
213
309
243
190
240
235
257
254
212
199
207
197
216
232
322
230
205
205
351
317
246
244
250
209
220
232
217
385
251
246
205
227
202
204
207
233
260
213
229
256
225
220
221
214
211
360
270
221
275
204
223
265
278
225
336
208
270
221
214
213
220
288
232
207
203
241
318
228
239
217
269
253
225
190
246
318
274
217
267
363
247
221
255
204
225
212
225
233
252
232
277
217
220
219
267
215
214
222
277
355
227
230
239
209
261
205
215
225
229
288
219
242
351
214
221
287
201
231
249
274
244
620
197
283
192
257
230
225
215
220
198
220
251
252
235
261
246
207
225
212
279
235
221
239
221
227
239
205
233
202
242
221
208
228
215
201
238
196
321
239
222
415
206
321
188
209
304
285
198
251
215
256
342
200
220
230
227
308
217
197
211
240
225
241
391
272
201
220
207
247
207
264
196
227
220
233
233
218
253
261
209
292
204
217
237
196
203
227
226
234
210
287
229
376
207
204
190
243
191
206
216
218
233
243
241
232
210
207
256
239
212
549
200
248
234
193
214
229
201
216
212
312
206
250
221
206
224
195
220
238
247
205
224
381
258
207
203
355
251
187
198
204
199
196
221
210
248
237
204
214
210
201
250
220
249
198
223
194
235
190
191
218
213
224
217
221
274
213
198
217
244
209
205
219
254
199
211
156
231
295
214
251
216
203
213
220
189
262
199
241
350
203
212
199
239
214
391
234
224
229
211
207
420
235
225
214
224
240
227
252
190
219
235
206
209
250
238
214
227
222
211
200
213
219
224
203
219
238
226
230
271
235
215
202
209
224
198
209
221
243
218
205
236
236
193
216
271
220
295
213
225
209
186
196
217
211
188
182
218
191
215
212
263
229
213
210
208
246
243
212
217
226
227
204
234
196
211
237
189
244
213
222
216
219
203
256
214
211
245
307
204
214
238
228
211
320
301
218
186
213
189
224
291
232
233
279
213
228
202
204
238
224
234
221
233
273
249
215
250
431
210
196
218
202
227
193
203
196
713
196
227
211
203
349
261
214
200
178
294
174
205
207
243
207
194
190
204
238
258
218
307
400
183
199
215
350
206
222
385
206
231
191
191
220
201
197
247
330
225
215
216
204
177
219
191
217
211
216
188
189
263
169
209
225
192
188
283
190
182
207
209
234
204
243
211
175
235
234
230
171
215
213
215
222
220
179
192
218
353
193
286
174
189
219
284
200
223
212
214
197
226
198
202
210
344
209
191
206
237
197
198
189
202
230
246
258
230
240
200
193
215
203
243
220
196
344
209
213
199
191
228
224
190
184
213
219
222
219
206
189
191
240
270
219
229
200
224
196
214
210
249
222
199
193
212
219
231
229
214
204
196
228
197
223
223
199
213
198
231
211
185
208
198
265
190
226
207
183
193
226
237
205
205
194
297
190
225
203
226
194
221
200
190
230
294
206
195
232
217
178
211
184
197
188
227
206
190
214
208
224
202
196
204
202
186
201
184
197
229
207
210
181
255
204
222
234
244
210
229
212
204
188
193
182
187
216
184
223
228
174
174
203
198
192
225
298
190
201
193
289
205
279
191
194
202
230
336
220
178
223
229
177
194
432
195
264
203
227
208
181
175
235
186
176
216
216
181
186
205
188
263
209
210
215
207
231
283
295
215
185
208
188
212
192
208
196
220
189
301
172
262
189
228
210
185
365
208
188
204
193
226
225
208
216
247
197
227
183
196
164
221
223
192
221
178
157
195
218
181
160
212
475
201
226
200
183
210
193
179
233
207
252
193
364
243
262
193
210
286
201
177
196
215
200
226
201
202
212
211
163
187
208
227
215
207
218
203
189
187
211
170
167
206
213
184
176
193
204
214
188
162
203
197
205
225
231
200
353
189
176
199
190
214
171
336
214
207
191
170
175
206
243
210
319
180
211
176
171
205
164
202
199
214
173
221
217
210
210
231
194
200
338
183
198
159
176
185
394
219
205
197
178
185
206
220
195
177
236
182
238
197
213
197
176
188
287
282
168
225
189
218
180
197
193
257
232
213
219
189
202
217
208
299
184
193
220
245
183
171
208
236
200
239
168
200
219
240
190
186
219
234
186
226
188
148
318
236
173
197
211
186
258
221
213
187
381
185
229
178
210
203
417
155
197
197
197
220
179
191
239
255
191
225
208
243
226
195
186
173
183
175
183
193
178
207
184
219
226
177
188
209
192
250
178
182
184
334
202
198
234
232
528
203
206
199
230
256
188
292
209
183
147
239
175
199
189
243
178
191
201
171
200
220
200
174
195
222
202
199
313
181
192
176
171
231
196
226
240
215
224
198
215
158
185
195
176
206
210
195
222
180
188
200
213
200
234
201
205
179
185
201
234
231
166
195
181
235
192
232
184
170
187
272
214
196
170
220
176
183
208
206
232
334
292
207
178
183
160
152
186
240
194
191
171
208
232
191
184
179
173
189
185
165
169
207
188
366
188
196
190
190
172
192
189
196
177
187
198
194
249
185
149
199
213
209
176
168
213
203
283
247
186
182
215
197
213
164
231
168
182
169
317
186
170
223
195
186
172
165
196
167
278
193
207
178
190
209
180
204
197
184
193
200
229
180
205
180
170
204
239
192
253
172
190
166
174
184
175
180
207
181
182
191
202
147
167
207
171
277
157
194
230
215
213
182
203
182
154
159
297
177
182
193
211
195
182
202
156
247
165
193
215
187
221
197
182
164
202
159
176
199
217
226
207
189
199
185
202
218
307
179
149
226
178
161
190
158
189
198
200
218
185
146
178
172
185
224
156
167
198
160
171
193
170
170
215
188
216
183
223
147
208
173
160
161
215
197
159
201
264
178
184
200
224
229
165
204
185
157
164
196
171
179
174
192
193
197
178
194
172
180
207
216
176
201
142
192
157
194
184
163
181
254
149
177
188
262
188
205
168
193
203
199
182
167
189
193
157
187
174
164
151
181
172
162
143
183
172
165
136
163
172
207
208
185
174
156
177
163
179
174
254
219
197
230
160
227
212
178
184
175
175
199
201
160
139
204
193
196
199
138
157
251
202
176
174
226
175
157
237
229
176
179
191
192
165
164
176
197
136
178
164
266
188
182
180
173
171
148
162
188
237
197
156
202
177
190
186
168
216
205
213
215
223
182
192
176
163
198
165
188
189
187
242
176
218
150
166
118
216
209
537
161
178
265
168
170
189
199
160
149
185
183
171
167
164
182
165
196
158
187
158
220
188
182
257
192
182
195
165
180
176
121
183
163
174
187
189
183
200
173
227
172
188
238
158
183
195
151
201
186
163
199
183
170
187
211
193
151
159
192
168
209
162
164
188
151
215
141
162
195
176
146
165
173
198
169
205
151
179
215
186
205
214
165
199
186
146
170
267
219
169
151
201
224
141
202
214
188
187
169
155
148
207
196
147
163
194
187
206
187
205
168
166
132
161
169
237
187
177
239
169
167
168
188
240
196
162
164
148
148
180
173
155
139
235
167
177
251
190
157
187
172
198
191
180
175
276
175
177
172
212
166
182
154
136
161
168
182
154
184
187
196
144
183
171
162
179
365
336
198
182
119
188
187
183
145
230
156
146
177
147
164
201
217
143
223
259
207
158
182
186
212
167
178
160
138
196
165
285
186
177
175
152
152
188
78
162
160
194
165
171
303
168
208
195
119
189
182
201
190
155
174
148
174
176
184
200
183
186
181
152
150
223
226
167
158
148
200
166
189
159
209
137
265
160
147
140
180
282
218
198
187
185
172
235
174
183
168
199
179
179
194
160
186
168
178
218
167
142
182
147
188
189
183
149
215
96
180
161
300
180
152
129
158
147
181
176
229
210
165
137
144
114
176
188
152
229
169
163
171
194
170
173
141
140
187
162
154
157
162
176
170
226
162
155
205
175
176
159
187
155
215
164
193
200
157
193
143
192
193
189
140
187
166
175
165
165
69
181
161
240
211
170
160
121
180
160
198
183
154
161
168
76
134
182
187
165
171
170
148
152
164
152
167
170
174
152
73
178
207
206
142
174
141
177
160
136
150
197
186
167
150
180
165
176
142
207
212
174
155
169
147
200
145
210
157
174
179
181
169
156
204
163
151
163
186
170
145
162
165
133
171
172
167
195
166
164
202
186
174
197
157
161
205
169
187
126
164
191
280
117
147
162
165
169
157
218
191
240
188
201
143
165
174
99
176
151
184
136
182
171
253
145
166
167
160
159
141
153
154
161
175
179
175
218
187
152
137
202
160
144
139
175
170
171
164
145
177
164
165
114
153
166
173
201
136
172
201
164
186
180
187
189
174
185
185
162
164
200
150
164
190
172
177
174
76
151
166
205
81
131
134
174
187
175
190
218
138
167
197
276
186
127
146
156
108
164
152
301
164
176
189
157
169
141
161
202
167
135
169
178
132
151
208
189
178
174
175
173
162
167
162
113
165
133
131
226
155
207
173
118
155
133
158
208
158
152
195
139
133
180
210
156
186
155
197
139
172
154
182
178
175
195
156
117
192
173
170
167
166
161
147
176
177
207
171
106
159
207
170
169
121
161
82
153
215
198
111
132
181
159
143
169
136
173
132
172
181
167
160
142
153
141
144
123
141
165
186
179
186
140
230
125
163
148
106
256
149
161
190
150
163
148
151
171
150
217
151
129
210
244
181
134
168
155
160
140
174
111
185
163
196
128
164
161
250
141
134
142
166
182
162
151
145
188
151
149
142
161
123
138
144
207
179
113
177
187
242
176
189
152
156
151
226
117
101
177
281
216
157
139
142
185
184
276
173
196
169
276
147
152
178
197
129
130
176
158
150
166
149
197
145
168
174
179
99
141
161
174
181
131
152
276
276
164
267
147
165
139
159
254
159
117
170
72
146
128
149
137
210
147
79
220
190
214
129
181
276
171
149
142
153
165
139
86
166
175
187
110
128
142
180
151
209
161
151
186
187
150
150
149
167
140
173
170
126
140
173
151
147
159
581
151
188
170
111
150
114
276
137
174
105
147
184
177
161
165
166
157
145
142
202
156
181
163
150
143
171
221
119
82
141
127
205
155
130
170
148
156
142
200
114
174
170
179
158
153
166
176
139
178
141
147
179
183
205
140
116
242
120
168
153
164
181
147
169
182
137
191
175
149
155
128
142
141
147
90
175
148
163
203
136
125
137
152
172
134
156
215
162
134
183
149
170
111
100
120
170
143
134
150
148
172
188
138
152
72
185
154
140
71
155
151
154
240
120
134
154
205
151
138
108
141
100
235
185
103
153
276
106
167
162
276
162
188
100
155
152
79
176
133
145
142
182
161
150
148
129
156
110
172
152
160
149
136
176
137
140
131
150
156
167
146
168
152
142
112
132
179
162
145
142
145
131
147
152
160
152
115
183
146
162
154
146
131
151
110
72
152
166
537
153
162
162
149
187
117
135
150
193
143
143
137
195
181
141
76
140
168
155
147
150
145
136
276
121
169
175
162
130
141
276
156
128
130
150
120
173
140
162
143
103
139
203
132
125
127
136
130
148
148
151
133
160
124
107
207
165
90
178
155
131
140
223
143
162
70
128
180
94
134
220
177
165
164
148
152
169
158
150
140
129
150
174
131
174
169
143
146
156
129
137
150
133
146
156
121
246
153
93
100
988
154
149
147
177
163
125
144
147
124
131
168
130
169
133
128
129
189
107
87
130
139
156
138
146
213
177
149
80
105
155
163
86
142
167
129
276
199
141
114
167
154
153
145
152
92
276
159
180
142
69
192
276
160
133
100
125
137
186
197
152
175
145
142
276
133
163
140
174
140
169
135
137
276
175
92
195
174
127
141
177
155
192
166
96
109
141
134
141
141
122
161
143
115
112
158
157
147
128
151
201
140
187
148
163
137
198
168
276
151
137
120
174
134
158
160
142
163
145
124
162
145
148
90
140
139
149
103
130
138
123
146
162
128
172
71
156
160
150
140
129
136
125
185
114
189
137
276
181
196
143
174
140
284
92
149
113
179
98
170
147
171
129
139
103
180
113
120
94
198
121
193
125
85
148
124
141
153
142
137
149
132
156
158
137
152
137
219
132
136
161
171
81
160
153
106
152
126
200
150
127
84
276
150
158
135
132
169
171
149
160
137
152
276
135
136
110
132
83
129
161
118
96
121
114
157
131
130
142
153
153
209
237
144
166
162
112
132
276
145
139
85
85
71
150
172
86
141
157
121
121
116
177
217
117
138
157
146
136
202
181
94
127
162
94
134
276
113
149
276
139
112
79
125
135
276
140
154
160
177
236
156
121
126
199
171
276
69
94
174
108
173
129
138
152
192
276
132
134
178
152
94
276
139
132
150
189
148
135
157
75
129
137
128
114
146
144
151
98
155
71
172
131
276
128
84
151
117
134
140
103
136
99
180
70
126
169
89
157
132
128
164
96
118
276
139
153
115
90
127
160
155
132
124
140
121
117
215
141
136
103
164
77
276
142
142
129
118
138
165
119
125
123
170
276
276
130
276
138
122
141
92
119
69
104
138
150
141
142
74
112
192
276
111
133
156
118
246
141
276
149
122
128
147
156
107
69
276
146
222
131
153
114
134
97
122
80
116
129
125
170
136
146
163
150
105
175
101
130
162
124
79
276
143
137
137
116
276
131
138
276
112
97
276
113
276
142
108
72
128
113
123
172
123
101
189
130
133
69
91
162
77
232
136
146
162
129
108
128
205
151
153
146
152
194
166
226
230
82
107
98
103
276
276
166
135
216
276
190
94
149
173
149
326
115
118
171
166
138
206
123
119
165
164
151
135
101
146
113
100
125
136
158
170
141
134
276
166
142
276
86
128
118
112
276
69
111
276
191
139
121
189
134
276
101
276
165
115
69
103
276
135
72
112
141
117
276
276
121
137
122
190
162
132
131
276
162
69
99
143
88
183
142
75
185
132
223
127
103
130
276
149
138
166
178
128
72
134
117
135
276
133
143
146
276
276
109
120
180
109
212
149
130
276
69
213
98
136
276
113
80
187
115
129
276
160
135
108
133
115
131
86
154
276
117
197
117
276
133
86
170
128
128
177
120
276
131
177
96
100
152
69
104
276
163
188
276
118
108
91
139
164
106
69
276
107
99
135
272
170
114
98
147
147
154
121
154
276
113
276
118
176
94
154
119
149
162
110
138
276
73
190
150
134
168
276
276
161
136
163
128
166
126
122
148
126
119
140
94
171
140
160
77
121
115
276
132
107
276
120
127
116
114
237
209
90
101
130
69
276
276
128
146
146
120
159
276
147
89
100
132
180
276
84
118
128
276
276
122
276
134
115
132
122
158
276
141
70
128
127
96
118
150
102
189
129
146
276
211
128
132
145
135
69
276
141
142
102
201
113
132
124
276
125
100
111
107
276
276
276
276
276
190
95
134
276
165
154
115
115
122
71
70
276
111
115
108
129
276
126
128
147
165
276
123
97
113
262
96
182
160
118
117
276
96
192
154
276
91
139
160
125
159
696
136
100
138
84
102
276
276
139
140
127
276
129
87
276
180
134
122
134
118
138
137
276
217
118
162
115
276
103
102
276
93
129
276
187
186
128
114
96
135
159
125
177
108
105
122
71
276
276
101
276
150
132
134
110
276
109
113
114
97
82
149
130
129
116
276
137
276
74
97
129
183
137
120
93
135
99
276
134
127
112
276
108
128
276
132
125
276
179
130
192
130
104
110
276
134
276
136
108
155
142
123
343
165
129
147
107
112
97
144
123
117
110
98
123
276
276
143
130
139
160
120
144
90
76
133
74
104
127
83
124
116
103
99
123
147
180
142
123
155
148
122
276
136
276
120
102
102
142
276
276
121
276
276
116
126
183
276
172
69
201
120
130
134
125
126
96
80
131
149
130
276
83
136
126
132
85
276
69
86
88
276
276
139
110
276
276
276
124
141
137
207
276
152
136
142
69
276
276
276
272
276
126
73
106
123
276
77
276
276
141
127
118
116
175
119
159
111
276
74
108
123
101
276
125
97
136
103
83
276
135
136
276
276
276
276
89
165
125
139
276
153
128
178
121
145
276
138
106
94
69
69
276
72
276
151
97
137
276
276
112
203
186
142
70
116
106
103
95
276
80
276
71
97
86
84
133
276
276
276
137
89
72
108
139
189
114
184
77
69
128
150
276
276
69
74
130
276
93
89
145
276
130
77
153
115
276
276
276
120
105
276
276
276
276
150
69
121
276
276
276
108
137
146
276
111
113
140
137
110
276
72
276
144
129
74
129
276
82
125
120
276
108
149
276
276
141
133
128
276
276
138
276
90
80
103
109
276
114
167
276
276
98
227
161
122
110
108
110
276
133
143
127
276
97
115
120
117
128
80
92
130
276
83
71
116
74
276
143
276
276
276
276
108
83
276
200
110
69
93
69
151
276
139
276
135
133
114
113
276
276
69
276
276
276
276
125
81
123
108
276
276
123
142
127
276
276
167
276
134
132
103
276
167
276
132
138
136
120
94
143
122
129
276
142
276
85
150
95
276
276
276
276
276
69
100
202
276
133
111
174
156
110
276
276
83
104
76
121
276
276
74
148
276
106
276
90
104
137
276
102
108
137
118
124
139
167
276
137
276
120
276
101
276
276
81
276
117
76
276
276
69
92
276
72
101
276
114
69
98
204
78
276
126
276
276
157
81
108
97
192
276
130
276
276
112
81
136
276
276
134
276
85
120
276
168
104
111
276
276
94
276
85
276
70
276
276
85
137
276
94
276
130
276
98
87
132
102
105
276
276
115
276
114
127
129
276
114
108
276
124
184
69
82
276
276
276
74
101
176
276
77
276
110
109
86
276
276
155
276
95
75
86
276
276
276
150
276
109
137
113
276
73
75
276
108
79
101
276
77
117
276
276
123
276
98
97
152
276
76
97
138
113
122
138
79
152
276
276
91
276
144
276
107
276
80
88
154
276
128
276
82
276
105
276
77
276
276
276
77
276
78
276
112
276
115
114
104
171
135
118
276
276
137
72
93
276
105
276
276
88
276
108
276
109
276
276
276
137
80
276
115
71
103
276
97
73
150
128
276
276
111
168
69
77
276
127
276
86
276
276
276
83
276
276
83
100
98
276
276
90
276
276
115
276
123
77
151
276
92
131
129
276
69
86
104
154
100
79
80
276
96
78
93
276
116
144
276
276
276
86
276
126
276
74
276
73
84
69
148
276
86
82
73
128
148
276
91
76
137
276
97
100
81
109
94
94
182
276
276
114
276
276
120
276
671
276
108
95
276
103
121
94
276
79
109
276
276
80
141
99
131
120
276
121
276
105
100
112
73
108
89
107
121
276
276
276
102
276
276
276
72
69
109
127
111
117
276
72
78
101
128
99
112
276
104
87
69
117
78
107
106
276
276
116
276
276
276
97
98
276
105
69
99
100
426
276
696
89
95
276
276
89
276
276
79
276
168
101
276
276
102
92
75
89
124
115
201
276
276
276
149
276
93
81
72
96
276
130
276
276
95
276
276
276
115
276
102
81
276
276
126
276
276
138
276
276
276
69
84
276
276
117
116
94
276
78
276
69
108
144
86
92
104
276
84
276
95
276
137
276
276
118
123
88
128
91
133
276
276
276
276
276
89
195
120
85
84
276
276
78
100
183
276
276
276
99
102
127
276
99
276
205
110
90
157
276
276
129
149
276
96
125
276
276
72
109
69
104
118
276
133
276
96
126
276
276
276
77
106
138
69
276
126
87
276
276
116
131
276
117
276
79
135
276
75
121
128
74
276
276
276
276
276
108
276
276
276
121
102
93
86
276
128
276
121
91
276
276
103
276
276
276
114
276
276
69
276
106
276
102
276
276
276
276
93
276
276
276
276
116
276
117
276
142
76
136
276
109
276
276
276
69
132
276
116
263
122
276
105
276
159
276
276
276
117
71
123
276
276
105
276
276
276
126
276
84
116
100
276
75
276
276
122
276
228
143
276
276
276
276
276
276
113
72
112
140
276
276
97
276
276
191
248
276
106
276
276
98
276
114
101
107
276
276
276
276
276
276
276
276
120
91
87
79
276
69
276
276
97
276
75
276
276
77
83
276
82
276
135
276
276
75
276
276
276
276
276
276
276
276
276
276
73
276
276
276
98
276
117
93
276
276
276
89
276
276
104
276
276
79
276
92
276
276
276
125
276
276
276
276
175
127
276
130
276
276
87
276
111
149
276
80
101
276
276
276
70
276
276
125
101
276
89
276
276
75
276
84
276
276
76
276
276
276
276
276
69
276
276
276
69
276
276
110
276
276
276
276
276
276
276
106
276
276
276
104
276
276
276
276
276
276
108
69
122
102
276
105
276
276
124
276
276
81
276
276
114
276
276
88
276
276
183
276
123
276
276
276
121
276
276
276
276
276
85
276
276
276
84
101
276
75
69
88
71
276
75
276
276
118
276
276
276
276
276
276
276
276
276
276
276
276
276
276
104
70
276
276
94
81
132
276
119
276
85
276
123
276
276
74
276
276
276
98
187
276
109
110
276
276
276
276
276
87
276
171
276
276
72
276
74
276
276
94
116
276
276
276
130
276
276
276
276
276
276
276
276
276
276
276
276
276
276
276
104
276
90
276
276
276
276
276
276
149
276
276
93
276
276
93
276
69
103
276
276
276
276
276
71
123
120
110
276
276
276
126
276
75
276
69
98
276
276
96
276
276
276
276
111
276
276
74
89
276
84
276
276
276
69
276
276
276
276
276
78
276
69
276
164
276
276
137
276
123
276
276
276
117
276
77
276
276
276
276
276
276
211
276
78
276
276
276
106
276
237
172
276
276
276
126
276
276
276
276
133
276
276
87
276
109
276
276
114
276
276
276
276
81
276
96
276
276
90
276
181
116
164
276
276
80
276
97
200
276
102
276
276
84
276
127
276
276
110
276
88
92
73
97
69
276
276
276
276
276
127
276
276
276
276
276
104
69
276
191
276
276
276
102
276
276
93
91
276
276
136
276
276
276
276
276
276
276
91
276
276
276
276
276
276
276
276
276
276
86
276
77
276
276
276
276
276
276
276
276
276
276
95
276
276
86
276
85
69
276
276
276
276
276
82
82
115
276
276
276
75
276
276
276
276
276
276
276
276
276
276
145
276
276
91
106
276
276
69
83
276
276
276
95
276
104
276
276
276
95
127
114
276
276
72
276
276
80
276
95
276
129
69
276
276
276
133
276
276
276
135
76
276
127
276
276
129
276
85
276
276
276
276
276
118
276
276
276
276
276
276
86
71
276
276
276
276
276
276
276
276
276
89
276
276
107
119
276
276
276
276
276
121
276
276
276
276
124
276
127
276
276
276
142
135
276
276
276
276
276
276
90
276
276
276
276
72
110
276
276
276
80
276
99
276
276
80
276
276
276
276
276
99
276
276
276
276
276
276
276
81
276
276
276
276
276
276
276
107
276
88
108
276
276
276
97
119
276
276
276
276
276
276
276
276
276
276
106
276
276
276
276
276
276
276
276
276
276
276
117
276
276
104
276
93
276
276
276
276
276
164
99
82
276
276
276
71
276
276
141
88
276
276
276
276
276
276
69
276
276
276
276
276
276
75
276
276
276
276
276
276
276
69
276
276
276
276
276
276
69
276
276
276
276
276
276
276
276
276
202
276
276
276
276
276
276
143
276
85
276
276
276
276
276
276
276
276
166
276
276
276
276
276
276
276
151
276
69
276
276
276
116
276
276
100
276
276
105
276
98
112
276
276
276
276
276
276
276
175
276
69
276
276
276
276
276
276
276
276
276
276
276
276
79
276
276
276
276
276
276
225
276
276
276
276
102
276
276
276
276
276
276
276
276
276
276
70
276
276
276
93
276
121
276
276
276
143
276
276
276
276
276
276
74
102
276
276
276
76
276
276
276
276
276
93
276
276
72
276
276
276
276
276
276
276
276
276
276
276
276
276
276
276
276
70
276
276
89
276
276
276
276
276
276
78
276
276
276
276
108
276
276
127
175
276
76
276
132
276
276
107
87
276
276
276
276
276
276
276
276
276
276
276
276
276
276
75
98
276
276
276
276
276
69
164
276
70
276
276
276
276
276
276
276
276
276
276
276
125
276
276
276
83
276
276
276
276
276
276
276
276
276
276
276
276
126
90
276
276
276
276
276
75
276
276
82
105
276
69
85
276
69
276
276
84
276
276
276
276
276
276
276
276
69
276
276
276
276
276
276
276
276
276
276
276
276
276
276
276
276
107
276
140
276
276
276
276
276
276
276
276
276
276
276
276
276
276
276
276
93
190
276
81
276
276
69
77
276
276
276
276
276
276
179
276
276
187
276
276
276
82
276
119
276
276
276
276
276
276
276
276
276
276
276
276
276
82
276
276
276
276
276
276
276
91
72
276
276
276
276
276
101
276
276
276
276
95
276
276
276
276
276
276
276
276
276
276
276
276
276
133
276
276
276
276
276
276
276
276
276
78
276
69
276
276
276
276
276
276
276
276
137
276
159
276
276
276
155
276
74
276
171
276
276
276
276
276
276
276
276
276
276
276
276
69
276
276
276
276
276
88
89
276
276
276
118
276
276
276
276
276
276
276
276
276
276
276
276
276
276
276
276
276
276
276
276
276
163
276
276
276
276
276
276
276
276
276
276
276
276
276
276
171
276
276
276
276
276
276
157
276
276
276
276
276
276
276
276
276
85
276
276
276
276
276
276
276
276
97
173
276
276
276
276
97
276
276
276
161
276
276
276
276
276
276
276
276
276
276
276
69
276
276
276
276
276
276
276
114
83
111
276
276
276
276
276
276
276
276
276
276
276
276
276
276
276
276
276
99
276
276
276
276
91
276
276
276
71
276
276
276
276
276
276
108
276
276
118
276
276
276
276
84
276
276
276
276
276
276
276
276
276
276
276
85
276
276
276
276
276
276
176
276
276
276
276
276
276
276
276
276
276
276
106
276
276
276
276
276
276
276
118
84
276
276
100
276
276
163
113
276
276
104
276
276
276
276
123
276
110
276
276
276
276
276
276
117
276
159
276
276
276
276
276
72
276
276
276
276
276
276
276
276
276
276
276
276
276
276
276
276
276
276
276
276
276
276
276
276
276
276
276
276
276
276
276
276
107
276
276
276
276
276
69
276
87
69
93
276
276
276
276
276
229
276
276
276
77
276
276
276
276
276
122
276
276
276
276
134
122
276
276
84
276
276
276
276
276
276
276
276
86
276
276
172
276
161
97
276
276
276
276
276
276
276
276
276
276
276
276
154
276
276
276
276
276
276
276
276
276
276
276
276
95
103
276
276
276
276
276
276
276
276
276
276
276
276
276
276
276
276
276
75
276
276
276
276
276
276
276
276
276
276
276
276
276
276
276
276
276
276
276
276
276
276
276
276
276
276
276
276
276
276
276
276
80
276
276
276
276
276
276
276
276
276
528
276
276
276
276
276
276
276
276
276
276
276
276
276
276
276
276
276
276
276
276
276
276
276
276
276
276
276
276
122
276
276
110
276
89
276
276
276
276
276
276
84
276
276
276
276
276
276
276
276
276
276
276
276
276
152
276
276
276
276
276
276
276
276
84
276
276
276
70
276
276
276
276
276
276
276
276
127
276
276
276
276
276
276
276
276
276
276
276
276
276
276
276
276
276
276
276
276
276
276
276
276
80
276
72
276
71
276
276
276
276
276
276
276
276
276
276
276
276
276
276
276
276
276
98
265
276
276
276
276
276
276
276
276
276
276
276
276
276
276
276
276
276
276
276
276
276
276
276
276
276
276
276
276
276
276
118
276
276
276
276
276
276
276
276
86
276
276
276
276
276
276
276
276
198
276
276
276
276
276
276
276
276
276
276
276
276
276
276
103
276
276
276
276
276
276
276
276
276
276
276
276
75
276
276
276
93
276
276
276
276
276
276
276
276
276
276
276
276
94
276
276
276
276
276
276
276
276
276
276
276
276
71
276
276
276
81
276
276
276
276
276
276
276
76
276
276
276
276
276
276
79
276
276
276
276
276
276
276
276
276
276
276
276
276
276
276
276
276
276
276
276
73
81
276
276
276
276
276
276
276
276
276
276
276
276
276
276
74
276
276
276
276
276
276
276
276
276
85
276
276
276
276
276
276
276
276
276
276
276
74
276
85
276
276
276
276
276
276
276
276
276
276
276
276
276
276
276
276
276
276
72
69
276
276
276
276
276
276
276
151
276
276
276
276
276
276
276
276
210
276
276
276
276
276
276
276
276
276
276
276
276
276
276
276
215
276
276
276
276
276
276
276
276
276
147
276
276
276
276
276
276
276
620
276
276
276
276
276
276
93
276
276
276
276
276
276
276
276
276
276
276
276
276
276
276
276
276
276
276
276
276
276
276
276
276
276
276
276
276
70
276
186
276
276
276
276
276
276
276
276
276
276
117
276
276
276
276
276
276
276
276
276
276
276
276
276
276
276
276
276
276
276
276
276
276
276
276
276
276
276
276
276
276
276
276
276
276
276
276
276
276
276
276
112
276
276
276
276
276
77
276
276
276
276
276
276
276
276
276
276
276
412
276
276
276
276
276
276
276
276
276
276
276
276
276
276
276
276
276
276
276
276
276
276
83
276
276
276
276
276
276
276
276
276
276
97
276
276
276
276
276
276
276
73
276
276
276
276
276
276
276
276
276
276
276
276
276
230
276
276
276
276
276
276
276
276
276
276
276
276
276
170
276
276
276
276
276
276
181
276
276
276
276
276
276
276
276
276
69
276
276
276
137
276
276
276
276
276
276
276
276
276
276
276
276
276
276
276
276
276
97
276
276
276
276
276
103
276
276
276
276
276
276
276
276
276
276
276
276
276
276
276
276
276
276
276
276
276
276
276
276
276
276
276
276
115
178
276
276
276
276
139
101
276
276
276
276
276
276
276
276
276
276
276
142
130
276
276
276
276
276
276
276
276
276
276
276
276
276
276
276
195
276
109
276
276
276
276
276
276
276
276
276
276
276
276
276
276
276
276
276
90
276
276
138
276
276
276
276
276
276
107
276
276
276
276
276
69
276
276
276
276
276
276
276
76
276
276
276
276
69
276
276
276
276
276
276
276
276
141
276
276
276
276
276
276
276
276
276
276
276
276
276
276
276
78
276
276
276
276
276
276
276
276
276
276
276
276
276
276
276
276
276
276
276
276
276
276
276
276
276
276
276
276
276
276
127
276
276
276
276
276
276
83
276
276
127
276
69
276
276
276
276
276
276
276
276
276
276
173
75
276
276
276
276
276
276
131
276
276
276
276
276
276
276
276
276
276
276
276
276
276
276
276
276
276
276
276
276
276
276
276
276
276
276
276
276
276
276
276
276
276
276
276
276
276
276
276
276
276
276
276
276
276
108
276
276
276
276
276
276
276
81
276
276
276
276
276
276
276
276
276
276
276
276
276
276
276
276
276
276
276
276
276
276
276
276
276
276
276
276
276
276
276
276
276
276
276
276
276
276
276
276
276
276
276
276
276
276
122
276
276
276
276
276
276
276
276
276
276
276
101
276
276
276
276
276
276
276
276
276
276
276
276
276
276
276
276
276
276
276
276
276
276
276
276
276
69
276
276
276
276
276
276
276
276
276
71
276
276
276
276
276
84
82
276
276
276
276
140
276
276
70
276
276
276
276
276
276
276
276
276
276
69
276
276
276
276
170
276
276
276
276
276
276
276
276
276
276
276
276
276
276
276
276
276
276
276
276
276
105
276
276
276
276
276
276
276
276
276
276
276
276
119
276
110
276
276
276
276
276
276
276
276
276
276
276
276
276
82
69
276
276
276
276
276
133
276
276
276
276
276
276
97
276
276
276
276
276
276
276
276
276
276
276
276
76
276
276
276
276
276
276
276
276
276
276
276
276
276
276
276
276
276
276
276
70
276
276
276
276
276
276
276
276
96
276
276
276
276
276
276
276
276
276
276
276
80
108
276
276
276
276
276
276
276
276
276
276
276
77
276
276
74
276
276
276
276
276
276
276
276
276
276
276
276
276
276
276
129
276
276
276
276
276
276
276
276
276
276
276
276
276
276
276
276
276
276
276
276
276
276
276
276
276
276
276
276
276
276
276
276
276
276
276
276
276
276
276
276
276
276
276
276
276
106
276
276
276
276
276
276
276
276
276
276
276
276
276
276
276
276
168
276
276
276
276
276
276
276
276
276
276
276
276
276
276
276
276
276
276
276
276
276
276
276
276
276
276
276
276
276
276
276
276
276
276
276
276
276
276
276
276
276
276
276
276
276
276
276
276
276
276
276
276
276
276
276
276
276
276
276
276
276
276
276
276
276
276
276
276
276
276
276
276
276
276
276
276
276
276
276
276
276
276
276
276
276
276
276
276
276
276
276
276
276
276
276
276
276
276
276
276
276
276
276
276
276
276
276
276
276
276
276
276
276
276
276
276
276
276
276
276
276
276
276
276
276
276
276
276
276
276
276
276
276
276
276
276
276
276
276
276
276
276
276
276
276
276
276
276
276
276
276
276
276
276
276
276
276
276
276
276
276
276
276
276
276
276
276
276
276
276
276
276
276
276
276
276
276
276
276
276
276
276
276
276
276
276
276
276
276
74
276
276
276
276
276
276
276
276
276
193
276
276
276
276
132
276
276
276
276
276
276
276
276
73
276
276
276
276
276
276
276
276
276
276
276
276
276
276
276
276
276
276
276
276
276
276
276
276
276
276
276
276
276
276
276
276
276
276
276
276
276
276
276
276
276
276
276
276
276
276
276
276
276
276
276
276
104
276
276
276
276
276
276
276
276
276
276
276
276
276
276
276
276
276
276
276
276
276
276
276
276
276
276
276
276
276
276
276
276
276
276
276
276
276
276
276
276
276
276
276
276
276
276
276
276
276
276
276
276
276
276
276
276
276
276
276
276
276
276
276
276
276
276
276
276
276
77
276
276
276
276
93
276
276
276
276
276
276
276
276
276
82
276
276
276
276
276
276
276
276
212
276
276
276
276
276
276
276
276
276
276
276
276
276
276
276
168
276
276
276
276
276
276
276
276
276
276
276
276
276
276
276
276
276
276
276
276
276
276
276
276
276
276
276
276
276
276
276
276
276
276
276
276
276
276
276
276
276
276
276
276
276
276
276
276
276
276
276
276
276
276
276
276
276
276
276
276
276
276
276
276
276
276
276
276
276
276
276
235
276
276
276
276
276
276
276
276
276
276
276
276
276
276
71
276
276
276
276
276
276
276
276
276
276
276
276
276
276
276
276
276
276
276
276
276
276
276
276
276
276
276
276
276
276
276
276
276
276
134
276
276
276
276
276
276
276
276
276
129
276
276
276
276
276
276
276
276
276
276
276
276
276
276
276
276
276
276
276
276
276
276
276
276
276
276
276
276
276
276
276
276
276
276
276
276
276
276
276
276
276
276
276
276
276
276
276
276
276
276
276
276
276
276
276
276
276
276
180
276
276
276
276
276
276
276
276
276
276
276
276
276
276
276
276
276
276
276
276
276
276
276
276
276
276
276
276
276
173
276
276
276
69
276
276
276
276
276
276
276
276
276
276
276
276
276
276
276
276
276
276
276
276
276
276
276
276
276
276
276
276
276
276
276
276
276
276
276
276
276
276
276
276
276
276
276
276
276
276
276
276
276
276
276
276
276
276
276
276
276
276
276
276
276
276
276
276
276
276
276
276
276
154
276
276
276
276
276
276
276
276
276
276
276
276
276
276
276
276
276
276
276
276
276
276
276
276
276
276
276
276
276
276
276
276
276
276
276
276
276
276
276
276
276
276
276
276
276
276
276
276
276
276
276
276
276
276
276
276
276
276
276
276
276
276
276
276
276
276
276
276
276
276
276
276
276
276
276
276
276
276
276
276
276
276
276
276
276
276
276
276
276
276
276
276
276
276
276
276
276
276
276
276
276
276
276
276
276
276
276
276
276
276
276
276
276
276
276
276
276
276
276
276
276
276
276
276
276
276
232
276
276
276
276
276
276
276
276
276
276
276
276
276
276
276
276
276
276
276
276
276
276
276
276
276
276
276
69
276
276
276
276
276
77
276
276
276
276
276
276
276
276
276
276
276
276
276
276
276
276
276
75
276
276
276
276
276
276
276
276
276
276
276
276
276
276
276
276
276
276
276
276
276
276
276
276
276
276
276
276
276
276
276
276
276
276
276
276
276
276
276
276
276
276
70
276
276
276
276
276
276
276
276
276
276
276
276
276
276
276
276
276
276
276
276
276
276
276
276
276
276
276
276
276
276
276
276
276
276
276
276
276
276
276
276
276
276
276
276
276
276
276
276
276
276
276
276
276
276
276
276
276
276
276
276
276
276
276
276
276
276
276
276
276
276
276
276
276
276
276
276
276
276
276
276
276
276
137
276
276
276
276
276
276
276
276
276
276
276
276
276
276
171
276
276
276
119
276
276
276
276
276
276
276
276
276
276
276
276
276
276
276
276
276
276
276
276
276
276
276
276
276
276
276
276
276
276
276
276
276
276
276
276
276
276
276
276
276
276
276
276
276
276
276
276
276
83
276
276
276
276
276
276
276
276
276
276
276
276
276
276
276
276
276
276
276
276
276
276
276
106
276
276
276
276
276
276
276
276
276
276
276
276
276
276
276
276
276
276
276
129
276
276
276
276
136
276
276
276
276
276
276
276
276
276
276
276
276
276
276
276
276
276
276
276
276
276
276
276
276
276
276
276
276
276
276
276
276
276
276
276
276
276
276
276
276
276
276
276
276
276
276
276
276
276
276
276
276
276
69
276
276
276
276
276
276
276
276
276
276
276
276
276
276
276
276
276
276
276
276
276
87
276
276
276
276
276
276
276
276
276
276
276
276
276
276
276
276
276
276
276
276
276
276
93
276
248
276
276
276
276
276
276
276
276
276
276
276
276
276
276
276
276
276
276
276
276
276
276
276
276
276
276
276
276
276
276
276
276
276
276
276
191
276
276
276
276
276
276
276
276
276
276
276
276
276
276
276
276
276
276
276
276
276
276
276
276
276
276
276
276
276
276
276
276
276
276
276
276
276
276
276
276
276
276
276
276
276
276
276
276
276
276
276
276
276
276
276
276
276
276
276
276
276
276
276
276
276
276
276
276
276
276
276
276
276
276
276
276
276
276
276
276
276
276
276
276
276
276
276
276
276
276
276
276
276
276
276
276
276
276
276
276
276
276
276
276
276
276
276
276
276
276
276
276
276
276
276
276
276
276
276
276
276
276
276
276
276
276
276
276
276
276
276
276
276
276
276
276
276
276
276
276
276
276
276
276
276
276
276
276
276
276
276
276
276
276
276
276
276
276
276
276
276
276
276
276
276
276
276
276
276
276
276
276
276
276
276
276
276
276
276
276
276
276
276
276
276
276
276
276
276
276
276
276
276
276
276
276
276
276
276
276
276
276
276
276
276
276
276
276
276
276
276
276
276
276
276
276
276
276
276
276
276
276
276
276
276
276
276
276
276
276
276
276
276
276
276
276
276
276
276
276
276
276
147
276
276
276
276
276
276
276
276
276
276
276
276
276
276
276
276
276
276
276
276
276
276
276
276
276
276
276
73
276
276
276
276
276
276
276
162
276
276
276
276
276
276
276
276
276
276
276
276
276
276
276
276
276
276
276
276
276
276
276
276
276
276
276
276
276
276
276
276
276
276
276
276
276
276
276
276
276
276
276
276
276
276
276
276
276
276
276
276
276
276
276
276
276
276
276
276
276
276
276
276
276
276
276
276
276
276
276
276
276
276
276
276
276
276
276
276
276
276
276
276
276
276
276
276
276
276
276
276
276
276
276
276
276
276
276
276
276
276
276
276
276
276
276
276
276
276
276
276
276
276
276
276
276
276
276
276
276
276
276
276
276
276
276
276
276
276
276
276
276
276
276
276
276
276
276
276
276
276
276
276
276
276
276
276
276
276
276
276
276
276
276
276
276
276
276
276
276
276
276
276
276
276
276
276
276
276
276
276
276
276
276
276
276
276
276
276
276
276
276
276
276
276
276
276
276
276
276
276
276
276
276
276
276
276
276
276
276
276
276
276
276
276
276
276
276
276
276
276
276
276
276
276
276
276
276
276
276
276
276
276
276
276
276
97
276
276
276
276
276
276
276
276
276
276
276
276
276
276
276
276
276
276
276
276
276
276
276
276
276
174
276
276
276
276
276
276
276
276
276
276
276
276
276
276
276
276
276
276
276
276
276
276
276
276
276
276
276
276
276
276
276
276
276
276
276
276
276
276
276
276
276
276
276
276
276
276
276
276
276
276
276
276
276
276
276
276
276
276
276
276
276
276
276
276
276
276
276
276
276
276
276
276
276
276
276
276
276
276
276
276
276
276
276
276
276
276
276
276
276
276
276
276
276
69
276
276
276
276
276
276
276
276
276
276
276
276
79
276
276
276
276
276
276
276
276
276
276
276
276
276
276
276
276
276
276
276
276
276
276
276
276
276
276
276
276
276
276
276
276
276
276
276
276
276
276
276
276
276
276
276
276
276
276
276
276
276
276
276
276
276
276
276
276
276
276
276
276
276
276
276
276
276
276
276
276
276
276
276
276
276
276
276
276
276
276
276
276
276
276
276
276
276
276
276
276
276
276
276
276
276
276
276
276
276
118
276
276
276
276
276
276
276
276
276
276
276
276
276
276
276
276
276
276
276
276
276
276
276
276
276
276
276
276
276
276
276
276
276
276
276
276
276
276
276
276
276
276
276
276
276
276
276
276
69
276
276
276
276
276
276
276
276
276
276
276
276
276
276
276
276
276
276
276
276
276
276
276
276
276
276
276
276
276
276
276
276
276
276
276
276
276
276
276
276
276
276
276
276
276
276
276
276
276
276
276
276
276
276
276
276
276
276
276
276
276
276
276
276
276
276
276
276
276
276
276
276
276
276
276
276
276
276
276
276
276
276
276
276
276
276
276
276
276
276
276
276
276
276
276
276
276
276
276
276
276
276
276
276
276
276
276
276
276
276
276
276
276
276
276
276
276
276
276
276
276
276
276
276
276
276
276
276
276
276
276
276
276
276
276
276
276
276
276
276
276
276
276
276
276
276
276
276
276
276
276
276
276
276
276
276
276
276
276
276
276
276
276
276
276
276
276
276
276
276
276
276
276
276
276
276
276
276
276
276
276
276
276
276
276
276
276
276
276
276
276
276
276
276
276
276
276
276
276
276
276
276
276
276
276
276
276
276
276
276
276
276
276
276
276
276
276
112
276
276
276
276
276
276
276
276
276
276
276
276
276
276
276
276
276
276
276
276
276
276
276
276
276
276
276
276
276
276
276
276
276
276
276
276
276
276
276
276
276
276
276
107
276
276
276
276
276
276
276
276
276
276
276
276
276
276
276
276
276
276
276
276
276
276
276
276
276
276
276
276
276
276
276
276
276
276
276
276
276
276
276
276
276
276
276
276
276
276
276
276
276
276
276
276
276
276
276
276
276
276
276
276
276
276
276
276
276
276
276
276
276
276
276
276
276
276
276
276
276
276
276
276
276
276
276
276
276
276
276
276
276
276
276
276
276
276
276
276
276
276
276
276
276
276
276
276
276
276
276
276
276
276
276
276
276
276
276
276
276
276
276
276
276
276
276
276
276
276
276
276
276
276
276
276
276
276
276
276
276
276
276
276
276
276
276
276
276
276
276
276
276
276
276
276
276
276
276
276
276
276
276
276
276
276
276
276
276
276
276
276
276
276
276
276
276
276
276
276
276
276
276
276
276
276
276
276
276
276
276
276
276
276
276
276
276
276
276
276
276
276
276
276
276
276
276
276
276
276
276
276
276
276
276
276
276
276
276
276
276
276
276
276
276
276
276
276
276
276
276
276
276
276
71
276
276
276
276
276
276
276
276
276
276
276
276
276
276
276
276
276
276
276
276
276
276
276
276
276
276
276
276
276
276
276
276
276
276
276
276
276
276
276
276
276
276
276
77
276
276
276
276
276
276
276
276
276
276
276
276
276
276
276
276
276
276
276
276
276
276
276
276
276
276
276
276
276
276
276
276
276
276
276
276
276
276
276
276
276
276
276
276
276
276
276
276
276
276
276
276
276
276
276
276
276
276
276
276
276
276
276
276
276
276
276
276
276
276
276
276
276
276
276
276
276
276
276
207
276
276
276
276
276
276
276
276
276
276
276
276
276
276
276
276
276
276
276
276
276
276
276
276
276
276
276
276
276
276
276
276
276
276
276
276
276
276
276
71
276
276
276
129
276
276
276
276
276
276
276
276
276
276
276
276
276
276
276
276
276
276
276
276
276
276
276
276
276
276
276
276
276
276
276
276
276
276
276
276
276
276
276
276
276
276
154
276
276
276
276
276
276
276
276
276
276
276
276
276
276
276
276
276
276
276
276
276
276
276
276
276
276
276
276
276
276
276
276
276
276
276
276
276
276
276
276
276
276
276
276
276
276
276
276
276
276
276
276
276
276
276
276
276
276
276
276
276
276
276
276
276
276
276
276
276
276
276
276
276
276
276
276
276
276
276
276
276
276
276
276
276
276
276
276
276
276
276
276
276
276
276
276
276
276
276
276
276
276
276
276
276
276
276
276
276
276
276
276
276
276
276
276
276
276
276
276
276
276
276
276
276
276
276
276
276
276
276
276
276
276
276
276
276
276
276
276
276
276
276
276
276
276
276
276
276
276
276
276
276
276
276
276
276
276
276
276
276
276
276
276
276
276
276
276
276
276
276
276
276
276
276
276
276
276
276
276
276
276
276
276
276
276
276
276
276
276
276
276
276
276
276
276
276
276
276
276
276
276
276
276
276
276
276
276
276
276
276
276
276
276
276
276
276
276
276
276
276
276
79
276
276
276
276
276
276
276
276
276
276
276
276
276
276
276
276
276
276
276
276
276
276
276
276
276
276
276
276
276
276
276
276
276
276
276
276
276
276
276
276
276
276
276
276
276
276
276
276
276
276
276
276
276
276
276
276
276
276
276
276
276
276
276
276
276
276
276
276
276
276
276
276
276
276
276
276
276
276
276
276
276
276
276
276
276
276
276
276
276
276
276
276
276
276
276
276
276
276
276
276
276
276
276
276
276
276
276
276
276
276
276
276
276
276
276
276
276
276
276
276
276
276
276
276
276
276
276
276
276
179
276
276
276
276
276
276
276
276
276
276
276
276
276
276
276
276
276
276
276
276
276
276
276
276
276
276
276
276
276
276
276
276
276
276
276
276
276
276
276
276
276
276
276
276
276
276
276
276
276
276
276
276
276
276
276
276
276
276
276
276
276
276
276
276
276
276
276
276
276
276
276
276
276
276
276
276
276
276
276
276
276
276
276
276
276
276
276
276
276
276
276
276
276
276
276
276
276
276
276
276
276
276
276
276
276
276
276
276
276
276
276
276
276
276
276
276
276
276
276
276
276
276
276
276
276
276
276
276
276
276
276
276
276
276
276
276
276
276
276
276
276
276
276
276
276
276
276
276
276
276
276
276
276
276
276
276
276
276
276
276
276
276
276
276
276
276
276
276
276
276
276
276
276
276
276
276
276
276
276
276
276
72
276
276
276
276
276
276
276
276
276
276
276
276
276
276
276
276
276
276
276
276
276
276
276
276
276
276
276
276
276
276
276
276
276
276
276
276
276
276
276
276
276
276
276
276
276
276
276
276
276
276
276
276
276
276
276
276
276
276
276
276
276
276
276
276
276
276
276
276
276
276
276
276
276
276
276
276
276
276
276
276
276
276
276
276
276
276
276
276
276
276
276
276
276
276
276
276
276
276
276
276
276
276
276
276
276
276
276
276
276
276
276
276
276
276
276
276
276
276
276
276
276
276
276
276
276
276
276
276
276
276
276
276
276
276
276
276
276
276
276
276
276
276
276
276
276
276
276
276
276
276
276
276
276
276
276
276
276
276
276
276
276
276
276
276
276
276
276
276
276
276
276
276
276
276
276
276
276
276
276
276
276
276
276
276
276
276
276
276
276
276
276
276
276
276
276
276
276
276
276
276
276
276
276
276
276
276
276
276
276
276
276
276
276
276
276
276
276
276
276
276
276
276
276
276
276
276
276
276
276
276
276
276
276
276
276
276
276
276
276
276
276
276
276
276
276
276
276
276
276
276
276
276
276
276
276
276
276
276
276
276
276
276
276
276
276
276
276
276
276
276
276
276
276
276
276
276
276
276
276
276
276
276
276
276
276
276
276
276
276
276
276
276
276
276
276
276
276
276
276
276
276
276
276
276
276
276
276
276
276
276
276
276
276
276
276
276
276
276
276
276
276
276
276
276
276
276
276
276
276
276
276
276
276
276
276
276
276
276
276
276
276
276
276
276
276
276
276
276
276
276
276
276
276
276
276
276
276
276
276
276
276
276
276
276
276
276
276
276
276
276
276
276
276
126
276
276
276
276
276
276
276
276
276
276
276
276
417
276
276
276
276
276
276
276
276
276
276
276
276
276
276
276
276
276
276
276
276
276
276
276
276
276
276
276
276
276
276
276
276
276
276
276
276
276
276
276
276
276
276
276
276
276
276
276
276
276
276
276
276
276
276
276
276
276
276
276
276
276
276
276
276
276
276
276
276
276
276
276
276
276
276
276
276
184
276
276
276
276
276
276
276
276
276
276
276
276
276
276
276
276
276
276
276
276
276
276
276
276
276
276
276
276
276
276
276
276
276
276
276
276
276
276
276
276
276
276
276
276
276
276
276
276
276
276
276
276
276
276
69
276
276
276
276
276
276
276
276
276
276
276
276
276
276
276
276
276
276
276
276
276
276
276
276
276
276
276
276
276
276
276
276
276
276
276
276
276
276
276
276
276
276
276
276
276
276
276
276
276
276
276
276
276
276
276
276
276
276
276
276
276
276
276
276
276
276
276
276
276
276
276
276
276
276
276
276
276
276
276
276
276
276
276
276
276
276
276
276
276
276
276
276
276
276
276
276
276
276
276
276
276
276
276
276
276
276
276
276
276
276
276
276
276
276
276
152
276
276
276
276
276
276
276
276
276
276
276
276
276
276
276
276
276
276
276
276
276
276
276
276
276
276
276
276
276
276
276
276
276
276
276
276
276
276
276
276
276
276
276
276
276
276
276
276
276
276
276
276
276
276
276
276
276
276
276
276
276
276
276
276
276
276
276
276
276
276
276
276
276
276
276
276
276
276
276
276
276
276
276
276
276
276
276
276
276
276
276
276
276
276
276
276
276
276
276
276
276
276
276
276
276
276
276
276
276
276
276
276
276
276
276
276
276
276
276
276
276
276
276
276
276
276
276
276
276
276
276
276
276
276
276
276
276
276
276
276
276
276
276
276
276
276
276
276
276
276
276
276
276
276
276
276
276
276
276
276
276
276
276
276
276
276
276
276
276
276
276
276
276
276
276
276
276
276
276
276
276
276
276
276
276
276
276
276
276
276
276
276
276
276
276
276
276
276
276
276
276
276
276
276
276
276
276
276
276
276
276
276
276
276
276
276
276
276
276
276
276
276
276
276
276
276
276
276
276
276
276
276
276
276
276
276
276
276
276
276
276
276
276
276
276
276
276
276
276
276
276
276
276
276
276
276
276
276
276
276
276
276
276
276
276
276
276
276
135
276
276
276
276
276
276
276
276
276
276
276
276
276
276
276
276
276
276
276
276
276
276
276
276
276
276
276
276
276
276
276
276
276
276
276
276
276
276
276
276
276
276
276
276
276
276
276
276
276
276
276
276
276
276
276
276
276
276
276
276
276
276
276
276
276
276
276
276
276
276
276
276
276
276
276
276
276
276
276
276
276
276
276
276
147
276
276
276
276
276
276
276
276
276
276
276
276
276
276
276
276
276
276
276
276
276
276
276
276
276
276
276
276
276
276
276
276
276
276
276
276
276
276
276
276
276
276
276
276
276
276
276
276
276
276
276
276
190
276
276
276
276
276
276
276
276
276
276
276
276
276
276
276
276
276
276
276
276
276
276
276
276
276
276
276
276
276
276
276
276
276
276
276
276
276
276
276
276
276
276
276
276
276
276
276
276
276
276
276
276
276
276
276
276
276
276
276
276
276
276
276
276
276
276
276
276
276
276
276
276
276
276
276
276
276
276
276
276
276
276
276
276
276
276
276
276
276
276
276
276
276
276
276
276
276
276
276
276
276
276
276
276
276
276
276
276
276
276
276
276
276
276
276
276
276
276
276
276
276
276
276
276
276
276
276
276
276
276
276
276
276
276
276
276
276
276
276
276
276
276
276
276
276
276
276
276
276
276
276
276
276
276
276
276
276
276
276
276
276
276
276
276
276
276
276
276
276
276
276
276
276
276
276
276
276
276
276
276
276
276
276
276
276
276
276
276
276
276
276
276
276
276
276
276
276
276
276
276
276
276
276
276
276
276
276
276
276
276
276
276
276
276
276
276
276
276
276
276
276
276
276
276
276
276
276
276
276
276
276
276
276
276
276
276
276
276
276
276
276
276
276
276
276
276
276
276
276
276
276
276
276
276
276
276
276
276
276
276
276
276
276
276
276
276
276
276
276
276
276
276
276
276
276
276
276
276
276
276
276
276
276
276
276
276
276
276
276
276
276
276
276
276
276
276
276
276
276
276
276
276
276
276
276
276
276
276
276
276
276
276
276
276
276
276
276
276
276
276
276
276
276
276
276
276
276
166
276
276
276
276
276
276
276
276
276
276
276
276
276
276
276
276
276
276
276
276
276
276
276
276
276
276
276
276
276
276
276
276
276
276
276
276
276
276
276
276
276
276
276
237
276
276
276
276
276
276
276
276
276
276
276
276
276
276
276
276
276
276
276
276
276
276
276
276
276
276
276
276
276
276
276
276
276
276
276
276
276
276
276
276
276
276
276
276
276
276
276
276
276
276
276
276
276
276
276
276
276
276
276
276
276
276
276
276
276
276
276
276
276
276
276
276
276
276
276
276
276
276
276
276
276
276
276
276
276
276
276
276
276
276
276
276
276
276
276
276
276
276
276
276
276
276
276
276
276
276
276
276
276
276
276
276
276
276
276
276
276
276
276
276
276
276
276
276
276
276
276
276
276
276
276
276
276
276
276
276
276
276
276
276
276
276
276
276
276
276
276
276
276
276
276
276
276
276
276
276
276
276
276
276
276
276
276
276
276
276
276
276
276
276
276
276
276
276
276
276
276
276
276
276
276
276
276
276
276
276
276
276
276
276
276
276
276
276
146
276
276
276
276
276
276
276
276
276
276
276
276
276
163
276
276
276
276
276
276
276
276
276
276
276
276
276
276
276
276
276
276
276
276
276
276
276
276
276
276
276
276
276
276
276
276
276
276
276
276
276
276
276
276
276
276
276
276
276
276
276
276
276
276
276
276
276
276
276
276
276
276
276
276
276
276
276
276
276
276
276
276
276
276
276
276
276
276
276
276
276
276
276
276
276
276
276
276
276
276
276
276
276
276
276
276
276
276
276
276
276
276
276
276
276
276
276
276
276
276
276
276
276
276
276
276
276
276
276
276
276
276
276
276
276
276
276
276
276
276
276
276
276
276
276
276
276
276
276
276
276
276
276
276
276
276
276
276
276
276
276
276
276
276
276
276
276
276
276
276
276
276
276
276
276
276
276
276
276
276
276
276
276
276
276
276
276
276
276
276
276
276
276
276
276
276
276
276
276
276
276
276
276
276
276
276
276
276
276
276
276
276
276
276
276
276
276
276
276
276
276
276
276
276
276
276
276
276
276
276
276
276
276
276
276
276
276
276
276
276
276
276
149
276
276
276
276
276
276
276
276
276
276
276
276
276
276
276
276
276
276
276
276
276
276
276
276
276
276
276
276
276
276
276
276
276
276
276
276
276
276
276
276
276
276
276
276
276
276
276
276
276
276
276
225
276
276
276
276
276
276
276
276
276
276
276
276
276
276
276
276
276
276
276
276
276
276
276
276
276
276
276
276
276
276
276
276
276
276
276
276
276
276
276
276
276
276
276
276
276
276
276
276
276
276
276
276
276
276
276
276
276
276
276
276
276
276
276
276
276
276
276
276
276
276
276
276
276
276
276
276
276
276
276
276
276
276
276
276
276
276
276
276
276
276
276
276
276
276
276
276
276
276
276
276
276
276
276
276
276
276
276
276
276
276
276
276
276
276
276
276
276
276
276
276
276
276
276
276
276
276
276
276
276
276
276
276
276
276
276
276
276
276
276
276
276
276
276
276
276
276
276
276
276
276
276
276
276
276
276
276
69
276
276
276
276
276
276
276
276
276
276
276
276
276
276
276
276
276
276
276
276
276
276
276
276
276
276
276
276
276
276
276
276
162
276
276
236
276
276
276
276
276
276
276
276
276
276
276
276
276
276
276
276
276
276
276
276
276
276
276
276
276
276
276
276
276
276
276
276
276
276
276
276
276
276
276
276
276
276
276
276
276
276
276
276
276
276
276
276
276
276
276
276
276
276
276
276
276
276
276
276
276
276
276
276
276
276
276
276
276
276
276
276
276
276
276
276
276
276
276
276
276
276
276
276
276
276
276
276
276
276
276
276
276
276
276
276
276
276
276
276
276
276
276
276
276
276
276
276
276
276
276
276
276
276
276
276
276
276
276
276
276
276
276
276
276
276
276
276
276
276
276
276
276
276
276
276
276
276
276
276
276
276
276
276
276
276
276
276
276
276
276
276
276
276
276
276
276
276
276
276
276
276
276
276
276
276
276
276
276
276
276
276
276
276
276
276
276
276
276
276
276
276
276
276
276
276
276
276
276
276
276
276
276
276
276
276
276
276
276
276
276
276
276
276
276
276
276
276
276
276
276
276
276
276
276
276
276
276
276
276
276
276
276
276
276
276
276
276
276
276
276
276
276
276
276
276
276
276
276
276
276
276
276
276
276
276
276
276
276
276
276
276
276
69
276
276
276
276
276
276
276
276
276
276
91
276
276
276
276
276
276
276
276
276
276
276
276
276
276
276
276
276
276
276
276
276
276
276
276
276
276
276
276
276
276
276
276
276
276
276
276
276
276
276
276
276
276
276
276
276
276
276
276
276
276
276
276
276
276
276
276
276
276
276
276
276
276
276
276
276
276
276
276
276
276
276
276
276
276
276
276
276
276
276
276
276
276
276
276
276
276
276
276
276
276
276
276
276
276
276
276
276
276
276
276
276
276
276
276
276
276
276
276
276
276
276
276
276
276
276
276
276
276
276
276
276
276
276
276
276
276
276
276
276
276
276
276
276
276
276
276
276
276
276
276
276
276
276
276
276
276
276
276
276
276
276
276
276
276
276
276
276
276
276
276
276
276
276
276
276
276
276
276
276
276
276
276
276
276
276
276
276
276
276
276
276
276
276
276
276
276
276
276
276
276
276
276
276
276
276
276
276
276
276
276
276
276
276
276
276
276
276
276
276
276
276
276
276
276
276
276
276
276
276
276
276
276
276
276
276
276
276
276
276
276
276
276
276
276
276
276
276
276
276
276
276
276
276
276
276
276
276
276
276
276
276
276
276
276
276
276
276
276
276
276
276
276
276
276
276
276
276
276
276
276
276
276
276
276
276
276
276
276
276
276
276
276
276
276
276
276
276
276
276
276
276
276
276
276
276
276
276
276
276
276
276
276
276
276
276
276
276
276
276
276
276
276
276
276
276
276
276
276
276
276
276
276
276
276
276
276
276
276
276
276
276
276
276
276
276
276
276
98
276
276
276
276
276
276
276
276
276
276
276
276
276
276
276
276
276
276
276
276
276
276
276
276
276
276
276
276
276
276
276
276
276
276
276
276
276
276
276
276
276
276
276
276
276
276
276
276
276
276
276
276
276
276
276
276
276
276
276
276
276
276
276
276
276
276
276
276
276
276
276
276
276
276
276
276
276
276
276
276
276
276
276
276
276
276
276
276
276
276
276
276
276
276
276
276
276
276
276
276
276
276
276
276
276
276
276
276
276
276
276
276
276
276
276
276
276
276
276
276
276
276
276
276
276
276
276
276
276
276
276
276
276
276
276
276
276
276
276
276
276
276
276
276
276
276
276
276
276
276
276
276
276
276
276
276
276
276
276
276
276
276
276
276
276
276
276
276
276
276
276
276
276
276
276
276
276
276
276
276
276
276
276
276
276
276
276
276
276
276
276
276
276
276
276
276
276
276
276
276
276
276
276
276
276
276
276
276
276
276
276
276
276
276
276
276
276
276
276
276
276
276
276
276
276
276
276
276
276
276
276
276
276
276
276
276
276
276
276
276
276
276
276
276
276
276
276
276
276
276
276
276
276
276
276
276
276
276
276
276
276
276
276
276
276
276
276
276
276
276
276
276
276
276
276
276
276
276
276
276
276
276
276
276
276
276
276
276
276
276
276
276
276
276
276
276
276
276
276
276
276
276
276
276
276
276
276
133
276
276
276
276
276
108
276
276
276
276
276
276
276
276
276
276
276
276
276
276
276
276
276
276
276
276
276
276
276
276
276
276
276
276
276
276
276
276
276
276
276
276
276
276
276
276
276
276
276
276
276
276
276
276
276
276
276
276
276
276
276
276
276
276
276
276
276
276
276
276
276
276
276
276
276
276
276
276
276
276
276
276
276
276
276
276
276
276
276
276
276
276
276
276
276
276
276
276
276
276
276
276
276
276
276
276
276
276
276
276
276
276
276
276
276
276
276
276
276
276
276
276
276
276
276
276
276
276
276
276
276
276
276
276
276
276
276
276
276
276
276
276
276
276
276
276
276
276
276
276
276
276
276
276
276
276
276
276
276
276
276
276
276
276
276
276
276
276
276
276
276
276
276
276
276
276
276
276
276
276
276
276
276
276
276
276
276
276
276
276
276
276
276
276
276
276
276
276
276
276
276
276
276
276
276
276
276
276
276
276
276
276
276
276
276
276
276
276
276
276
276
276
276
276
276
276
276
276
276
276
276
276
276
276
276
276
276
276
276
276
276
276
276
276
276
276
276
276
276
276
276
276
276
276
276
276
276
276
276
276
276
276
276
276
276
276
276
276
276
276
276
276
276
276
276
276
276
276
276
276
276
276
276
276
276
276
276
276
276
276
276
276
276
276
276
276
276
276
276
276
276
276
276
276
276
276
276
276
276
276
276
276
276
276
276
276
276
276
276
276
276
276
276
276
276
276
276
276
276
276
276
276
276
276
276
276
276
276
276
276
276
276
276
276
276
276
276
276
276
276
276
276
276
276
276
276
276
276
276
276
276
336
276
276
276
276
276
276
276
276
276
276
276
276
276
276
276
276
276
276
276
276
276
276
276
276
276
276
276
276
276
276
276
276
276
276
276
276
276
276
276
276
276
276
276
276
276
276
276
276
276
276
276
276
276
276
276
276
276
276
276
276
276
276
276
276
276
276
276
276
276
276
276
276
276
276
276
276
276
276
276
276
276
276
276
276
276
276
276
276
276
276
276
276
276
276
276
276
276
276
276
276
276
276
276
276
276
276
276
276
276
276
276
276
276
276
276
276
276
276
276
276
276
276
276
276
276
276
276
276
276
276
276
276
276
276
276
276
276
276
276
276
276
276
276
276
276
276
276
276
276
276
276
276
276
276
276
276
276
276
276
276
276
276
276
276
276
276
276
276
276
276
276
276
276
276
276
276
276
276
276
276
276
276
276
276
276
276
276
276
276
276
276
276
276
276
276
276
276
276
276
133
276
276
276
276
276
276
276
276
276
276
276
276
276
276
276
276
276
276
276
276
276
276
276
276
276
276
276
276
276
276
276
276
276
276
276
276
276
276
276
276
276
276
276
276
276
276
276
276
276
276
276
276
276
276
276
276
276
276
276
276
276
276
276
276
276
276
276
276
276
276
276
276
276
276
276
276
276
276
276
276
276
276
276
276
276
276
276
276
276
276
276
276
276
276
276
276
276
276
276
276
276
276
276
276
276
276
276
276
276
276
276
276
276
276
276
276
276
276
276
276
276
276
276
276
276
276
276
276
276
276
276
276
276
276
276
276
276
276
276
276
276
276
276
276
276
276
276
276
276
276
276
276
276
276
276
276
276
276
276
276
276
276
276
276
276
276
276
276
276
276
276
276
276
276
276
276
276
276
276
276
276
276
276
276
276
276
276
276
276
276
276
276
276
276
276
276
276
276
276
276
276
276
276
276
276
276
276
276
276
276
276
276
276
276
276
276
276
276
276
276
276
276
276
276
276
276
276
276
276
276
276
276
276
276
276
276
276
276
276
276
276
276
276
276
276
276
276
276
276
276
276
276
276
276
276
276
276
276
276
276
276
276
276
276
276
276
276
276
276
276
276
276
276
988
276
276
276
276
276
276
276
276
276
276
276
276
276
276
276
276
276
276
276
276
276
276
276
276
276
276
276
276
276
276
276
276
276
276
276
276
276
276
276
276
276
276
276
276
276
276
276
276
276
276
276
276
276
276
276
276
276
276
276
276
276
276
276
276
276
276
276
276
276
276
276
276
276
276
276
103
276
276
276
276
276
276
276
276
276
276
276
276
276
276
276
276
276
276
276
276
276
276
276
276
276
276
276
276
276
276
276
276
276
276
276
276
276
276
276
276
276
276
276
276
276
276
276
276
276
276
276
276
276
276
276
276
276
365
276
276
276
276
276
276
276
276
276
276
276
276
276
276
276
276
276
127
276
276
276
276
276
276
276
276
276
276
276
276
276
276
276
276
276
276
276
276
276
276
276
276
276
276
276
276
276
276
276
276
276
276
276
276
276
276
276
276
276
276
276
276
276
276
276
276
276
276
276
276
276
276
276
276
276
276
276
276
276
276
276
276
276
276
276
276
276
276
276
276
276
276
276
276
276
276
276
276
276
276
276
276
276
276
276
276
276
276
276
276
276
276
276
276
276
276
276
276
276
276
276
276
276
276
276
276
276
276
276
276
276
276
276
276
276
276
276
276
276
276
276
276
276
276
276
276
276
276
276
276
276
276
276
276
276
276
276
276
276
276
276
276
276
276
276
276
82
276
276
276
276
276
276
276
276
276
276
276
276
276
276
276
276
276
276
276
276
276
276
276
276
276
276
276
276
276
276
276
276
276
276
276
276
276
276
276
276
276
276
276
276
276
276
276
276
276
276
276
276
276
276
276
276
276
276
276
276
276
276
276
276
276
276
276
276
276
276
276
276
276
276
276
276
276
276
276
276
276
276
276
276
276
276
276
276
276
276
276
276
276
276
276
276
276
276
276
276
276
276
276
276
276
276
276
276
276
276
276
276
276
276
276
276
276
276
276
276
276
276
276
276
276
276
276
276
276
276
276
276
276
276
276
276
276
276
276
276
276
276
276
276
276
276
276
276
276
276
276
276
276
276
276
276
276
276
276
276
276
276
276
276
276
276
276
276
276
276
276
276
276
276
276
276
276
276
276
276
276
276
276
276
276
276
276
276
276
276
276
276
276
276
276
276
276
276
276
276
276
276
276
276
276
276
276
276
276
276
276
276
276
276
276
276
276
276
276
276
276
276
276
276
276
276
276
276
276
276
276
276
276
276
276
276
276
276
276
276
276
276
276
276
276
276
276
276
276
276
276
276
276
276
276
276
276
276
276
276
276
276
276
276
276
276
276
276
276
276
276
276
276
276
276
276
276
276
276
276
276
276
276
276
276
276
276
276
276
276
276
276
276
276
276
276
276
276
276
276
276
276
276
276
276
276
276
276
276
276
276
276
276
276
276
276
276
276
276
276
276
276
276
276
276
276
276
276
276
276
276
276
276
276
276
276
276
276
276
276
276
276
276
276
276
276
276
276
276
276
276
276
276
276
276
276
276
276
276
276
276
276
276
276
276
276
276
276
276
276
276
276
276
276
276
276
276
276
276
276
276
276
276
276
276
276
276
276
276
276
276
276
276
276
276
276
276
276
276
276
276
276
276
276
276
276
276
276
276
276
276
276
276
276
276
276
276
276
276
276
276
276
276
276
276
276
276
276
276
276
276
276
135
276
276
276
276
276
276
276
276
276
276
276
276
276
276
276
276
276
276
276
276
276
276
276
276
276
276
276
165
276
276
276
276
276
276
276
276
276
276
276
276
276
276
276
276
276
276
276
276
276
276
276
276
276
276
276
276
276
276
276
276
276
276
276
276
276
276
276
276
276
276
276
276
276
276
276
276
276
276
276
276
276
276
276
276
276
276
276
276
276
276
276
276
276
276
276
276
276
276
276
276
276
276
276
276
276
276
276
276
276
276
276
276
276
276
276
276
276
276
276
276
276
276
276
276
276
276
276
276
132
276
276
276
276
276
276
276
276
276
276
276
276
276
276
276
276
276
276
276
276
276
276
276
276
276
276
276
70
276
276
276
276
276
276
276
276
276
276
276
276
276
276
276
276
276
276
276
276
276
276
276
276
276
276
276
276
276
276
276
276
276
276
276
276
276
276
276
276
276
276
276
276
276
276
276
276
276
276
276
276
276
276
276
276
276
276
276
276
276
276
276
82
276
276
276
276
276
276
276
276
276
276
276
276
276
276
276
276
276
276
276
276
276
276
276
276
276
276
276
276
276
276
276
276
276
276
276
276
276
276
276
276
276
276
276
276
276
276
276
276
276
276
276
276
276
276
276
276
276
276
276
276
276
276
276
276
276
276
276
276
276
276
276
276
276
276
276
276
276
276
276
276
276
276
276
276
276
276
276
276
276
276
276
276
276
276
276
276
276
276
276
276
276
276
276
276
276
276
276
276
276
276
276
276
276
276
276
276
276
276
276
276
276
276
276
276
276
276
276
276
276
276
276
276
276
276
276
276
276
276
276
276
276
276
276
276
276
276
276
276
276
276
276
276
276
276
276
276
276
276
276
276
276
276
276
276
276
276
276
276
276
276
276
276
276
276
276
276
276
276
276
276
276
276
276
276
276
276
276
276
276
276
276
276
276
276
276
276
276
276
276
276
276
276
276
276
276
276
276
276
276
276
276
276
276
276
276
276
276
276
276
276
276
276
276
276
276
276
276
276
276
276
276
276
276
276
276
276
276
276
276
276
276
276
276
276
276
276
276
276
276
276
276
276
276
276
276
276
276
276
276
276
276
276
276
276
276
276
276
276
276
276
276
276
276
276
276
276
276
276
276
276
276
276
276
276
276
276
276
276
276
276
276
276
276
276
276
276
276
276
276
276
276
276
276
276
276
276
276
276
276
276
276
276
276
276
276
276
276
276
276
276
276
276
276
276
276
276
276
276
276
276
276
276
276
276
276
276
276
276
276
276
276
276
276
276
276
276
276
276
276
276
276
276
276
276
276
276
276
276
276
276
276
276
276
276
276
276
276
276
276
276
276
276
276
276
276
276
276
276
276
276
276
276
276
276
276
276
276
276
276
276
276
276
276
276
276
276
276
276
276
276
276
276
276
276
276
276
276
276
276
276
276
276
276
276
276
276
276
276
276
276
276
276
276
276
276
276
276
276
276
276
276
276
276
276
276
276
276
276
276
276
276
276
276
276
276
276
276
276
276
276
276
276
276
276
276
276
276
276
276
276
276
276
276
276
276
276
276
276
276
276
276
276
276
276
276
276
276
276
276
276
276
276
276
276
276
276
276
276
276
276
276
276
276
276
276
276
276
276
276
276
276
276
276
276
276
276
276
276
276
276
276
276
276
276
276
276
276
276
276
276
276
276
276
276
276
276
276
276
276
276
276
276
276
276
276
276
276
276
276
276
276
276
276
276
276
276
276
276
276
276
276
276
276
276
276
276
276
276
276
276
276
276
276
276
276
276
276
276
276
276
276
276
276
276
276
276
276
276
276
276
276
276
276
276
276
276
276
276
276
276
276
276
276
276
276
276
276
276
276
276
276
276
276
276
276
276
276
276
276
276
276
276
276
276
276
276
276
276
276
276
276
276
276
276
276
276
276
276
276
72
276
276
276
276
276
276
276
276
276
276
276
276
276
276
276
276
276
276
276
276
276
276
276
276
276
276
276
276
150
276
276
276
276
276
276
276
276
276
276
276
276
276
276
276
276
276
276
276
276
276
276
276
276
276
276
276
276
276
276
276
276
276
276
276
276
276
276
276
276
276
276
276
276
276
276
276
276
276
276
276
276
276
276
276
276
276
276
276
276
276
276
276
276
276
276
276
276
276
276
276
276
276
276
276
276
276
276
276
276
276
276
276
276
276
276
276
276
276
276
276
276
276
276
276
276
276
276
276
276
276
276
276
276
276
276
276
276
276
276
276
276
276
276
276
276
276
276
276
79
276
276
276
276
276
276
276
276
276
276
276
276
276
276
276
276
276
276
276
276
276
276
276
276
276
276
276
276
276
276
276
276
276
276
276
276
276
276
276
276
276
276
276
276
276
276
276
276
276
276
276
276
276
276
276
276
276
276
276
276
276
276
276
276
276
276
276
276
276
276
276
276
276
276
276
276
276
276
276
276
276
276
276
276
276
276
276
276
276
276
276
276
276
276
276
276
276
276
276
276
276
276
276
276
276
276
276
276
276
276
276
276
276
276
276
276
276
276
276
276
276
276
276
276
276
276
276
276
276
276
276
276
276
276
276
276
276
276
276
276
276
276
276
276
276
276
276
276
276
276
276
276
276
276
276
276
276
276
276
276
276
276
276
276
276
276
276
276
276
276
276
276
276
276
276
276
276
276
276
276
276
276
276
276
276
276
276
276
276
276
276
276
276
276
276
276
276
276
276
276
276
276
276
276
276
276
276
276
276
276
276
276
276
276
276
276
276
276
276
276
276
276
276
276
276
276
276
276
276
276
276
276
276
276
276
276
276
276
276
276
276
276
276
276
276
157
276
276
276
276
276
276
276
276
276
276
276
276
276
276
276
276
276
276
276
276
253
276
276
276
276
276
276
276
276
276
276
276
276
276
276
276
276
276
276
276
276
276
276
276
276
276
276
276
276
276
276
276
276
276
276
276
276
276
276
276
276
276
276
276
276
276
276
276
276
276
276
276
276
276
276
276
276
276
276
276
276
276
276
276
276
276
276
276
276
276
276
276
276
276
276
276
276
276
276
276
276
276
276
276
276
276
276
276
276
276
276
276
276
276
276
276
276
276
276
276
276
276
276
276
276
276
276
276
276
276
276
276
276
276
276
276
276
276
276
276
276
276
276
276
276
276
276
276
276
276
276
276
276
276
276
276
276
276
276
276
276
276
276
276
276
276
276
276
276
276
276
276
276
276
276
276
276
276
276
276
276
276
276
276
276
276
276
276
276
276
276
276
276
276
276
276
276
276
276
276
276
276
276
276
276
276
276
276
276
276
276
276
276
276
276
276
276
276
276
276
276
276
276
276
276
276
276
276
276
276
276
276
276
276
276
276
276
276
276
276
276
276
276
276
276
276
276
276
276
276
276
276
276
276
276
276
276
276
276
276
276
276
276
276
276
276
276
276
276
276
276
276
276
276
276
276
276
276
276
276
276
276
276
276
276
276
276
276
276
276
276
276
276
276
276
276
276
276
276
276
276
276
276
276
276
276
276
