929
817
912
984
991
791
436
808
723
715
590
694
794
883
731
387
555
451
750
711
531
854
691
834
687
535
752
854
515
596
663
390
576
411
776
812
380
438
391
463
790
590
419
1022
549
1048
457
485
383
395
453
438
665
578
564
756
2184
653
703
437
546
744
765
595
468
808
691
670
749
380
424
749
697
394
403
511
695
493
420
814
557
374
394
412
919
504
476
1332
529
743
1131
511
391
395
863
609
363
443
893
395
734
339
760
459
1164
521
378
438
357
431
585
382
441
423
415
378
363
518
632
364
361
397
1164
424
514
420
465
506
702
379
545
567
366
586
406
569
608
420
590
387
353
409
796
510
392
337
1277
973
628
864
342
388
556
382
585
373
351
324
1022
790
370
387
756
364
420
381
464
373
587
597
1277
381
543
425
394
630
452
422
670
387
401
455
1262
474
423
354
372
567
432
355
337
347
732
350
526
381
564
392
559
535
386
367
382
339
563
1032
367
541
387
384
348
504
396
363
1036
406
669
350
866
1218
390
471
1547
394
355
1106
350
369
561
360
346
698
676
351
400
510
332
352
586
642
304
598
375
761
749
864
328
426
646
710
340
354
351
381
344
399
339
554
407
784
654
374
840
521
568
549
373
371
352
620
673
354
386
602
405
1929
499
390
592
424
361
913
325
363
1379
571
1392
441
726
382
346
442
387
340
400
365
445
460
381
359
339
387
522
472
341
622
340
341
363
356
812
503
330
601
487
385
343
653
630
351
414
364
420
363
881
362
392
567
336
372
363
414
349
339
347
328
533
378
675
369
353
1048
494
565
342
429
1294
565
360
360
586
349
381
345
535
357
361
469
498
456
378
883
346
629
408
357
302
601
417
1938
358
353
403
421
973
378
370
582
478
363
351
367
361
594
336
444
731
496
566
467
390
377
360
368
401
548
482
344
481
361
370
357
517
363
496
333
501
640
359
353
372
1114
336
358
336
397
625
392
369
340
338
348
495
345
1022
384
835
333
356
616
657
368
655
321
398
382
342
365
376
346
337
344
578
342
371
329
515
366
354
360
323
815
580
343
362
324
334
345
540
589
377
383
367
414
340
312
368
314
418
342
458
2788
342
330
392
508
344
484
356
516
529
635
524
478
314
611
366
352
451
1029
473
765
344
414
378
526
374
329
325
371
493
340
397
345
482
508
332
336
490
430
364
500
475
449
364
363
373
558
323
392
304
339
507
366
428
326
510
490
367
355
363
613
403
704
561
457
661
292
520
305
350
376
363
379
316
363
508
364
362
447
462
378
326
341
331
344
318
548
319
461
642
360
351
850
558
325
363
323
339
659
337
363
439
324
893
321
403
634
531
346
352
338
490
356
467
338
520
365
362
353
463
351
335
315
355
329
328
331
505
365
357
352
544
359
350
505
661
488
513
337
788
655
439
325
595
333
348
493
405
347
505
338
408
433
362
402
579
632
535
366
521
368
346
367
344
377
367
316
329
456
594
881
383
338
469
472
337
579
361
372
355
347
414
336
467
303
421
305
410
325
359
535
354
327
335
343
393
370
475
346
315
372
514
358
359
383
539
352
325
374
505
342
387
350
506
409
409
325
327
342
320
569
616
326
645
377
441
337
606
319
331
372
363
316
344
307
582
469
377
418
354
432
314
495
331
429
343
342
475
328
499
341
375
321
359
324
340
365
507
488
320
626
339
326
292
472
561
359
546
605
530
371
356
334
429
642
516
351
428
353
330
329
509
368
490
531
311
315
366
333
413
333
294
482
353
366
352
312
339
354
441
367
444
383
363
427
332
358
326
523
349
417
391
353
371
356
280
586
387
311
353
330
399
558
352
530
512
371
423
343
373
420
394
527
354
339
336
405
467
331
333
473
333
554
328
358
357
326
516
295
545
597
420
361
345
385
369
595
379
374
320
339
517
436
388
411
355
863
500
991
609
351
351
336
371
508
333
381
322
359
368
617
281
328
331
472
339
332
377
337
377
365
330
312
346
334
624
574
299
327
351
484
321
344
352
353
340
512
548
326
349
372
347
597
465
2788
537
684
347
328
397
313
385
369
554
386
353
433
327
376
419
515
339
363
488
317
427
323
309
609
332
356
381
363
321
423
357
310
330
320
338
374
381
341
375
325
377
478
527
306
369
325
362
337
326
355
340
319
509
1929
375
490
325
345
611
291
345
506
355
375
316
369
334
343
315
309
446
342
539
433
328
342
306
525
344
354
329
374
328
337
322
361
280
310
314
330
313
359
520
420
381
556
541
380
420
380
319
346
321
320
324
386
322
609
309
314
481
321
514
330
331
518
299
693
497
330
329
314
500
366
367
364
318
488
292
633
335
481
359
360
343
463
340
280
304
344
600
305
333
352
354
411
342
363
676
472
438
299
335
376
548
318
323
411
344
352
373
1294
324
322
491
524
361
343
373
302
305
349
520
351
292
355
507
552
431
381
374
450
356
295
445
574
672
519
357
316
310
348
318
369
380
591
708
407
317
301
386
341
408
533
370
349
321
595
473
466
314
478
327
449
318
573
365
670
368
317
415
362
534
386
352
475
1518
466
507
501
334
317
386
349
301
369
325
533
346
613
318
313
622
321
468
331
294
348
278
366
321
393
361
308
312
350
312
336
292
518
891
309
325
300
409
312
330
320
1878
346
310
571
325
563
333
354
523
298
329
325
287
361
381
307
441
307
367
440
317
335
311
306
963
323
324
338
299
359
307
371
811
512
316
385
334
501
317
307
320
418
454
347
368
306
334
337
408
333
514
318
299
327
307
355
347
451
369
301
573
370
382
304
261
324
493
351
338
323
373
591
343
331
321
293
352
299
329
591
383
469
315
555
334
336
533
672
572
336
299
314
311
298
536
321
351
349
429
357
344
382
443
320
334
334
535
354
319
325
347
319
348
470
297
532
663
362
313
270
311
411
333
314
360
559
314
304
411
318
311
333
496
310
295
377
335
318
340
329
599
461
493
334
334
324
384
352
330
296
304
406
331
320
352
315
315
505
316
305
430
287
367
621
365
297
294
562
288
379
580
507
340
284
516
378
548
342
347
478
410
386
383
296
358
329
349
374
294
364
337
319
298
309
555
568
316
340
445
502
514
331
317
335
347
291
477
318
417
460
336
300
314
299
323
386
262
305
311
495
453
325
578
283
404
287
332
299
456
464
352
337
525
655
510
314
330
339
537
471
315
344
340
316
331
307
535
497
538
351
327
314
358
321
327
321
389
335
546
300
539
672
361
448
256
298
295
356
423
324
372
321
507
550
299
481
311
368
323
331
342
292
421
308
372
301
591
489
337
452
492
475
307
300
321
519
305
298
336
312
377
355
358
418
399
492
450
488
289
293
496
317
530
506
355
346
300
302
376
365
445
471
371
347
314
344
381
290
509
340
321
311
287
370
331
307
355
336
366
323
406
430
313
714
323
303
510
484
301
339
330
373
131
348
322
622
308
455
466
284
303
284
298
337
330
334
575
320
648
329
529
506
329
360
275
375
386
347
445
374
567
329
484
333
376
392
556
353
316
327
340
294
364
325
347
298
501
290
339
374
305
329
303
347
333
368
283
522
348
457
296
462
294
499
279
314
534
336
339
608
278
335
348
325
318
284
1547
317
485
346
286
541
320
357
506
322
322
489
331
403
336
342
501
294
328
418
341
348
310
354
514
385
307
345
336
304
298
463
310
302
609
282
299
484
311
350
304
308
334
408
457
358
601
499
311
320
320
450
452
295
319
492
270
494
494
678
316
348
344
335
524
303
349
576
436
398
621
582
337
303
384
340
480
316
312
519
367
293
361
340
339
354
489
333
357
310
388
417
581
362
326
466
664
337
322
530
320
372
420
299
320
287
282
318
319
470
332
329
421
1332
368
317
556
482
317
319
570
349
335
305
341
394
543
486
320
321
379
388
474
297
317
329
327
309
320
336
599
434
567
342
326
370
481
304
445
479
308
524
352
303
283
490
435
276
293
494
378
393
410
300
320
332
333
335
306
350
372
302
301
298
308
319
309
329
339
358
290
423
582
298
286
297
357
293
380
318
467
306
417
588
298
295
435
667
293
501
349
363
315
326
423
368
334
351
298
355
297
340
1005
334
363
357
573
474
587
528
305
429
331
287
613
321
352
273
322
333
378
304
314
443
307
291
318
580
509
311
311
322
301
364
484
365
346
340
297
320
326
346
349
332
368
337
327
692
295
292
408
1114
336
422
326
362
355
1663
492
336
343
319
331
303
307
297
301
317
328
424
350
320
303
293
318
524
291
373
470
316
400
320
352
272
301
353
349
1002
278
523
327
283
417
269
317
311
279
296
321
333
335
358
288
268
341
310
328
334
289
348
355
319
443
332
286
278
365
565
399
340
304
544
313
295
334
489
289
319
317
440
390
380
280
302
347
357
289
294
614
494
371
286
465
334
506
637
290
266
513
549
303
325
334
300
327
321
382
353
584
272
456
353
437
485
361
410
306
517
319
277
310
329
424
415
291
343
706
287
242
312
328
349
336
300
339
286
312
295
324
477
323
515
336
312
431
289
288
251
261
263
301
325
313
334
452
310
299
343
293
340
328
295
360
739
281
313
479
329
441
297
280
407
345
308
421
281
312
414
353
295
343
364
277
301
300
315
221
343
491
623
361
440
432
470
301
279
305
516
378
447
688
292
433
467
308
274
375
518
335
272
599
292
548
314
509
281
313
280
330
330
298
287
386
326
286
586
279
309
344
326
457
320
523
430
312
545
386
323
430
535
314
275
404
232
304
432
602
426
290
275
326
371
366
353
290
455
277
320
309
280
563
347
252
271
321
230
277
327
284
317
322
313
321
326
353
509
492
293
697
276
495
288
333
219
399
503
449
299
311
525
300
276
452
511
550
252
341
449
261
295
488
290
464
672
276
315
490
307
630
311
349
291
344
456
356
307
279
629
285
369
260
316
288
264
325
290
369
382
285
307
294
295
318
311
261
314
497
336
325
292
323
291
443
342
339
310
268
308
365
290
310
774
432
334
350
424
294
495
669
339
254
374
326
814
309
352
324
456
775
698
342
310
320
519
576
333
334
339
333
267
1188
585
299
336
279
316
497
544
325
271
387
367
300
452
371
424
289
285
297
293
334
548
283
333
311
289
272
413
336
357
337
291
280
336
375
295
387
681
276
352
406
338
344
301
408
298
247
445
454
279
373
321
297
311
348
290
299
341
298
494
573
256
290
286
379
483
257
288
295
345
368
307
488
307
398
312
281
334
307
345
284
310
616
332
257
684
483
303
410
275
310
430
326
423
300
307
315
295
324
334
282
391
286
418
408
315
342
473
294
333
284
470
273
222
352
310
495
293
442
294
363
298
310
294
435
326
316
352
341
394
275
453
290
322
498
290
604
341
502
304
264
271
277
318
327
323
668
316
341
348
310
305
416
316
313
276
330
313
310
281
582
288
257
744
367
313
331
261
517
333
342
275
311
451
316
333
342
325
252
295
327
470
311
328
335
422
731
280
318
270
301
328
330
293
320
307
503
556
329
513
323
606
329
591
285
302
281
270
313
362
346
320
300
222
293
561
304
329
315
321
320
284
297
486
315
341
319
416
344
256
321
496
300
325
699
333
279
293
582
265
339
295
422
349
426
525
360
536
416
311
294
409
282
306
296
284
327
266
285
292
515
395
273
307
405
443
399
307
275
227
325
302
491
301
301
309
507
237
289
376
323
445
291
269
273
302
256
368
329
312
458
273
292
310
310
295
559
263
332
302
302
321
263
316
515
287
300
289
315
305
301
258
284
271
704
409
281
277
295
306
318
260
296
271
673
339
303
410
269
281
270
280
324
463
1188
256
380
386
382
266
332
669
267
432
310
297
303
430
303
312
259
299
637
412
319
393
291
342
357
259
290
565
253
309
291
389
318
285
317
374
591
465
399
277
554
312
399
319
291
292
324
274
386
326
278
326
417
312
280
312
301
336
289
333
334
308
297
279
314
279
343
312
326
290
290
452
508
287
262
258
314
309
408
281
321
462
330
323
340
249
309
252
280
287
523
303
326
317
321
250
332
268
244
450
375
255
254
358
253
358
305
362
266
303
237
494
319
271
439
280
273
490
279
452
302
303
268
335
302
249
339
330
480
309
512
276
254
330
258
411
273
311
365
451
295
286
476
295
367
285
330
249
279
317
250
293
427
271
265
301
298
649
443
385
315
259
307
349
2872
276
404
409
491
278
325
330
249
308
505
268
282
443
258
380
289
357
276
260
308
315
316
350
278
263
284
322
325
439
289
282
405
302
331
262
316
247
534
963
265
433
274
312
292
513
296
301
320
290
390
251
350
284
288
299
293
340
247
272
290
809
341
376
434
315
313
242
319
487
343
268
290
643
294
295
351
265
485
293
481
332
312
267
476
371
353
465
251
265
343
354
358
279
696
286
263
299
339
298
344
229
262
418
245
308
319
290
315
327
301
265
327
317
266
644
428
313
262
746
409
450
336
304
303
282
262
285
438
266
584
526
296
322
419
575
590
344
284
366
286
286
318
430
337
345
325
254
239
346
564
422
561
276
542
315
459
333
320
365
573
287
253
461
364
223
259
1038
348
323
262
291
428
276
319
235
405
304
303
380
220
246
346
192
514
366
301
358
456
300
309
321
268
275
254
1808
240
266
258
248
444
288
259
270
287
266
291
280
331
285
273
296
260
375
278
473
344
552
435
536
290
348
292
330
293
282
303
275
308
334
274
276
312
308
224
368
460
357
357
282
252
295
345
260
313
268
215
265
298
289
267
286
376
253
233
293
418
315
314
247
295
253
277
335
229
314
467
260
1808
284
305
416
288
251
296
319
286
320
261
320
247
283
391
327
403
369
240
335
302
310
319
316
469
248
324
280
399
295
284
315
340
284
306
388
731
299
307
517
387
263
333
411
469
295
284
338
276
257
468
273
688
285
537
198
231
320
482
312
339
252
312
394
229
273
243
283
277
306
280
411
317
297
348
255
345
473
251
487
312
487
263
317
289
273
277
236
269
379
291
282
298
246
349
286
195
335
330
321
264
311
343
275
267
330
387
275
409
276
382
260
263
492
363
271
296
264
249
339
453
504
268
280
274
303
446
298
427
380
260
310
312
322
296
306
307
533
276
585
273
535
279
582
290
242
245
297
287
245
330
290
259
1878
269
451
314
316
807
207
393
318
492
282
343
325
313
523
293
299
620
256
331
415
316
299
232
256
564
264
317
372
274
333
424
346
518
269
415
262
315
294
280
274
303
338
356
315
321
362
279
269
282
315
484
290
324
252
391
327
299
328
271
470
246
308
264
328
270
349
310
336
329
304
254
240
251
274
348
410
265
401
280
370
372
272
304
295
345
550
216
303
408
413
324
315
298
257
286
266
296
264
310
293
245
347
314
255
275
303
377
459
309
540
504
588
232
721
362
294
288
336
322
386
265
218
755
340
279
321
306
341
392
249
273
748
317
260
252
346
314
498
329
302
321
302
447
313
227
337
270
286
310
248
269
293
267
467
553
315
513
257
311
495
611
269
338
384
424
296
501
184
298
444
274
273
349
248
285
299
430
284
288
267
320
254
323
273
502
550
393
234
289
623
354
335
245
318
322
283
265
396
357
286
241
269
218
299
292
289
239
344
275
286
255
207
280
315
278
255
269
254
1338
248
379
512
386
642
227
270
514
310
318
505
262
276
272
247
311
277
439
244
277
416
277
294
482
285
249
281
497
286
293
251
268
264
212
269
271
306
234
655
337
271
323
279
288
291
466
336
278
317
302
190
868
325
324
358
274
233
274
285
318
295
299
217
314
332
492
310
392
332
296
247
345
513
276
298
359
900
560
298
469
272
318
337
310
371
307
288
242
369
471
249
376
290
287
320
280
250
259
252
813
338
321
257
293
291
610
257
331
210
568
314
622
291
347
280
305
381
268
337
248
269
268
500
485
464
272
559
305
282
285
289
284
322
272
132
318
295
342
269
285
210
274
407
443
263
285
417
358
334
355
340
262
266
216
480
286
360
297
313
303
493
284
296
298
314
307
293
217
237
386
242
351
316
479
368
328
254
362
264
467
394
251
301
332
261
290
281
273
319
280
270
461
432
418
311
375
273
430
527
300
427
203
274
308
323
430
283
280
295
309
252
292
413
289
485
283
488
308
395
385
234
234
299
282
256
316
332
289
236
461
284
313
330
304
243
305
313
402
126
350
756
361
238
328
287
391
333
253
418
318
276
470
310
266
461
350
668
283
337
309
275
339
321
281
296
307
550
310
216
261
263
285
224
312
729
253
248
252
261
241
294
248
259
377
320
281
519
291
553
264
262
415
285
280
300
207
300
269
296
263
672
365
252
239
314
306
440
248
365
257
292
237
248
255
300
292
233
395
366
277
237
279
216
271
1938
232
246
301
285
310
304
258
305
262
261
281
317
265
279
307
273
258
534
284
323
420
370
287
543
328
397
344
264
482
252
334
252
266
582
575
368
592
309
221
259
249
265
315
241
245
322
268
262
345
290
231
241
437
329
288
234
233
696
496
345
284
325
209
457
304
286
296
260
303
237
260
270
270
341
299
269
302
306
257
240
271
381
346
488
377
308
332
296
215
301
433
290
277
289
323
242
274
256
250
268
267
290
211
280
316
265
269
527
306
247
332
329
271
261
472
320
299
971
507
363
263
321
247
258
234
316
324
275
251
280
256
324
284
269
292
290
533
292
272
266
284
246
268
280
220
637
240
275
271
304
377
314
378
281
165
496
393
279
237
478
292
301
302
278
362
284
390
305
290
256
240
273
289
306
317
369
329
260
367
265
228
527
241
494
298
334
311
271
305
270
391
285
211
246
274
240
305
208
262
385
268
261
287
298
293
303
260
248
306
249
486
266
266
208
195
277
340
305
295
314
218
281
317
328
298
257
283
345
286
197
567
331
280
243
309
464
331
409
274
291
230
244
450
490
685
246
574
367
305
308
260
255
247
418
259
354
302
351
364
274
241
349
274
320
221
272
281
320
297
261
260
303
253
279
326
282
347
227
1046
254
352
434
483
247
274
269
423
486
222
252
310
302
247
495
225
244
271
310
253
236
275
295
248
446
250
311
204
288
458
270
263
279
269
444
242
252
293
448
272
275
256
372
259
368
587
201
475
327
514
201
292
402
251
275
248
341
266
303
231
260
337
301
302
310
315
244
183
354
252
260
249
276
618
531
236
205
205
323
279
275
263
302
247
322
404
348
284
237
259
646
243
158
319
419
241
209
288
259
279
256
279
246
426
271
531
425
255
247
393
261
522
492
259
294
294
226
326
276
325
283
233
256
484
314
263
444
404
470
373
289
279
284
339
292
296
314
379
355
205
292
337
281
264
237
315
282
344
334
269
280
251
264
259
317
263
260
335
282
496
276
245
276
307
351
302
310
278
424
281
314
224
241
222
253
296
531
245
262
1218
530
257
269
354
274
240
290
244
515
250
231
387
425
263
267
256
587
298
330
276
354
517
262
198
248
308
592
258
252
180
355
293
307
447
129
271
286
275
331
238
233
260
462
232
476
474
411
343
245
259
258
256
268
259
256
328
260
393
307
250
242
265
259
270
338
324
314
289
216
332
289
292
323
288
465
462
332
226
401
327
350
503
360
274
124
305
265
288
317
244
589
337
371
307
238
402
277
512
504
303
238
244
268
350
327
235
290
306
286
221
154
220
598
398
265
225
290
404
1177
192
464
229
189
280
251
229
235
279
319
230
431
279
350
187
227
496
227
357
413
408
265
240
381
264
229
266
219
310
633
264
215
270
247
294
303
251
328
284
658
252
524
193
243
496
345
206
191
269
261
204
496
259
311
310
337
280
351
302
257
211
252
230
314
314
461
276
266
256
355
265
433
243
232
292
243
289
273
568
315
237
249
288
197
251
240
254
296
527
293
278
229
196
252
349
245
324
462
254
601
561
282
266
256
499
266
268
282
308
269
274
348
297
323
253
179
264
265
273
303
284
316
253
280
241
218
450
261
286
247
281
197
475
345
277
362
469
238
202
297
338
231
216
376
244
281
272
253
361
253
381
259
271
227
320
344
473
181
255
271
235
321
249
554
493
404
215
309
276
430
245
265
286
223
496
295
239
319
496
646
244
295
335
453
171
358
285
315
294
404
338
282
205
572
221
306
214
254
292
734
307
232
245
527
274
241
241
246
648
286
194
219
284
480
530
262
225
282
308
289
252
273
270
242
278
330
282
484
261
246
218
357
236
733
242
399
273
281
241
299
255
238
280
453
238
273
296
280
271
271
324
305
327
310
494
309
306
353
316
349
524
391
309
292
258
286
300
205
297
242
260
247
258
570
282
544
268
397
342
265
253
298
291
465
333
311
172
246
258
190
290
197
298
466
575
232
496
446
640
224
171
260
295
249
283
259
242
303
292
320
454
314
237
361
179
257
482
406
272
291
288
253
238
366
325
301
238
253
288
178
343
221
209
222
247
302
245
197
231
655
272
239
261
233
246
298
261
642
246
254
224
265
262
254
330
317
168
314
327
489
223
251
325
320
270
267
321
284
263
300
338
465
410
361
269
422
239
463
496
269
288
259
278
227
355
236
627
283
422
359
217
242
286
204
496
350
676
444
269
198
366
245
240
367
260
512
424
360
891
559
238
287
346
242
225
262
220
260
314
545
380
509
261
237
270
323
332
389
261
293
287
264
243
335
274
279
284
259
218
226
226
615
213
316
224
472
212
274
319
301
463
307
253
275
427
205
337
330
209
468
482
311
289
307
287
242
308
298
277
225
248
274
337
322
225
250
267
286
380
323
239
337
299
211
287
239
315
260
278
411
277
225
240
185
234
332
277
168
812
971
288
269
268
285
218
358
652
244
240
382
609
481
244
229
296
288
291
307
187
217
203
277
219
228
236
317
194
428
255
274
255
283
814
289
246
250
258
322
223
249
351
354
294
362
241
270
233
247
1029
312
781
237
272
332
308
266
231
270
223
565
300
213
314
160
257
524
866
231
325
340
239
289
247
278
288
351
261
295
496
285
536
153
272
311
361
230
257
436
274
441
273
285
234
251
214
219
248
260
132
353
150
264
288
482
277
262
234
276
238
439
335
242
264
332
393
333
262
281
405
227
231
320
496
271
286
594
337
279
265
510
258
323
325
380
254
360
326
242
242
306
238
236
251
248
293
300
299
225
191
496
129
297
246
274
212
264
365
256
252
250
284
302
243
292
281
292
365
256
258
298
303
212
336
306
272
440
238
273
306
193
516
378
209
274
330
380
570
263
299
259
197
208
308
174
226
353
300
211
289
255
235
237
269
239
228
308
238
315
124
234
368
714
347
229
379
1518
239
308
284
1111
718
253
209
253
180
224
313
282
291
350
246
248
305
490
250
283
214
228
248
183
505
443
154
247
224
290
374
1379
241
410
249
339
262
270
271
257
269
283
231
237
278
295
267
186
550
582
283
300
325
261
604
284
236
298
258
243
374
460
411
561
258
206
198
291
196
235
418
271
176
496
306
205
220
173
319
252
318
234
807
318
213
324
515
266
230
305
465
471
219
223
395
285
201
1512
221
285
284
274
268
363
260
342
310
311
239
560
496
515
261
231
291
248
276
380
300
249
254
203
496
148
296
213
325
329
248
302
250
202
257
257
243
187
299
250
347
291
174
164
262
271
370
362
290
281
287
189
291
280
256
503
279
386
289
312
234
294
523
258
224
803
309
247
264
223
207
245
314
248
214
288
436
274
153
245
261
278
348
282
250
279
186
350
326
466
307
220
241
501
269
496
228
274
310
282
334
271
222
280
303
244
217
363
264
232
275
382
249
235
238
466
222
280
303
200
242
563
280
334
342
216
261
317
272
242
279
496
307
160
177
394
245
256
259
496
381
253
622
215
244
294
220
505
239
257
386
248
240
262
228
212
328
249
228
292
322
272
249
250
251
261
279
376
290
349
211
240
201
206
227
246
242
225
384
271
267
301
255
362
324
315
211
282
336
290
284
237
250
356
445
271
292
496
479
255
275
418
1929
201
327
317
311
190
346
245
262
228
200
320
215
293
255
315
264
242
286
240
324
518
220
354
248
251
179
445
390
223
258
234
220
334
188
283
318
254
390
254
292
265
330
273
263
434
371
561
136
189
448
496
250
365
203
191
530
267
228
463
240
218
282
319
250
296
271
247
224
220
125
244
261
391
282
748
233
281
257
233
208
278
260
228
1938
334
229
278
277
375
230
261
327
194
217
239
234
260
323
316
193
277
498
224
320
303
310
348
293
218
375
190
245
178
301
269
301
202
260
172
268
207
281
335
496
252
278
250
260
232
237
267
206
207
662
195
434
232
288
194
236
250
256
142
315
496
237
255
210
209
244
278
431
297
243
218
280
230
513
134
496
228
270
337
575
243
257
177
337
688
273
204
161
225
203
310
272
232
221
275
258
265
268
259
207
468
280
297
256
204
303
288
217
237
568
236
260
260
394
244
277
425
214
254
344
316
260
255
271
305
303
229
281
411
284
331
217
190
270
354
248
358
532
254
328
247
275
280
233
246
496
234
191
336
273
260
496
283
503
190
286
220
185
273
242
257
243
235
266
446
301
193
299
438
201
192
496
284
287
151
465
313
256
275
200
225
264
496
140
359
289
184
135
243
205
295
200
267
214
204
256
192
428
413
496
248
291
326
210
350
262
207
289
331
210
186
304
220
236
265
356
529
206
496
296
215
496
546
315
250
221
191
295
543
327
299
269
297
1044
338
241
271
272
210
499
301
201
248
362
234
461
325
283
209
314
285
155
306
271
535
231
370
249
332
248
1512
496
510
228
236
230
214
269
298
322
181
496
249
225
280
245
180
300
313
197
275
243
308
284
170
260
247
309
266
587
360
241
336
308
212
248
272
240
304
298
265
281
296
224
229
356
259
217
245
233
218
208
202
189
222
496
496
274
272
289
230
229
243
152
235
257
313
259
138
311
270
224
287
202
298
488
269
395
775
325
264
331
353
262
200
278
246
576
290
302
139
270
281
496
198
206
124
180
247
306
194
272
249
256
250
311
496
300
271
291
266
229
233
328
268
212
499
519
255
501
250
253
232
243
207
248
649
254
222
125
252
648
156
385
247
201
298
373
285
214
285
274
260
297
299
237
278
198
241
350
155
222
240
331
255
267
387
193
247
141
298
256
241
234
242
310
285
279
496
199
248
127
233
252
350
156
270
204
262
186
350
255
402
315
398
254
245
253
197
303
197
281
260
232
496
254
242
320
228
306
256
289
304
309
543
263
245
230
234
214
208
580
206
280
321
391
253
224
467
222
292
287
257
220
261
269
246
281
197
533
360
185
253
266
315
282
274
199
308
354
179
295
251
474
294
249
254
240
238
387
186
257
223
184
496
240
210
190
288
350
235
330
402
275
234
282
275
385
298
184
298
256
205
265
199
496
259
259
192
482
335
241
224
186
291
255
315
261
329
243
301
230
354
228
224
232
196
203
256
316
158
298
269
289
626
496
173
312
348
293
175
236
331
236
247
446
212
484
459
317
290
298
496
268
214
312
241
175
312
195
217
272
208
332
293
1032
231
243
135
375
244
134
241
748
299
221
301
269
256
295
375
299
245
473
194
285
235
239
277
287
270
249
295
286
236
222
127
220
174
359
230
222
126
296
468
220
202
242
238
221
219
341
204
245
204
177
330
864
257
168
233
306
282
380
175
242
348
251
194
293
204
266
261
291
364
190
317
176
214
174
401
496
174
496
519
336
407
180
229
424
173
197
254
133
224
345
247
247
267
215
283
210
320
218
248
240
256
206
303
310
270
278
209
500
275
244
233
199
634
218
264
239
208
232
338
282
241
284
496
271
188
209
201
157
293
299
235
195
596
134
382
496
199
249
275
240
232
213
323
321
208
274
145
252
195
209
304
144
222
496
324
253
284
220
220
463
267
280
201
650
240
180
311
247
667
241
338
307
281
316
277
444
236
177
270
201
216
306
697
217
242
238
577
253
230
283
309
251
393
921
280
496
227
219
162
186
282
229
194
284
228
218
265
284
286
267
496
221
172
212
298
273
283
286
130
291
294
238
315
174
255
316
297
190
226
344
234
496
248
229
240
496
250
187
245
219
496
235
493
290
285
277
222
263
216
218
207
389
204
305
255
282
154
165
708
471
228
323
256
258
250
128
261
273
230
226
217
296
246
496
275
310
274
245
359
891
238
271
284
279
151
342
321
293
263
206
351
441
316
219
224
239
221
191
265
306
272
218
164
285
306
227
144
314
253
124
255
258
388
305
208
240
170
459
175
249
255
202
249
205
231
285
265
291
310
243
162
357
253
151
268
150
304
197
210
290
282
260
157
247
259
235
260
198
140
243
496
298
179
240
291
365
328
372
271
206
250
258
290
249
267
980
332
808
179
239
247
292
258
294
236
172
409
248
277
475
261
248
218
353
129
163
289
211
584
268
185
133
263
390
236
496
176
207
215
554
240
196
496
220
401
255
232
157
237
310
227
214
248
243
153
276
330
243
167
259
199
493
266
469
585
205
244
261
223
154
228
255
295
496
496
228
211
291
266
248
478
199
236
244
325
1407
185
255
261
291
260
276
295
225
224
291
136
191
200
243
269
296
494
298
209
312
328
496
129
351
420
508
283
275
310
258
310
158
496
496
276
140
231
336
203
224
266
252
225
262
215
484
210
246
496
203
256
321
221
173
270
258
213
134
185
496
250
254
169
163
211
433
274
184
263
173
312
180
297
496
200
221
161
264
568
213
204
185
496
496
181
226
270
223
253
283
227
193
496
300
267
204
245
496
219
508
195
334
240
205
190
207
139
238
249
246
204
256
187
257
207
170
164
287
255
252
232
230
245
190
241
226
483
186
364
127
257
496
222
207
205
270
287
280
496
255
248
251
263
229
431
496
234
287
218
357
194
279
394
282
176
537
553
255
496
313
251
204
441
303
171
332
176
185
480
496
182
496
496
458
242
251
307
496
222
319
219
305
445
249
252
432
496
295
211
496
232
254
249
219
239
257
188
467
218
520
306
437
191
332
244
496
240
203
321
496
305
277
210
186
256
445
213
496
295
171
236
269
268
242
315
168
268
288
233
125
192
203
496
496
162
176
233
326
199
279
265
545
786
286
322
390
326
255
240
182
206
281
346
496
152
281
188
281
245
124
239
290
133
202
221
213
326
164
143
246
222
234
254
235
214
496
221
197
246
496
496
231
318
309
270
461
249
174
748
287
274
238
496
294
213
496
670
302
305
252
353
274
256
245
323
276
231
261
219
496
280
134
234
282
432
511
458
199
496
141
215
232
227
231
247
137
206
238
231
290
351
248
262
275
508
272
340
194
496
276
257
383
475
328
496
275
269
801
183
261
258
173
216
496
371
257
132
498
496
171
496
252
262
208
251
192
214
133
195
496
311
352
192
343
189
258
235
638
284
230
245
260
807
182
240
262
286
234
407
708
158
182
496
203
198
285
496
196
132
1239
151
207
281
282
185
330
301
252
451
290
311
252
126
209
343
198
314
193
193
180
239
213
496
276
496
221
134
271
282
256
496
228
801
286
247
208
292
300
400
210
209
402
258
187
158
221
620
124
439
240
180
273
268
196
496
496
242
195
496
494
153
238
231
215
277
274
124
496
293
201
411
258
209
377
173
183
213
241
250
592
254
310
180
573
496
314
425
496
269
818
496
230
233
153
252
235
250
349
496
161
296
496
255
864
128
479
496
261
129
235
389
134
235
496
171
194
125
337
296
210
272
238
294
274
1353
257
258
496
279
468
312
194
253
237
312
317
148
286
289
175
305
124
328
496
195
281
274
201
496
254
459
177
259
166
313
160
268
585
185
260
182
279
219
276
181
496
255
354
200
415
228
265
198
266
447
134
496
138
229
184
143
282
163
239
195
302
128
157
265
186
311
242
131
198
155
488
310
228
307
166
192
151
496
181
302
220
202
221
548
261
203
803
230
246
496
391
300
247
207
372
1069
230
199
211
983
232
233
238
177
271
215
496
298
180
273
496
219
1036
562
496
269
277
248
224
140
234
294
263
244
280
243
584
240
301
208
496
269
229
221
189
262
237
236
186
213
207
356
496
221
244
234
197
257
209
247
289
275
200
196
496
214
199
270
258
198
263
268
398
176
247
312
247
496
186
284
210
262
191
400
496
219
496
125
478
249
245
214
239
174
308
209
289
382
849
461
248
295
288
222
245
192
264
510
221
711
184
243
306
380
152
292
157
496
277
268
127
148
284
326
194
221
331
249
145
272
235
205
195
218
240
273
282
398
220
244
496
199
227
293
176
891
248
496
199
261
531
252
333
243
249
257
171
247
133
496
218
251
299
234
151
164
524
496
688
281
344
271
188
330
238
287
496
315
351
496
325
127
263
496
491
445
175
496
496
138
201
496
124
385
285
273
181
398
241
198
251
496
288
212
216
291
496
202
158
209
230
231
411
196
272
220
363
276
432
349
495
338
277
496
241
241
496
216
168
262
229
178
238
279
267
266
208
372
375
496
173
496
486
214
183
229
357
235
164
467
496
236
185
593
146
246
296
197
412
182
153
253
224
189
139
287
199
223
230
259
237
224
317
218
251
279
228
260
165
170
217
278
138
204
137
253
133
295
227
192
327
690
149
256
496
496
154
164
1338
231
303
323
173
202
217
162
177
496
234
151
124
331
272
196
257
237
496
512
194
180
157
189
240
171
226
207
496
340
584
329
261
137
242
216
261
267
221
496
368
223
281
267
271
165
470
255
307
233
345
279
292
155
171
124
496
246
140
189
225
126
210
260
188
193
262
171
253
194
217
268
206
496
336
441
212
496
260
202
244
307
248
172
396
587
388
496
508
330
251
247
496
190
658
279
212
240
125
293
309
278
235
288
219
247
234
300
351
245
203
290
649
496
261
188
250
223
233
199
195
208
247
260
294
279
218
496
238
265
201
430
188
189
247
318
179
201
247
206
224
496
283
249
179
583
329
256
238
245
294
220
229
255
317
238
254
202
298
201
315
272
150
288
223
496
259
733
496
496
180
188
496
192
235
496
496
232
496
2184
301
181
245
196
560
496
176
271
226
496
193
186
190
211
322
311
247
387
180
182
207
320
259
241
496
778
496
285
168
232
203
322
285
258
215
162
496
245
210
213
866
158
309
215
170
127
357
496
196
464
496
279
496
176
156
161
535
259
226
232
496
342
249
297
245
153
237
243
249
496
496
164
261
297
139
496
252
445
218
496
217
496
496
254
191
496
254
388
313
125
496
203
496
253
496
216
275
329
496
277
284
226
496
200
242
152
242
435
158
274
582
219
544
292
206
302
550
363
222
173
175
283
253
268
129
218
201
294
162
179
496
496
496
198
496
496
247
413
207
496
233
187
327
496
496
148
496
277
185
392
287
496
227
588
218
496
181
179
297
496
229
334
448
303
247
282
141
392
293
496
220
2872
233
496
200
378
155
326
327
249
473
258
218
233
244
126
496
496
496
251
496
268
496
239
205
496
496
247
346
188
192
164
177
188
126
496
199
317
228
224
306
243
141
251
162
159
212
208
223
219
247
616
176
278
177
496
248
334
141
669
216
327
496
240
146
202
297
321
177
317
154
482
373
177
204
302
291
137
142
164
166
496
220
247
313
265
496
496
496
265
257
246
212
286
269
190
465
243
287
496
496
291
818
139
496
507
124
496
496
496
307
496
169
240
215
496
219
140
199
222
297
202
345
319
176
496
496
496
470
219
496
257
301
262
226
496
272
496
124
326
805
496
496
496
296
126
496
496
266
127
243
246
313
138
645
216
496
496
256
249
417
271
248
135
294
254
496
188
194
1407
181
254
220
496
193
263
270
246
319
253
250
410
496
227
202
178
157
158
296
178
496
423
184
266
213
214
172
240
496
259
151
496
314
183
246
496
282
496
238
315
149
496
157
433
496
265
239
386
223
496
315
151
243
496
242
211
251
221
564
207
466
213
266
256
248
496
149
220
279
271
496
253
2525
227
218
405
496
444
207
403
318
253
282
481
168
496
124
278
201
286
220
140
207
496
203
210
496
265
496
507
496
307
496
387
324
190
174
496
383
166
304
271
151
496
361
162
163
247
180
124
141
254
496
496
496
238
496
132
262
293
210
496
163
496
138
451
372
445
191
496
247
237
172
496
250
241
496
264
207
496
206
548
233
211
496
233
236
496
496
272
496
158
245
199
187
187
496
304
308
496
193
141
441
146
382
555
246
138
190
191
224
496
496
250
131
496
247
423
199
424
490
496
124
496
182
133
152
496
496
259
496
274
206
254
129
141
162
162
248
496
235
208
128
496
148
496
247
496
176
139
496
472
236
308
259
263
286
255
496
220
162
147
279
496
196
234
496
208
196
191
128
161
236
2872
241
200
504
311
496
203
255
544
496
221
244
276
194
229
241
191
185
228
169
496
494
2872
254
343
253
496
182
496
171
264
200
142
496
250
496
261
224
195
187
236
224
367
177
183
201
496
496
266
298
240
496
457
333
125
231
496
496
408
303
294
496
172
195
143
178
206
1826
265
245
286
226
320
175
229
496
253
248
156
496
271
247
496
281
473
224
496
202
496
269
262
236
223
496
496
496
358
556
496
496
247
496
255
496
574
486
221
128
284
260
131
196
496
496
187
206
126
124
185
496
280
245
211
520
496
358
496
496
496
496
496
496
255
207
289
170
496
191
286
747
625
496
661
261
228
496
237
289
442
496
496
496
244
238
245
167
496
238
291
496
200
496
280
200
230
224
157
263
142
211
650
154
410
322
177
137
608
496
274
496
250
235
203
163
280
526
168
496
221
278
496
246
472
218
205
271
146
128
174
501
371
195
496
221
263
221
177
278
496
130
496
333
179
247
298
496
496
132
188
312
292
207
210
287
496
237
162
496
266
242
172
181
188
242
496
220
496
229
496
211
152
496
162
255
144
371
496
183
496
294
177
496
496
496
164
173
274
496
496
244
469
233
496
198
165
246
215
291
184
222
252
208
496
168
189
272
496
506
305
442
245
496
287
496
181
154
335
153
224
163
124
496
347
199
287
496
496
210
130
155
206
496
166
283
271
193
244
202
331
153
496
144
199
189
1003
200
375
250
180
496
248
496
173
261
295
159
246
240
334
287
496
218
496
137
496
205
239
496
220
496
466
128
496
180
253
282
143
222
496
496
341
496
226
141
469
255
1494
265
161
182
216
755
350
242
225
496
306
252
198
237
289
288
157
211
231
496
374
496
496
146
697
274
171
230
237
179
496
270
496
471
294
140
496
278
188
496
129
496
496
496
246
240
496
220
252
265
496
276
124
286
146
238
496
182
160
156
308
496
257
168
496
135
496
220
169
234
232
287
195
496
308
496
496
496
192
496
251
496
220
363
496
161
181
496
262
496
496
231
286
145
195
230
187
182
263
225
496
234
124
168
496
496
223
276
261
219
204
221
291
218
154
325
246
496
174
291
696
214
277
496
231
496
626
496
496
495
523
312
146
688
1379
139
188
496
218
271
283
296
197
199
293
496
275
496
241
258
153
217
297
323
125
496
496
211
180
130
259
496
588
186
241
496
218
496
496
496
131
332
245
234
143
130
496
253
247
202
496
496
166
198
496
260
236
496
212
496
165
496
246
280
124
281
206
208
496
196
496
496
172
266
496
496
162
204
124
496
308
496
155
401
496
496
496
202
496
140
496
255
461
247
207
432
124
231
496
496
243
307
496
288
253
244
156
436
243
176
178
164
496
293
148
835
215
131
332
261
262
254
302
208
213
496
256
190
496
496
257
496
243
206
496
496
192
215
218
496
211
496
258
325
303
181
126
496
587
323
141
159
496
283
496
496
182
280
233
315
496
231
238
496
496
383
170
496
496
496
260
496
172
496
496
295
496
496
459
249
496
496
127
163
263
193
400
217
409
285
496
317
246
158
170
162
370
133
307
291
387
238
275
496
260
235
208
124
192
203
496
496
246
151
226
253
496
191
220
195
496
496
496
516
195
543
496
247
496
496
164
188
496
194
206
207
496
194
496
496
551
169
270
496
129
174
282
203
340
496
741
295
199
128
496
496
215
336
154
471
285
321
229
299
496
256
496
496
254
496
129
251
268
235
185
148
238
496
177
619
215
205
496
496
496
342
140
496
496
496
202
203
496
268
284
155
496
252
496
496
243
269
272
201
496
133
184
496
496
284
249
205
257
253
246
242
333
496
496
496
496
258
165
496
496
496
232
496
496
354
496
496
456
231
210
496
205
202
167
201
156
496
496
158
678
240
496
201
221
164
213
315
496
263
496
243
496
231
2872
496
233
246
237
496
231
141
124
248
289
496
327
200
217
229
496
496
247
496
496
199
168
247
549
332
221
311
127
225
496
356
160
169
148
496
496
496
276
213
320
217
178
196
496
245
240
256
264
496
496
496
271
496
496
209
496
263
295
203
496
223
155
309
496
292
151
219
240
269
132
243
264
496
516
496
218
269
158
218
199
187
496
247
206
497
226
496
136
496
308
340
393
135
496
304
496
249
268
582
262
197
241
154
496
201
257
496
496
124
235
238
183
213
155
135
496
604
219
241
496
233
217
233
893
496
253
496
569
496
274
302
496
496
496
253
263
200
496
235
496
262
200
232
496
224
200
496
150
223
496
236
130
250
496
290
496
197
327
303
217
205
496
210
219
125
231
496
220
149
248
189
134
242
124
496
496
496
496
496
210
183
496
225
230
156
224
345
496
496
209
191
496
255
927
245
234
297
496
129
214
243
496
152
234
264
167
496
339
496
124
584
147
496
191
496
295
191
199
217
496
323
142
496
239
441
356
225
154
218
282
178
138
244
496
224
152
242
574
496
133
496
255
496
183
496
496
496
496
496
496
496
496
190
496
194
496
301
496
177
413
148
200
194
261
231
496
285
496
215
473
124
496
132
220
135
211
132
496
189
300
303
496
228
496
496
336
241
188
296
662
293
246
322
171
220
496
221
175
179
496
496
239
496
496
231
144
496
140
496
296
496
341
182
496
208
496
496
306
126
207
167
496
136
318
496
496
496
496
255
496
144
245
496
496
320
249
496
493
124
219
157
496
210
251
496
496
496
486
255
336
496
182
496
243
232
273
496
496
496
235
134
194
200
124
224
139
496
496
205
511
496
496
215
129
496
531
496
265
496
870
200
496
496
311
496
496
204
496
496
242
496
247
556
496
224
238
301
496
239
496
172
496
496
461
291
149
223
186
249
496
496
152
496
236
496
148
751
496
251
256
135
193
496
524
311
496
496
223
220
248
582
496
182
496
434
496
496
496
496
226
258
246
216
309
336
496
259
496
186
244
195
243
215
181
496
499
496
496
496
496
137
496
264
272
180
150
496
496
124
139
496
496
496
178
124
383
496
187
202
246
528
171
496
160
427
496
175
479
198
291
496
243
147
168
496
496
496
213
196
193
244
231
218
201
237
272
172
183
496
534
496
496
496
124
492
496
584
543
496
165
247
496
412
231
496
496
496
147
496
1392
496
125
215
305
496
496
238
189
184
496
496
496
496
281
496
496
145
529
496
124
496
496
280
465
236
496
142
138
320
167
496
258
223
276
140
496
252
309
312
232
264
496
195
345
496
496
207
496
496
206
631
496
496
496
243
272
294
257
496
200
186
262
297
206
239
496
125
247
284
496
496
359
496
271
496
498
267
496
247
192
496
339
146
236
496
496
171
496
496
205
496
202
496
496
126
496
496
233
234
496
149
496
496
496
496
184
523
496
496
124
249
496
259
245
220
517
496
535
182
435
496
496
496
496
372
496
124
135
496
496
145
211
241
496
247
183
257
226
496
156
274
496
496
169
174
496
147
496
125
496
496
496
496
357
142
496
496
182
129
496
256
235
496
193
496
157
220
496
496
173
292
496
496
407
151
496
125
496
496
255
496
124
226
163
206
262
175
496
496
449
496
300
496
196
235
496
496
272
496
180
496
124
496
496
496
496
126
350
202
260
206
218
240
496
125
496
496
256
496
204
691
496
496
488
169
1188
124
496
496
496
496
496
251
374
566
496
196
496
496
158
302
430
426
256
200
496
496
496
496
496
228
249
435
496
496
212
221
496
496
222
216
364
496
260
496
132
290
202
496
303
510
496
496
338
343
453
247
496
496
496
496
496
124
399
268
496
124
496
496
210
496
496
284
245
152
496
496
124
142
135
496
204
241
129
496
496
496
496
496
174
184
274
496
496
496
252
496
313
185
233
496
496
143
496
221
496
496
514
358
496
496
525
207
170
182
496
496
241
232
251
401
496
496
279
259
496
496
292
496
128
496
166
496
336
144
232
252
275
155
496
171
496
496
234
272
329
496
240
207
147
378
319
302
496
496
150
206
223
177
382
496
292
496
507
227
315
203
205
496
496
496
146
496
634
496
287
496
248
357
496
496
162
496
496
146
496
496
148
235
244
496
496
261
496
496
496
328
349
200
241
496
186
138
180
215
234
442
496
463
496
496
258
161
196
274
519
496
265
278
226
496
496
496
496
496
465
496
179
202
329
445
161
496
496
246
187
496
437
496
496
496
496
496
496
496
248
244
496
496
508
183
201
246
496
273
136
496
496
496
496
194
130
496
192
496
126
496
496
301
203
496
181
496
496
217
256
217
150
129
496
496
357
496
148
184
146
174
496
257
189
263
260
496
245
496
251
144
210
295
273
496
203
225
496
137
151
496
538
147
496
496
126
267
496
127
496
496
496
496
233
496
496
496
496
496
169
150
206
496
496
496
496
496
496
496
496
496
496
496
231
241
124
280
496
184
369
247
496
245
292
496
496
496
178
629
496
496
244
247
496
174
587
242
170
496
496
315
124
522
221
1177
496
298
496
496
286
509
235
199
155
136
496
157
231
231
251
496
243
496
496
157
195
453
125
242
178
183
496
262
496
161
134
496
496
196
230
233
496
496
223
496
236
458
197
162
496
251
257
496
496
270
180
241
496
275
234
496
496
224
496
227
302
496
496
293
496
247
496
257
496
496
226
496
207
196
496
496
202
218
150
496
496
496
741
353
146
158
178
496
496
496
445
141
496
196
172
496
496
496
160
160
276
496
368
436
214
496
496
454
159
496
496
210
496
222
281
271
496
140
272
496
496
496
236
149
172
248
496
186
496
496
158
141
496
248
181
496
473
397
352
155
187
212
242
436
159
222
214
496
241
223
246
496
208
496
248
465
222
223
496
496
496
136
496
276
496
306
496
241
496
496
496
186
496
216
496
496
166
496
496
262
496
748
496
496
240
591
265
212
152
206
389
496
496
199
367
496
285
496
372
496
496
496
496
496
294
128
496
496
224
138
221
496
530
496
206
244
496
162
496
496
169
307
189
496
405
496
496
207
496
284
496
496
496
496
233
214
200
496
128
496
249
238
496
496
225
587
496
125
136
496
217
496
272
496
496
277
188
147
496
189
496
496
149
174
338
274
496
128
157
496
177
496
294
231
159
496
228
225
174
496
180
496
496
145
496
310
168
496
496
496
496
169
496
496
496
496
161
331
496
125
268
496
496
496
496
283
250
496
148
496
316
178
496
496
251
282
259
496
204
496
496
496
1005
194
496
496
496
127
496
496
158
496
181
200
496
134
496
206
315
213
221
496
266
496
272
496
496
235
242
151
159
295
496
218
262
130
496
496
222
496
124
1353
496
496
496
209
496
177
145
496
184
198
217
324
131
496
496
496
496
496
150
496
216
496
496
144
496
213
496
207
208
496
140
267
496
515
130
218
592
349
496
158
265
496
152
388
496
170
157
261
496
177
496
269
496
138
230
172
495
496
247
183
201
496
496
154
196
124
216
496
496
496
197
496
496
180
444
163
167
154
173
496
179
261
145
496
496
496
188
128
127
496
259
205
158
496
496
263
496
496
496
250
496
496
263
213
496
496
248
255
285
496
496
333
496
230
496
179
496
496
496
496
496
496
182
496
199
349
152
496
166
496
185
594
130
496
496
168
496
208
496
496
278
235
496
288
496
416
496
496
496
235
496
496
221
496
242
251
496
229
192
496
125
299
206
258
496
496
138
496
247
496
151
496
496
496
496
268
496
248
182
496
211
496
496
496
209
496
225
124
496
543
496
346
496
496
496
381
227
496
157
496
249
309
496
228
243
496
496
496
496
496
262
246
496
138
352
166
193
496
239
601
212
496
248
496
496
185
496
161
210
496
496
496
496
658
496
140
496
496
496
496
188
496
496
124
496
496
496
209
268
496
496
496
534
247
496
496
496
496
496
496
496
322
496
228
496
488
209
133
127
496
171
132
496
496
496
251
145
496
175
344
220
496
385
496
133
496
496
496
203
496
496
197
166
251
496
496
346
496
496
496
128
249
496
496
496
496
253
496
496
249
496
496
496
149
274
126
163
328
152
496
252
244
496
219
496
179
496
177
252
699
309
832
496
184
160
496
281
496
496
2158
496
496
496
496
496
201
496
127
496
980
494
496
496
496
276
496
496
496
496
291
496
272
185
496
496
496
133
197
496
496
239
496
496
133
496
130
192
155
496
496
142
216
496
135
496
181
270
496
496
496
496
496
312
496
202
158
496
124
496
155
210
496
496
496
496
496
370
496
170
276
496
339
496
496
496
496
208
167
589
496
496
247
496
496
496
496
357
496
496
496
496
496
195
496
224
496
496
145
496
496
496
201
257
496
496
496
496
275
150
496
220
292
496
496
496
496
246
496
496
496
496
191
496
496
496
241
197
753
124
496
270
496
229
145
260
125
496
277
496
496
212
217
221
205
496
212
204
254
496
255
164
496
496
145
496
186
148
155
443
275
137
150
496
347
524
496
496
366
496
496
251
153
496
496
325
238
219
496
496
496
496
257
176
496
181
496
264
496
242
496
496
496
386
496
156
496
496
496
192
263
496
496
496
496
496
226
496
195
496
238
496
496
496
496
496
496
496
496
144
252
496
496
496
124
496
169
211
209
496
496
130
250
220
496
250
208
496
140
132
496
133
156
246
496
274
222
496
174
496
594
130
496
143
144
226
496
338
167
496
496
496
251
578
496
496
509
129
496
222
496
496
324
152
496
270
496
496
307
284
133
496
496
496
212
496
643
124
496
396
255
496
301
496
209
496
215
175
138
496
177
283
496
219
268
496
496
184
206
254
496
496
496
230
237
496
496
516
496
496
496
496
149
430
496
496
222
323
496
496
658
496
496
312
496
496
299
496
496
496
496
472
554
496
224
496
496
496
496
300
496
200
496
171
218
467
499
167
496
496
496
299
214
496
230
260
182
496
496
496
241
265
188
273
496
496
496
496
496
187
965
139
496
496
190
169
257
496
496
496
496
496
146
149
496
496
496
496
163
496
226
496
496
496
496
256
496
496
161
277
496
496
496
496
219
496
376
496
496
496
496
293
496
496
546
496
496
496
165
177
496
496
496
496
496
157
173
210
283
496
496
386
496
496
133
166
144
129
496
496
496
496
314
544
496
221
254
143
496
496
129
496
496
202
496
496
124
141
312
496
145
496
496
162
496
496
190
1002
496
496
301
496
175
169
184
448
496
231
218
146
496
442
264
156
274
496
496
496
188
225
496
198
215
153
496
203
161
496
496
496
150
207
496
483
257
496
125
496
251
143
213
496
124
161
138
129
496
174
496
496
496
496
244
272
158
266
496
496
544
496
496
172
496
496
496
496
496
129
496
496
191
496
496
496
714
496
496
496
157
496
496
347
496
206
496
496
496
224
496
496
496
496
212
225
496
496
214
200
496
496
496
124
496
496
220
496
270
496
496
496
496
496
496
154
496
496
496
496
496
243
184
152
138
496
496
496
194
496
496
496
173
496
169
496
496
132
496
215
496
202
496
288
496
496
496
206
139
496
496
206
496
496
496
496
496
271
496
496
496
496
329
496
281
496
496
222
496
130
496
238
496
496
496
161
496
272
271
186
496
325
496
206
496
224
496
496
496
496
496
496
238
171
496
496
144
496
1808
496
210
496
313
496
496
496
496
202
496
597
204
155
496
199
229
496
496
128
238
496
135
496
496
124
139
496
496
496
124
496
151
496
496
496
130
496
496
140
158
291
145
496
243
140
496
496
496
496
336
496
496
496
496
185
723
496
170
496
496
496
167
169
496
392
496
496
496
154
256
496
382
496
496
248
496
124
496
127
242
199
496
191
307
496
245
214
233
496
496
496
496
496
372
187
265
271
496
496
353
328
496
496
496
477
124
496
496
496
143
178
496
185
496
301
496
198
496
496
496
496
496
496
496
496
496
496
496
496
496
496
496
496
496
496
208
496
198
366
259
496
254
496
496
405
496
496
496
488
496
496
496
496
124
496
496
496
496
160
286
496
496
496
130
496
198
496
269
243
496
182
490
496
496
496
496
496
496
245
192
496
496
285
130
155
496
496
496
255
213
496
241
134
496
246
496
496
496
496
496
496
496
496
232
496
496
484
496
496
482
233
174
173
496
496
272
496
496
213
496
496
213
496
496
496
496
496
496
496
496
496
496
496
496
496
496
496
496
496
496
496
218
496
649
260
1407
212
496
496
496
496
496
496
496
209
136
258
496
496
310
496
221
193
496
496
129
496
638
496
218
496
496
275
496
433
496
496
496
145
260
170
496
147
496
496
174
158
496
150
496
331
329
496
496
339
496
496
136
181
496
242
496
496
496
496
250
496
496
496
496
219
496
124
496
496
496
448
496
496
310
496
496
496
496
496
496
128
496
155
751
496
208
144
283
496
496
496
496
496
496
256
496
496
496
186
215
496
496
496
150
496
481
248
496
496
496
202
496
200
496
316
141
202
278
496
496
135
496
496
496
173
496
496
271
247
496
496
515
221
496
126
198
496
496
496
277
496
496
496
496
415
126
496
496
496
496
662
496
268
496
124
496
330
496
496
234
165
496
496
191
496
496
496
271
496
496
496
477
496
253
496
496
496
219
496
248
186
496
496
496
185
261
159
496
496
496
226
496
496
496
496
496
124
496
496
271
496
496
496
243
153
496
215
496
496
676
496
496
496
137
206
331
496
496
496
216
211
496
223
237
492
496
128
496
496
247
496
215
496
496
496
124
496
189
496
205
244
496
136
496
344
496
255
496
496
189
496
225
496
496
496
496
185
496
496
496
496
496
496
203
496
496
320
496
496
496
496
496
496
496
496
262
496
496
496
496
496
214
496
496
496
202
496
496
236
496
241
132
496
496
496
333
496
496
496
496
496
496
232
496
496
312
496
496
496
249
496
496
496
496
234
169
199
221
292
409
170
496
1494
165
496
496
138
165
192
496
275
496
496
246
496
496
153
299
496
496
496
248
496
133
496
496
178
496
496
496
496
190
496
496
171
496
259
496
225
496
140
236
496
496
210
197
496
496
496
496
496
496
222
124
126
496
496
496
496
496
496
496
160
496
496
496
496
277
236
215
496
496
496
496
496
289
135
496
177
496
496
496
496
496
496
496
496
496
139
496
496
248
496
496
496
496
199
496
496
496
496
496
496
708
166
496
496
496
496
496
463
496
496
496
496
315
151
496
496
496
186
156
496
496
646
496
496
290
496
496
366
278
286
496
496
199
210
246
496
265
182
496
496
514
496
496
496
162
496
496
496
496
496
129
496
263
496
496
239
496
496
133
131
268
496
496
191
496
496
496
496
161
496
496
496
166
496
1547
511
272
496
496
496
496
496
164
246
496
496
192
496
496
155
499
174
496
496
129
135
126
198
147
496
488
256
171
201
496
496
496
496
496
303
496
496
496
149
134
257
177
496
496
1826
229
496
496
196
226
496
496
496
325
496
496
496
496
496
496
496
496
467
496
496
496
496
496
126
496
496
496
496
402
248
496
179
496
496
496
496
496
496
496
391
242
496
496
496
183
148
496
496
496
496
286
496
148
496
496
496
484
295
496
496
496
124
496
496
496
496
193
496
165
496
496
160
496
496
262
417
496
125
496
496
261
496
496
496
496
287
496
496
496
496
496
496
496
496
496
496
496
496
124
496
496
496
239
496
163
496
283
714
124
496
496
158
282
496
496
496
496
496
328
496
250
496
126
182
351
496
194
496
248
496
496
496
496
496
152
496
130
496
473
439
496
213
496
127
496
496
461
496
496
333
496
496
496
496
249
496
645
496
690
496
163
496
159
496
496
496
496
496
496
496
251
496
496
496
496
496
496
496
496
496
496
496
496
496
496
496
496
496
496
496
496
496
496
496
496
496
496
496
496
224
250
496
496
356
496
250
496
496
496
201
496
496
496
169
496
131
496
496
496
124
496
496
496
496
496
496
496
496
126
496
128
496
496
496
131
496
496
190
496
147
496
496
165
146
496
496
496
496
496
496
130
496
496
177
280
496
496
496
192
124
204
172
404
496
496
496
496
226
496
496
496
496
496
228
496
496
496
496
496
352
496
496
496
496
170
496
195
496
496
269
213
496
496
611
496
280
496
496
248
145
496
496
430
496
496
130
293
496
496
718
173
496
496
157
496
176
496
496
496
496
167
496
496
325
137
295
231
496
496
496
496
496
163
496
367
242
496
496
496
496
496
145
124
496
496
496
496
496
135
233
496
124
496
496
496
172
496
183
496
496
374
496
124
496
496
496
496
496
496
496
496
235
496
496
496
496
496
496
496
255
496
496
199
147
496
496
166
496
496
496
496
496
124
252
496
496
496
496
496
496
496
496
496
281
496
496
496
238
496
465
496
496
496
251
496
496
144
133
496
496
211
496
141
496
496
130
229
496
158
496
496
496
496
496
275
496
496
496
272
157
175
496
496
496
496
496
496
496
496
496
496
496
496
496
496
251
496
496
499
496
265
496
279
153
496
496
496
503
496
496
496
270
496
496
496
192
496
496
496
496
131
496
460
496
496
496
496
496
278
496
198
496
496
316
496
191
496
490
256
496
496
496
496
496
496
496
496
496
137
264
256
247
174
175
496
496
496
2788
470
496
496
496
496
496
496
496
195
496
496
251
496
270
153
349
166
496
496
496
496
150
496
496
496
496
496
496
496
496
255
496
496
496
217
496
496
496
496
189
496
496
496
496
279
496
496
496
496
496
496
496
496
496
496
496
494
299
496
150
496
496
496
172
496
496
496
496
496
496
496
496
496
133
211
306
496
496
222
496
206
496
496
496
200
191
496
496
496
496
496
496
496
496
496
496
496
496
496
496
496
496
496
496
496
496
496
269
232
496
496
496
496
496
328
496
159
227
496
496
496
248
496
132
496
135
310
496
496
496
496
229
496
496
496
156
496
496
496
496
496
496
496
496
466
496
400
496
496
496
496
496
496
137
496
496
496
274
496
496
496
496
147
496
496
496
214
496
496
496
496
191
496
496
496
496
272
129
335
215
496
496
496
146
496
496
496
496
496
496
496
496
189
496
236
150
142
496
496
496
496
496
225
496
496
496
496
166
496
318
245
496
496
496
496
223
496
496
496
496
496
496
496
496
496
274
496
496
496
496
496
496
496
496
496
496
496
496
496
496
276
156
496
496
496
496
496
367
496
496
496
496
496
496
496
496
496
611
496
203
496
496
496
496
496
496
496
496
496
496
203
496
496
496
141
145
226
184
496
496
496
496
496
496
230
210
496
496
496
496
293
496
496
496
496
496
496
496
158
496
496
371
496
496
496
496
202
496
295
187
137
496
496
496
496
496
496
198
496
313
496
748
496
180
277
496
496
132
543
496
188
496
322
496
496
247
138
496
496
516
496
496
496
162
496
496
496
496
189
496
496
496
152
496
496
496
320
496
167
496
496
190
496
443
496
406
496
496
496
496
130
496
124
133
496
496
496
496
225
496
496
496
304
496
496
367
496
496
496
240
162
496
496
496
375
496
496
234
496
496
496
496
496
496
496
136
125
496
176
496
137
496
640
496
496
496
496
496
496
496
496
170
249
129
496
229
496
496
496
496
496
496
496
496
496
496
288
496
496
496
496
496
265
415
496
496
496
496
496
496
496
496
245
159
496
496
496
496
220
496
496
496
496
195
496
496
496
496
496
496
496
496
496
496
128
496
207
496
496
496
496
453
496
496
496
496
496
496
496
496
496
496
227
208
496
496
496
496
496
496
231
496
496
496
147
496
124
496
259
496
126
496
496
496
496
561
496
496
496
496
496
496
496
496
244
496
496
496
195
496
496
236
496
496
496
278
496
496
496
496
496
496
547
496
496
496
226
170
496
496
496
496
496
496
496
351
496
496
496
496
496
388
223
496
496
496
496
496
496
496
174
496
496
245
206
496
496
233
496
496
496
218
496
126
496
496
496
496
496
496
496
208
134
496
496
496
496
496
153
161
191
237
186
496
496
268
496
496
496
496
496
496
496
496
496
496
432
496
496
496
496
496
496
496
496
496
237
496
1512
496
496
496
496
496
496
853
496
496
292
496
496
496
496
124
496
124
496
124
127
137
234
496
496
124
496
190
488
496
496
148
135
248
496
185
496
496
496
206
496
496
496
496
496
496
496
496
496
496
496
496
496
496
496
327
496
496
496
496
496
496
496
496
496
496
496
211
493
496
496
496
496
496
496
496
199
496
496
496
496
496
496
496
496
496
496
496
375
496
496
496
496
447
496
179
496
496
496
496
149
496
496
496
496
496
223
496
496
496
496
496
496
496
287
187
496
310
496
496
496
496
200
496
164
496
496
496
496
496
496
496
496
496
509
496
496
496
496
496
496
496
253
496
496
496
183
496
496
496
496
496
496
496
496
496
197
496
496
496
496
496
496
496
496
268
496
496
496
496
496
288
496
496
496
496
124
496
549
333
496
496
496
496
496
496
424
440
496
496
218
241
496
496
496
496
496
496
496
496
496
496
496
496
496
496
496
496
496
496
496
496
496
496
212
129
496
496
496
195
496
286
496
496
496
496
496
130
496
496
496
496
510
496
496
496
496
496
496
496
496
496
496
496
496
496
496
496
496
254
496
496
496
229
594
496
129
496
496
496
496
496
163
218
496
180
374
126
496
496
496
496
496
496
158
152
279
496
496
496
496
496
496
496
496
185
496
496
135
152
131
496
496
496
496
136
496
228
496
297
496
287
496
853
496
191
496
204
496
173
496
357
166
496
249
164
134
496
496
496
496
496
196
496
496
124
496
147
496
130
496
183
496
496
496
496
496
496
496
496
496
496
496
232
496
496
496
375
185
496
496
496
496
174
496
496
496
154
496
496
496
496
496
496
496
496
496
496
496
496
496
496
496
496
496
346
260
496
127
496
496
496
237
496
496
496
496
496
496
496
496
139
496
496
496
496
149
496
496
496
496
496
496
496
178
496
496
496
496
169
496
496
496
232
496
496
496
496
319
496
496
468
619
496
496
496
496
128
336
496
145
496
229
496
437
496
496
496
496
496
496
496
496
496
247
208
496
496
496
188
496
496
496
496
496
496
496
394
496
496
354
496
496
496
496
496
496
496
496
496
496
496
496
233
496
496
496
298
496
496
496
153
496
496
496
496
496
496
496
402
496
496
496
496
496
496
496
229
496
496
496
237
496
496
496
496
496
167
496
496
496
496
496
496
496
167
496
496
496
496
496
496
494
496
291
496
496
496
496
496
133
496
164
496
552
189
496
246
496
496
496
259
496
496
496
496
148
496
496
496
496
496
496
496
496
496
133
223
496
496
496
496
496
160
496
216
173
274
496
496
496
496
496
232
124
496
496
496
167
496
496
496
496
496
139
496
496
496
124
186
224
496
496
496
153
496
496
496
496
496
496
496
496
496
496
496
496
496
496
496
496
496
496
182
496
496
496
496
496
496
496
496
496
188
124
226
204
496
496
496
496
496
496
496
496
496
496
496
496
496
496
496
496
131
496
215
496
496
496
496
177
496
496
496
496
496
192
496
125
496
496
496
496
496
284
144
496
496
496
496
496
496
496
496
496
496
496
131
496
496
496
496
124
496
557
496
496
496
496
496
496
131
496
2788
496
496
496
496
496
496
131
278
496
496
496
496
127
124
496
496
496
496
496
496
496
243
233
646
496
496
496
212
496
190
496
496
496
496
496
177
496
496
496
496
175
496
247
240
496
496
488
496
496
270
496
496
496
265
496
496
268
171
496
496
496
496
189
496
496
496
496
496
496
496
124
496
496
496
169
166
496
496
496
496
496
130
496
496
143
496
294
496
496
496
496
126
148
496
496
496
496
143
363
496
370
496
496
496
306
523
496
650
496
496
496
496
496
496
496
496
236
496
496
496
496
496
496
496
496
496
496
496
496
496
496
496
496
236
496
496
138
256
496
496
496
268
496
244
192
347
496
496
243
496
496
496
496
496
496
496
496
496
496
496
496
496
496
496
496
186
496
496
496
496
496
275
128
496
496
496
496
525
496
496
496
496
496
496
496
496
496
496
496
151
496
496
496
496
496
259
496
496
496
496
496
496
496
496
375
496
496
298
496
153
496
496
496
496
496
496
496
496
496
496
496
496
496
496
236
496
496
496
496
146
192
128
496
496
496
496
213
496
496
496
496
496
496
124
496
496
496
550
496
161
496
496
195
133
333
496
124
496
496
496
496
496
190
496
496
216
132
496
334
496
496
496
496
496
496
496
496
213
496
226
496
270
496
655
496
231
496
496
173
496
346
496
496
496
496
496
496
496
496
496
167
496
496
496
496
496
496
496
148
248
496
496
195
317
314
496
496
496
191
496
496
166
496
258
496
496
496
496
496
496
496
496
496
496
496
496
252
496
496
157
496
137
496
496
496
206
496
251
496
496
496
496
496
313
496
1326
496
496
496
157
496
284
496
496
496
496
496
496
496
496
496
241
496
272
496
496
173
496
496
496
496
496
496
496
496
496
496
496
496
496
496
496
124
145
496
496
496
125
496
496
496
496
242
496
496
218
496
496
496
145
496
496
496
640
496
496
496
496
137
496
496
496
496
496
496
496
496
496
496
496
496
271
496
496
496
496
352
189
147
496
496
170
496
496
496
496
345
496
496
496
496
496
496
496
220
496
496
496
186
496
496
496
496
496
195
496
496
496
496
248
290
212
496
169
496
496
496
496
496
496
496
496
496
496
496
496
496
496
241
496
496
496
496
496
496
496
496
496
496
265
496
496
496
496
496
224
496
496
232
496
496
496
151
496
496
496
496
496
197
475
496
496
496
496
169
496
288
496
496
496
496
496
496
496
496
136
496
496
496
496
496
496
496
1663
496
188
496
496
496
496
496
496
496
496
496
496
496
496
496
496
138
496
496
155
496
496
496
496
496
496
496
496
496
171
496
496
496
496
496
496
496
496
496
496
496
496
496
496
466
496
496
496
496
217
496
496
165
166
496
496
496
130
496
496
496
496
496
496
496
496
637
496
496
496
346
496
496
496
496
410
496
496
496
496
496
285
496
496
496
496
496
496
496
496
496
357
496
496
496
496
496
496
496
496
496
473
496
246
209
496
496
496
496
496
496
496
496
209
227
496
451
452
365
496
496
496
496
496
496
496
496
146
188
496
496
496
496
496
496
170
496
496
496
496
496
496
496
246
496
175
496
496
241
496
496
490
496
496
496
496
496
220
496
496
496
496
315
232
496
496
496
496
496
183
496
129
496
496
249
496
496
496
496
496
496
496
496
496
420
496
204
496
496
496
496
496
496
496
496
496
496
496
496
496
496
496
496
496
496
146
361
496
496
496
496
496
204
496
496
496
496
171
197
496
496
496
496
496
258
496
496
167
496
496
496
496
496
496
134
496
496
496
496
496
496
496
170
496
496
496
496
496
165
496
496
269
198
496
496
496
127
496
496
162
333
496
496
496
496
280
496
496
496
496
496
496
496
496
496
496
496
496
496
496
496
496
394
291
496
496
496
496
496
496
496
496
496
496
496
496
496
156
243
496
191
496
496
496
496
264
496
496
496
496
496
496
496
272
496
253
496
496
496
240
219
496
224
268
496
496
496
496
496
246
496
496
159
496
496
496
496
496
496
496
244
496
285
496
496
496
496
306
496
496
496
496
496
496
496
496
298
496
459
496
496
496
496
496
496
496
496
496
496
176
496
496
478
496
496
496
496
496
496
148
496
496
496
496
496
496
496
496
496
128
496
496
496
164
496
496
505
496
496
194
496
496
496
496
496
496
258
496
496
496
496
260
488
496
496
496
496
496
496
253
496
496
496
496
496
496
363
496
496
496
496
496
496
496
496
496
496
496
496
496
496
496
496
496
496
496
496
496
496
496
496
496
496
496
496
496
496
496
496
287
496
496
136
496
496
496
496
214
496
125
496
268
496
496
185
496
496
211
496
496
137
496
496
496
496
496
496
496
496
496
137
496
496
496
496
279
496
496
496
496
496
496
496
496
496
496
496
496
496
496
496
496
496
496
496
496
496
496
496
496
496
496
496
496
327
496
496
496
496
496
496
496
253
496
496
496
287
496
496
496
496
496
496
496
496
496
496
496
496
496
496
496
496
466
496
496
188
496
496
496
496
496
252
496
496
169
496
138
496
496
496
496
496
496
496
496
267
496
496
408
496
496
496
496
496
496
496
126
496
496
648
496
496
496
496
496
496
496
496
185
496
496
496
557
300
496
496
452
496
496
496
496
496
496
496
496
496
171
496
1547
496
496
496
496
126
496
496
496
496
155
496
1229
496
496
496
496
496
496
496
496
496
229
496
496
496
496
496
131
145
496
496
252
496
496
496
496
496
217
125
266
496
496
496
496
496
496
496
225
496
496
496
496
496
496
496
496
496
273
496
496
496
496
496
496
496
196
496
496
496
496
496
496
147
496
175
496
496
496
496
496
496
496
241
496
496
496
496
496
496
496
496
496
496
2525
496
268
496
496
496
496
496
496
204
496
192
496
496
496
496
496
496
496
496
496
496
496
496
496
496
496
496
244
496
496
496
496
496
496
496
126
147
496
496
496
496
496
496
205
496
337
496
496
496
496
520
496
189
496
496
496
496
496
496
496
496
218
496
496
496
496
496
496
496
496
245
496
496
496
496
496
496
496
496
496
496
496
900
496
496
269
496
496
496
496
496
496
125
496
496
180
496
496
184
496
496
496
496
496
496
664
496
496
496
496
496
496
196
496
496
496
213
496
496
496
496
496
496
241
146
241
159
162
496
496
496
459
496
496
496
496
496
496
496
496
496
496
172
295
496
496
496
644
496
496
496
496
496
496
496
496
496
496
496
496
496
496
496
240
496
496
496
496
496
260
496
211
190
496
496
496
496
496
496
496
496
433
496
496
496
198
496
2525
496
496
496
496
496
496
496
496
496
496
496
496
155
496
496
496
496
496
496
496
496
496
496
496
496
496
133
496
496
496
131
496
496
496
496
496
244
496
292
496
496
496
496
496
190
496
496
496
317
496
496
478
496
496
496
496
496
496
496
496
496
496
496
496
496
496
496
496
484
496
496
496
496
496
496
131
496
238
232
496
496
496
496
496
496
180
496
496
496
496
496
496
496
496
496
285
496
496
496
496
290
496
496
496
496
496
315
496
496
496
206
496
496
496
496
496
496
233
496
162
496
496
496
186
496
496
496
496
496
496
496
496
496
496
152
496
496
496
496
496
496
496
324
496
496
496
496
496
496
311
496
496
496
496
496
248
212
496
496
496
496
496
496
496
496
496
358
496
496
496
496
496
214
496
496
775
496
496
496
496
496
496
496
496
496
128
496
496
496
496
496
222
496
496
496
496
496
496
496
496
496
496
496
496
496
496
496
148
496
496
496
496
496
464
496
496
496
496
496
496
496
496
496
496
496
199
496
496
496
496
496
496
447
832
496
272
496
273
496
496
496
496
242
496
496
496
496
496
496
496
163
496
496
496
496
496
496
496
496
496
496
496
136
496
496
496
496
174
496
496
133
496
232
496
496
496
496
496
496
496
496
496
128
496
250
496
496
161
496
496
496
496
496
177
496
496
496
496
496
496
496
496
496
496
223
206
496
496
496
496
496
496
496
496
496
209
496
496
496
496
496
496
601
496
496
496
496
496
496
124
496
496
496
496
496
176
496
226
496
496
496
496
496
496
496
496
496
496
496
496
207
496
496
462
496
496
496
496
496
496
496
496
496
496
496
496
496
496
400
496
496
496
496
496
496
496
496
496
496
496
496
496
342
496
496
496
248
496
496
496
496
304
496
496
496
496
496
496
496
173
496
496
496
496
496
496
496
496
172
496
496
496
496
496
288
496
496
496
237
496
496
496
496
496
496
496
496
496
496
496
496
496
496
496
496
496
496
496
496
264
496
155
496
496
634
496
496
496
139
496
496
496
496
146
496
242
327
814
496
496
496
496
496
131
496
496
496
496
189
176
496
496
496
496
496
496
496
496
496
496
496
496
496
496
496
496
266
496
496
496
197
496
199
813
225
496
496
496
496
496
496
496
188
496
171
496
496
496
496
496
496
237
496
496
496
496
496
496
496
496
496
496
496
156
496
242
496
496
496
496
258
496
496
496
191
496
124
207
496
496
496
496
496
496
496
496
496
496
496
496
496
496
496
496
496
496
496
496
496
496
496
496
496
496
496
496
327
496
496
496
496
496
496
496
496
496
496
496
496
496
496
496
216
496
496
496
496
496
496
496
496
496
496
786
496
496
496
130
210
259
496
496
496
496
496
496
232
496
496
247
496
496
496
289
496
496
496
496
496
496
496
236
496
496
496
496
496
185
496
194
496
496
496
244
496
496
496
434
496
238
496
496
496
496
496
496
496
496
496
496
496
496
496
496
211
456
496
329
496
134
496
496
496
496
124
496
496
496
496
251
496
496
124
496
496
496
496
496
496
496
496
496
132
496
496
608
496
496
496
496
496
496
496
496
496
496
496
1494
496
496
496
496
496
496
496
496
496
496
496
496
496
496
496
496
496
496
496
262
198
496
496
496
496
496
186
152
496
496
496
496
496
496
496
496
228
496
496
496
496
496
496
131
496
496
496
496
496
496
496
496
164
496
250
496
496
496
496
496
196
496
496
496
496
496
496
496
496
496
496
496
296
218
226
496
496
496
226
496
496
496
496
496
496
140
496
496
496
496
496
157
496
496
496
496
496
623
496
496
496
496
294
496
207
496
228
496
496
181
130
496
496
496
496
247
496
229
172
496
496
496
496
496
496
496
496
496
496
496
496
496
206
132
496
496
496
496
496
496
246
168
496
496
496
496
496
496
496
496
496
496
496
496
496
496
496
496
496
496
243
496
496
496
496
496
496
235
496
496
496
496
496
496
160
496
496
496
496
167
366
496
155
496
496
496
496
249
496
496
496
139
496
496
496
496
496
496
161
496
496
248
290
496
496
496
252
496
314
496
496
496
608
496
496
496
496
496
496
496
496
496
496
496
496
337
496
496
496
496
496
203
496
496
496
496
496
150
496
496
496
496
496
496
496
160
496
496
125
496
162
214
247
496
496
496
496
496
496
496
496
496
496
496
496
496
496
496
180
496
291
496
496
496
163
266
496
496
496
496
496
496
496
496
496
496
496
496
496
496
496
496
144
166
496
496
496
496
496
496
496
496
496
271
496
496
496
496
496
496
496
496
496
143
496
496
496
183
496
496
496
569
496
496
496
496
225
496
496
496
242
496
496
496
222
496
496
496
496
496
496
496
496
496
496
496
496
496
496
496
496
496
496
496
496
496
496
496
496
152
496
496
496
496
496
127
496
128
496
496
496
230
496
222
496
467
362
204
496
496
496
496
150
496
496
496
496
496
496
496
496
496
496
496
496
496
496
496
496
496
496
210
496
496
496
496
496
496
496
496
496
496
496
496
496
496
496
496
496
129
496
496
496
496
186
496
496
496
496
296
496
496
496
496
496
496
281
496
496
496
496
496
496
496
496
496
496
496
496
678
163
496
496
496
496
496
484
496
496
496
496
496
496
496
496
496
496
496
496
496
496
496
496
496
496
400
496
496
496
496
496
496
496
496
496
496
496
206
496
496
496
496
526
496
496
496
496
496
496
496
496
496
496
126
496
496
496
496
496
130
496
496
496
496
496
496
496
496
496
193
280
496
496
496
496
496
496
496
496
124
496
496
496
131
496
496
496
496
496
339
496
496
309
496
496
496
496
496
496
496
496
203
496
496
496
496
496
496
496
496
496
496
496
496
243
496
496
496
496
496
496
496
496
496
496
496
496
496
496
496
496
236
496
496
496
136
496
496
496
496
496
496
496
496
496
496
160
496
496
496
496
496
496
496
496
496
496
496
496
496
169
496
496
496
496
496
496
496
496
496
496
496
496
496
496
496
496
496
496
219
496
237
496
496
496
496
496
496
496
496
496
496
496
496
496
496
496
496
142
496
496
124
496
496
496
496
496
496
496
496
496
156
496
496
496
496
146
496
496
496
496
496
496
496
496
496
496
496
496
496
496
496
496
496
496
496
496
496
343
496
496
496
496
496
410
496
199
496
496
496
496
496
496
496
496
496
496
496
279
496
496
496
496
177
496
255
496
496
496
291
496
496
496
496
496
496
496
496
496
496
496
496
496
496
496
496
496
496
496
127
243
496
202
496
496
496
496
496
496
496
496
496
496
336
496
496
496
496
496
496
496
496
496
496
496
496
496
496
496
165
496
496
226
496
252
496
496
496
124
496
496
496
242
496
496
496
443
496
496
496
496
246
496
193
496
496
496
496
229
496
496
496
253
496
496
496
496
496
496
496
496
496
496
496
496
496
496
496
496
494
496
496
496
496
496
496
496
496
496
496
496
496
496
496
496
496
496
496
496
496
496
496
496
496
496
496
164
256
496
496
331
496
496
496
496
496
496
496
496
496
198
496
393
496
159
496
496
261
496
496
496
496
153
496
496
496
496
496
496
236
496
496
496
131
496
496
496
496
496
496
222
206
496
496
496
401
496
496
496
496
496
496
202
496
496
496
496
496
496
496
496
496
496
496
496
496
496
544
247
124
496
230
496
496
496
496
496
496
496
496
496
162
496
496
496
234
496
496
496
496
496
496
496
200
496
496
496
496
496
496
496
496
496
496
496
496
496
496
753
496
496
496
496
496
496
496
145
496
496
496
496
205
496
160
496
496
496
496
496
496
496
496
496
496
496
496
496
496
496
496
496
496
496
496
496
496
276
496
496
496
203
496
496
496
496
191
496
496
496
496
496
496
535
496
196
496
496
440
496
496
127
496
496
496
496
496
496
496
496
496
496
496
496
496
496
496
496
496
496
496
496
496
496
496
496
496
496
496
496
496
445
496
227
496
496
496
496
496
496
496
305
496
496
496
496
496
496
496
496
496
496
496
496
496
496
496
496
496
496
496
496
496
496
496
210
496
496
496
496
496
496
496
496
496
496
496
496
496
496
496
347
124
496
496
496
496
288
496
496
148
496
496
496
496
496
194
496
496
496
496
496
496
496
496
496
496
496
496
496
1391
496
496
496
496
496
496
496
2158
496
496
496
496
496
298
166
496
496
496
136
496
496
496
496
496
496
124
496
496
496
496
282
496
496
496
496
496
496
496
496
665
496
496
496
496
496
496
496
496
496
496
190
496
496
496
496
496
496
496
496
496
496
274
496
496
496
496
496
496
131
496
496
496
496
496
496
496
496
496
496
496
496
345
196
496
251
496
496
496
496
496
496
245
496
496
496
496
496
496
496
496
496
496
380
496
145
496
496
496
496
496
496
496
496
231
496
496
306
177
496
496
496
496
496
496
496
496
496
496
496
496
496
496
496
496
192
524
496
496
496
496
496
496
496
496
496
496
496
496
496
496
496
496
496
496
496
496
496
496
496
496
496
496
496
496
496
496
152
496
496
496
496
496
265
496
496
496
496
496
496
246
496
496
496
496
496
496
496
193
245
496
496
496
496
304
496
496
176
496
496
496
496
496
496
496
496
452
496
496
496
496
496
496
496
496
172
496
496
496
496
496
496
496
496
496
688
496
496
496
496
496
496
496
496
496
496
496
496
496
496
496
496
496
496
496
502
128
496
496
496
496
496
496
496
496
496
496
496
496
496
496
496
496
496
496
496
496
496
496
496
496
496
496
496
496
496
496
496
807
496
496
496
496
496
162
496
496
496
496
496
496
496
496
496
496
496
496
496
496
496
496
496
809
496
496
496
496
496
496
496
496
496
496
496
496
496
496
496
496
496
496
496
496
124
496
496
153
496
496
496
496
496
496
226
496
496
445
496
265
496
496
496
496
496
496
496
496
496
496
496
496
496
496
496
496
496
496
496
388
496
496
496
496
496
496
496
252
496
496
496
496
345
496
496
496
496
496
496
496
496
496
496
496
496
496
496
496
496
496
1218
496
496
496
496
496
496
496
496
496
496
496
496
496
496
496
496
496
178
496
496
496
496
125
496
496
496
496
496
496
496
496
496
496
192
496
496
496
496
496
496
496
496
496
496
335
496
496
496
496
496
228
496
496
496
496
496
496
496
661
496
496
496
496
145
496
496
496
129
496
496
241
496
496
496
496
496
181
266
496
496
496
245
496
496
496
248
496
496
496
496
496
496
496
287
496
496
496
496
496
496
496
496
496
496
496
496
496
496
496
496
228
496
496
1392
496
496
496
496
496
496
496
496
496
496
496
496
496
496
496
496
496
496
496
496
496
243
496
496
496
496
496
496
496
496
496
496
807
496
496
496
496
496
496
496
496
496
496
496
496
135
496
496
496
496
496
496
496
150
496
496
496
496
496
496
496
496
496
260
496
496
496
496
496
496
496
496
496
496
496
496
415
496
496
496
496
496
269
496
294
496
496
496
496
496
496
496
496
496
496
496
496
496
496
496
496
496
496
496
176
496
496
496
496
496
496
496
496
304
496
496
496
496
496
496
496
496
496
496
496
496
496
180
275
496
496
496
496
496
496
496
496
496
496
496
496
496
496
496
496
496
496
496
272
496
496
496
201
496
496
496
496
496
496
496
174
496
496
496
496
496
496
496
496
496
496
496
496
496
496
496
496
496
496
496
496
496
496
496
474
496
496
496
496
496
496
496
496
496
496
496
496
496
496
496
496
496
496
198
496
496
496
496
496
496
496
496
496
496
496
214
496
496
496
134
217
496
496
496
496
496
496
496
496
496
496
496
496
496
496
496
496
496
496
414
496
496
250
496
496
496
496
496
496
496
496
496
496
496
496
496
159
496
496
496
496
496
496
496
496
496
496
496
496
496
239
496
496
496
496
496
496
411
496
496
496
496
496
496
496
496
496
496
496
128
496
496
496
496
496
496
496
496
496
505
496
496
496
496
496
496
496
496
496
165
496
496
496
496
496
496
496
496
496
496
496
496
496
496
496
496
496
496
496
496
203
496
496
496
496
496
496
496
496
496
496
496
496
496
496
496
439
496
496
496
496
496
496
496
496
496
496
496
496
496
496
338
496
496
496
496
496
496
496
496
496
496
173
496
496
496
496
496
496
496
496
496
496
496
175
496
496
496
496
463
496
247
496
496
195
496
496
496
199
496
496
496
496
496
496
496
496
496
496
496
496
496
496
496
277
496
496
496
496
496
496
496
496
496
496
496
496
496
496
496
496
496
496
496
496
496
496
496
496
496
496
496
496
496
496
496
496
496
234
496
496
496
496
496
496
496
496
496
496
496
496
496
496
466
496
496
496
496
496
496
496
496
496
496
496
496
496
496
241
496
496
496
496
496
300
496
496
412
496
496
206
260
496
216
496
496
138
496
496
496
496
496
496
496
496
496
258
496
496
496
496
496
496
496
496
496
496
496
496
496
496
496
496
496
496
496
496
496
496
496
496
496
496
496
496
496
496
496
496
496
496
496
496
496
496
496
496
206
496
496
496
496
496
496
496
367
496
496
496
159
496
496
172
496
496
496
496
496
496
496
496
496
496
552
129
496
496
496
496
496
623
457
496
496
496
496
496
291
496
496
496
496
496
496
496
496
496
496
496
496
496
496
496
496
496
496
496
496
214
496
496
496
192
496
496
496
496
496
148
496
496
496
496
496
496
496
496
496
496
496
295
489
496
496
496
496
496
496
496
187
245
147
202
496
146
496
496
496
209
165
496
496
496
496
496
496
496
496
496
496
496
496
496
496
496
496
496
496
496
496
125
496
496
496
496
496
279
496
496
496
496
496
184
199
496
496
496
496
496
496
496
496
496
496
496
496
496
496
496
496
496
496
249
496
496
496
496
496
496
496
496
496
496
496
496
496
496
496
496
143
496
124
496
496
496
496
496
496
496
496
496
496
496
496
496
484
496
496
496
496
496
496
496
496
496
496
496
196
496
496
496
496
496
496
496
496
496
496
496
496
496
496
496
496
496
496
496
496
496
496
496
320
496
496
496
157
496
1039
264
496
496
496
480
496
496
496
496
496
496
496
496
496
496
496
496
496
496
496
496
496
496
496
496
496
496
496
496
496
496
496
129
496
496
496
496
496
496
447
496
496
496
496
146
496
496
496
496
496
496
496
496
496
496
265
496
496
496
496
496
496
496
496
496
496
496
496
496
496
496
496
496
496
496
496
496
496
496
496
496
496
200
496
496
496
496
496
347
496
496
496
496
496
496
496
496
496
158
496
207
496
496
496
496
180
496
496
496
496
496
496
496
496
496
496
496
496
496
496
212
496
496
496
496
496
496
496
496
496
496
496
496
496
496
496
496
496
496
496
496
496
496
496
496
496
496
213
496
496
496
496
496
496
496
496
496
2525
496
496
496
496
496
496
496
496
496
496
496
496
496
496
496
496
496
496
169
496
496
517
496
496
496
496
496
328
496
496
496
496
496
496
496
496
496
526
496
496
496
496
496
496
496
496
496
496
496
496
496
496
496
496
496
180
496
496
496
496
496
496
496
496
496
496
496
132
496
496
496
496
496
496
496
496
496
511
496
496
496
496
496
496
496
496
212
496
496
496
496
496
496
496
496
496
496
496
496
496
496
496
496
496
496
496
496
496
496
496
496
496
496
496
496
496
242
496
174
496
496
496
496
496
496
496
496
496
496
496
496
423
496
496
496
496
496
496
496
496
496
496
496
496
496
496
496
496
496
496
496
496
496
496
496
496
554
496
496
496
496
496
339
496
496
496
496
496
496
496
496
496
496
496
496
496
496
496
496
496
496
496
496
496
496
496
496
496
496
496
496
235
496
496
496
496
496
496
496
496
496
496
496
496
496
496
496
496
217
496
496
496
496
496
496
496
496
496
496
496
496
496
496
496
496
496
496
496
496
496
496
496
496
496
496
496
496
496
496
325
496
496
496
496
496
496
496
496
496
496
496
496
496
496
496
496
263
256
496
496
496
496
496
496
496
496
496
496
307
124
237
496
496
496
496
496
496
496
496
496
496
496
496
496
496
496
496
496
496
496
496
496
496
496
496
496
496
496
496
496
496
496
496
496
131
496
496
496
496
496
496
496
496
496
496
496
496
496
496
496
496
496
496
203
496
496
496
496
496
496
496
496
496
496
496
496
496
496
496
496
496
496
496
496
496
496
496
496
496
496
496
496
496
496
496
496
496
496
496
496
496
271
496
496
496
496
496
496
496
496
496
496
496
496
496
496
496
496
496
496
496
496
496
496
305
496
496
496
496
496
153
496
496
496
496
496
496
496
496
496
496
496
496
125
496
496
496
201
496
496
496
496
496
496
496
496
496
496
223
496
496
496
496
496
496
159
496
496
496
496
496
496
496
496
496
496
496
496
496
496
496
496
496
496
496
496
496
496
496
496
496
496
496
496
496
496
496
496
496
496
496
496
496
496
496
496
496
496
496
496
496
496
496
496
496
496
496
496
259
496
496
496
496
496
496
496
496
496
