353
323
382
311
308
328
343
314
334
329
312
293
314
305
314
310
319
308
322
348
371
329
335
290
313
308
312
315
332
309
294
306
311
299
334
304
308
499
299
319
289
304
311
313
319
302
261
302
341
295
366
294
324
294
530
348
305
293
336
279
313
329
298
302
325
373
288
302
307
342
347
283
291
357
285
351
299
276
442
315
348
314
365
303
301
317
288
307
353
297
332
521
281
297
300
334
295
293
318
350
314
314
292
311
322
317
329
336
298
308
303
458
463
432
281
314
308
287
480
284
283
320
292
314
355
301
276
291
303
287
373
319
280
317
292
290
306
290
410
329
282
358
270
286
314
288
311
331
281
266
329
482
315
304
297
304
306
505
299
303
291
299
486
322
294
370
363
286
281
302
329
310
284
294
290
318
274
312
317
313
293
299
279
325
294
313
312
294
362
292
299
312
282
412
314
275
320
332
481
307
281
279
374
281
385
301
302
292
285
281
284
269
466
279
305
314
281
300
303
300
285
301
328
294
450
530
274
287
281
338
282
325
273
266
320
279
397
466
329
488
290
278
323
296
303
292
285
296
305
283
410
305
289
297
290
294
297
301
575
309
487
294
326
319
297
297
266
286
278
280
497
288
289
432
272
284
295
294
285
280
448
295
487
290
280
449
487
314
485
449
280
292
262
365
297
295
286
309
310
281
338
283
302
330
293
445
277
310
278
409
302
500
304
347
521
351
344
449
268
286
305
306
483
277
419
500
294
277
302
407
272
288
283
299
289
397
229
424
319
334
443
300
279
278
310
286
409
271
310
279
280
342
278
333
276
374
410
279
312
444
382
275
358
323
297
303
286
258
350
295
307
315
296
280
365
424
297
285
299
280
255
290
275
344
280
288
512
301
294
309
315
286
285
290
287
412
274
300
308
275
280
274
280
288
372
268
491
273
376
284
300
291
287
309
304
293
305
324
281
285
277
272
279
297
317
470
269
320
299
314
271
373
291
277
303
327
311
276
305
292
288
491
290
258
474
340
431
306
297
297
271
534
370
291
523
314
293
257
495
282
293
332
279
272
437
228
296
271
270
273
284
304
280
304
307
272
326
257
366
296
277
275
270
328
309
264
240
265
258
321
279
559
272
295
304
298
303
338
313
332
278
456
296
289
319
288
280
282
275
272
308
278
293
291
293
324
283
290
280
347
276
331
303
342
277
274
288
283
270
311
278
271
273
273
259
264
597
287
455
267
300
352
600
453
303
289
302
273
367
253
298
280
267
261
275
305
280
373
276
298
285
292
299
286
279
268
286
279
349
292
256
284
279
312
280
315
291
445
293
293
288
280
281
261
325
250
511
236
278
281
238
316
328
292
290
321
297
270
261
279
316
339
271
300
255
292
305
329
276
237
283
461
286
301
293
288
251
326
325
291
287
295
283
273
578
317
277
297
316
278
289
300
276
351
267
683
245
290
278
285
274
269
275
279
327
414
288
384
271
268
474
345
333
275
402
297
271
272
253
300
286
285
279
294
273
284
268
260
349
284
267
274
257
302
283
262
250
256
256
266
293
282
408
288
241
276
278
285
267
281
286
277
286
450
262
280
287
296
287
231
288
268
285
304
289
281
264
343
298
265
262
354
501
285
407
282
419
302
246
270
282
424
404
261
252
294
285
277
270
391
291
302
267
261
276
284
258
324
290
288
239
285
508
263
407
287
461
272
300
286
315
281
278
273
304
905
270
276
261
251
274
287
366
253
247
280
281
263
254
280
313
233
280
289
289
392
296
291
474
431
303
395
278
311
269
273
269
644
222
274
305
289
256
275
288
309
539
252
242
269
270
276
253
314
291
269
274
295
314
286
347
255
285
309
289
306
274
287
268
276
319
294
273
301
286
322
260
502
263
285
319
260
293
255
306
278
311
215
344
313
293
299
294
285
262
264
279
282
307
261
299
297
296
282
315
287
476
478
572
266
299
279
428
525
251
290
302
250
285
260
377
519
276
233
283
260
271
263
268
300
268
273
351
284
257
271
389
429
272
248
313
294
281
291
255
281
264
245
315
286
268
244
292
285
288
284
241
291
293
479
434
275
384
334
275
331
523
261
275
256
285
312
270
481
264
287
231
285
272
271
293
274
281
266
247
267
289
256
271
305
265
261
409
442
305
266
266
263
253
305
265
255
285
467
260
263
305
258
282
334
486
256
252
287
276
265
242
267
280
464
291
294
278
283
285
242
278
271
317
273
257
293
293
298
354
260
273
325
441
340
265
314
273
333
316
289
380
260
320
273
324
485
227
284
286
296
287
259
258
228
267
520
266
440
263
223
257
256
280
277
353
413
471
252
229
506
286
500
285
319
268
223
284
258
400
253
505
257
227
278
287
300
482
267
278
277
276
284
262
270
285
270
295
258
245
379
291
303
426
279
503
465
277
282
253
280
264
265
267
283
434
268
268
395
276
322
258
260
272
254
306
263
232
247
263
249
291
298
277
246
270
230
296
512
251
360
370
279
401
293
256
241
249
228
276
280
456
280
306
279
306
364
275
374
280
397
295
264
258
382
307
256
286
272
398
276
308
315
285
336
286
244
316
245
272
288
307
259
331
330
269
327
327
258
267
229
259
273
281
257
240
254
271
262
459
291
255
419
401
264
258
317
300
259
400
248
275
308
279
290
304
282
284
293
585
288
298
258
263
262
279
438
267
290
271
318
262
224
316
310
262
249
446
257
388
319
291
267
275
237
286
269
266
510
289
398
219
265
330
298
285
306
312
200
245
264
460
282
264
289
285
249
265
291
364
283
250
254
268
255
233
282
444
283
266
257
281
277
273
259
272
276
263
290
314
266
284
274
229
263
263
276
240
273
257
302
275
291
254
320
288
290
267
252
319
276
244
304
247
297
248
509
239
273
241
247
257
338
241
296
277
264
299
254
283
251
301
268
285
265
239
273
441
248
281
251
247
267
291
422
298
245
231
601
307
276
243
286
409
291
300
295
496
275
446
241
260
449
271
280
264
241
253
400
309
278
251
360
232
308
329
310
240
276
416
492
258
223
209
236
252
319
273
291
277
272
254
257
290
273
305
251
274
291
261
273
244
265
279
285
309
285
290
294
314
263
291
471
277
272
259
276
266
276
297
287
267
341
259
249
266
299
290
255
223
261
229
267
265
251
269
282
294
366
277
240
260
265
260
399
288
273
399
260
280
428
262
301
350
282
289
266
249
282
252
249
272
290
318
283
281
273
302
309
418
256
226
251
271
438
276
307
295
282
233
267
582
282
351
261
263
271
268
264
300
234
287
460
251
262
282
276
276
263
288
223
317
354
279
265
532
265
302
263
279
284
270
271
406
245
282
258
265
310
313
253
514
227
267
263
301
284
281
241
264
272
262
238
235
229
282
219
250
274
421
280
251
270
289
258
346
265
245
243
472
254
482
243
252
291
350
273
230
320
535
257
259
254
265
429
248
269
226
270
252
277
272
268
273
297
250
213
293
242
430
288
264
229
260
262
286
233
251
261
230
256
239
244
260
262
241
258
351
229
264
275
243
384
261
273
248
267
288
281
291
245
438
304
242
253
252
245
264
340
278
249
221
253
361
239
213
272
238
306
294
259
263
295
252
217
272
284
381
276
276
251
325
217
235
252
261
270
231
326
290
233
341
286
233
276
243
286
422
400
281
244
220
211
330
257
271
266
290
248
374
318
423
277
233
228
261
249
248
253
250
263
265
476
240
254
332
250
379
333
291
263
254
249
246
242
278
277
258
244
239
252
355
284
222
279
283
394
297
252
258
441
1600
240
297
255
268
236
243
232
243
274
266
278
246
243
278
242
268
289
226
456
250
321
248
264
258
446
321
355
252
279
268
229
242
222
444
306
288
259
446
260
259
277
320
258
244
263
244
275
362
490
286
274
264
316
256
261
316
267
316
383
245
259
250
275
252
441
516
279
266
267
232
245
370
246
239
323
242
257
250
249
279
237
247
222
284
484
256
291
248
254
434
284
282
257
291
275
246
257
252
232
281
227
507
277
262
234
277
265
281
253
261
293
250
252
491
265
238
287
305
289
264
246
271
241
245
241
275
280
227
243
233
252
362
269
373
247
286
241
260
291
375
374
268
292
355
250
262
265
286
251
316
235
263
266
219
260
262
262
250
298
321
307
346
271
262
473
270
267
326
244
485
252
226
249
253
317
250
336
228
248
329
274
277
296
304
270
211
260
253
285
261
256
264
273
246
269
283
227
302
250
259
364
258
254
374
280
265
233
235
257
247
214
292
325
290
261
317
248
233
354
240
270
272
236
220
286
277
221
376
243
343
346
209
234
292
252
236
521
300
282
248
249
233
295
285
298
262
250
341
416
280
228
252
253
240
352
337
212
309
288
258
295
465
269
483
268
274
249
246
211
264
209
276
283
308
294
268
238
230
246
251
348
256
265
459
244
475
242
347
266
254
244
245
253
220
241
271
248
243
233
244
242
413
238
227
205
190
245
267
249
234
235
339
263
416
200
257
264
289
334
273
337
284
224
232
273
209
241
241
240
234
258
415
259
260
259
268
273
224
276
264
268
316
252
260
264
275
368
294
254
255
278
246
253
278
262
244
272
263
257
280
290
277
274
268
265
284
254
276
239
285
249
295
348
245
244
285
285
267
495
237
194
269
382
237
269
664
475
252
247
207
287
234
270
456
249
225
311
259
305
427
273
293
252
272
245
191
287
244
284
247
205
366
259
227
269
276
219
247
267
271
282
255
228
242
266
262
219
260
258
266
216
265
364
267
238
254
267
311
285
293
461
235
264
274
258
278
332
275
238
479
306
297
233
261
251
437
222
254
268
272
285
328
279
261
244
254
235
239
236
398
231
271
247
261
200
259
240
270
221
243
374
277
243
306
224
238
266
223
283
214
276
258
267
262
204
230
259
220
248
259
252
243
250
239
245
311
248
269
251
263
251
288
345
299
259
260
280
338
283
271
269
208
264
228
340
234
417
276
248
268
435
241
393
300
249
243
290
248
246
293
280
267
258
249
247
259
231
219
451
253
292
242
260
263
283
267
310
287
217
290
259
193
571
242
324
269
234
277
280
233
275
261
227
293
236
249
250
261
258
261
328
261
247
291
214
243
238
447
273
202
290
215
345
237
238
299
213
277
221
258
249
439
268
257
226
256
266
274
306
312
269
237
262
243
348
255
350
251
252
234
219
329
215
264
265
264
276
215
238
251
271
282
227
251
256
303
316
269
257
284
290
330
276
382
259
256
233
283
241
277
479
236
226
221
294
243
328
257
285
266
490
242
391
237
308
241
271
261
444
433
247
223
284
313
225
284
268
241
202
228
280
274
254
276
242
251
225
227
250
248
260
229
231
406
227
252
219
226
225
262
241
205
260
221
205
218
306
654
271
291
238
242
226
274
238
233
336
238
273
298
249
211
270
414
236
243
200
223
249
262
231
217
215
261
293
279
280
233
234
228
279
309
261
262
266
288
253
263
239
335
259
252
281
346
498
279
230
233
342
258
240
191
232
235
236
240
559
222
228
836
291
258
294
244
253
224
210
369
250
487
258
453
302
235
253
262
229
241
315
474
269
265
230
243
250
237
294
495
269
235
268
243
244
247
281
258
247
269
287
285
254
365
271
265
310
250
254
282
263
298
240
306
256
213
209
267
235
208
219
233
269
233
275
294
276
273
245
241
259
361
251
277
276
309
289
256
181
281
297
269
238
214
251
238
240
244
435
228
225
276
211
232
428
272
334
272
253
433
397
225
265
317
233
268
535
266
265
286
213
235
267
230
254
254
246
261
257
235
244
202
219
276
235
253
266
248
271
247
403
259
242
254
234
251
251
227
265
237
239
424
276
247
239
228
303
276
229
262
220
346
200
265
336
238
255
221
238
221
256
277
278
207
266
207
225
276
245
201
189
240
222
257
253
242
627
249
244
259
240
243
193
254
223
294
199
210
255
300
240
193
295
318
303
219
266
229
278
242
250
195
245
264
289
238
257
261
251
347
261
248
272
316
229
236
238
241
250
319
287
295
232
277
261
312
257
247
247
237
259
225
264
232
233
238
257
214
239
258
279
243
238
254
355
338
238
209
306
262
229
258
219
214
225
290
279
219
232
229
241
292
246
248
250
220
241
257
259
263
195
234
256
313
218
270
244
239
208
229
234
228
234
262
291
368
221
198
195
261
306
283
245
223
239
229
286
304
179
300
252
230
241
206
247
238
243
252
241
234
277
216
215
473
285
311
217
261
336
217
279
248
310
456
270
428
242
250
360
221
225
249
229
268
235
357
247
245
252
197
270
379
320
290
246
216
282
221
234
229
534
211
224
265
413
221
234
289
471
232
227
228
342
214
256
241
223
296
238
179
243
253
254
281
250
287
229
258
233
265
229
216
256
247
219
272
251
254
292
253
225
221
353
532
274
223
250
227
238
257
257
363
258
241
237
226
302
274
231
259
248
259
257
251
229
248
207
286
289
253
220
276
773
240
213
255
385
303
205
221
257
205
270
245
459
226
237
260
255
291
262
235
237
353
227
267
250
184
185
271
251
252
238
262
292
357
215
229
251
258
203
232
266
274
234
242
234
259
219
227
248
281
214
399
217
283
204
295
191
210
312
243
218
257
231
268
234
257
220
244
203
242
261
217
228
290
286
236
268
170
226
253
276
254
342
218
241
223
292
296
245
324
213
292
408
221
212
292
294
231
239
242
230
234
219
211
585
234
270
241
216
295
203
288
258
230
234
265
216
213
207
180
279
233
274
246
259
253
228
263
272
320
230
226
252
252
235
275
282
259
245
228
250
193
400
276
222
235
230
260
219
278
641
233
259
244
430
337
245
282
220
277
253
226
234
241
287
255
268
264
269
276
196
340
220
233
211
227
235
241
221
464
231
291
214
223
206
358
238
304
215
213
208
247
221
383
278
223
238
273
207
218
286
631
235
230
229
210
275
207
269
255
254
185
209
237
248
276
221
231
223
228
243
285
235
205
237
233
261
187
214
216
220
216
290
236
193
266
400
242
308
202
238
315
262
230
211
198
226
461
206
231
219
279
256
211
318
216
272
223
254
256
412
281
261
203
249
409
257
276
216
487
209
295
267
184
196
181
231
294
262
381
264
192
279
275
201
217
335
241
235
181
257
248
260
435
231
241
243
565
626
190
283
324
269
500
262
204
216
208
244
293
282
275
252
245
214
239
262
212
247
233
216
181
260
236
225
193
207
268
216
243
242
285
236
387
255
278
234
298
180
248
228
220
236
477
257
233
218
191
247
258
190
243
275
267
191
268
188
224
246
201
263
259
247
295
228
299
238
299
281
268
251
206
232
245
231
317
249
241
235
219
600
241
271
274
271
207
242
262
226
274
180
207
225
253
289
478
310
228
220
259
222
291
217
250
271
208
261
211
192
229
287
257
254
261
421
240
201
222
229
253
269
252
236
224
280
239
229
231
242
233
248
265
237
249
244
222
248
258
209
279
226
255
206
221
255
250
246
195
181
290
294
225
236
226
272
196
223
184
337
272
315
211
241
278
206
214
273
284
262
200
213
197
224
205
205
177
200
288
284
233
761
223
325
264
263
330
246
242
267
239
285
226
235
219
276
239
201
255
231
216
243
232
265
197
306
216
280
246
280
238
187
247
230
258
204
233
502
248
205
533
265
211
259
205
289
284
256
403
235
260
198
460
230
275
221
257
261
229
204
228
197
221
282
238
263
240
231
238
507
200
272
227
242
242
223
242
238
194
219
232
239
271
178
223
441
277
229
272
257
150
207
244
281
279
167
441
204
424
246
222
250
270
223
215
197
249
236
261
358
260
209
230
239
241
204
251
266
275
275
204
188
262
260
326
241
571
242
331
226
387
221
348
240
244
263
379
197
293
231
230
221
265
287
202
418
247
233
256
332
480
472
229
244
230
247
240
285
236
436
236
291
249
216
223
215
204
270
228
239
431
262
245
219
267
244
221
211
279
242
205
218
279
243
221
253
264
214
232
200
222
255
236
256
322
246
167
213
217
232
263
213
166
219
181
257
237
300
190
192
203
330
230
200
194
258
223
220
166
233
198
264
234
228
261
223
283
308
314
253
214
199
239
181
209
183
267
286
256
266
198
281
226
227
270
188
216
280
225
241
181
255
257
250
222
262
206
208
260
284
218
214
220
215
192
254
217
324
219
218
246
194
234
224
216
214
228
217
188
233
210
234
247
222
249
234
242
186
153
239
207
248
268
234
258
250
408
239
176
212
439
257
217
249
210
234
214
220
205
318
265
234
203
193
218
223
200
210
196
436
213
187
270
225
176
204
311
237
269
250
572
238
231
193
227
245
263
289
226
181
255
228
162
253
366
190
237
201
248
177
264
247
206
330
289
233
243
364
211
188
204
208
287
166
199
331
206
362
198
276
246
258
230
241
272
214
283
192
152
334
423
218
264
561
200
228
300
241
217
255
245
220
204
302
220
448
216
490
241
290
208
226
253
204
212
190
224
398
191
233
145
196
265
239
218
223
443
190
244
243
233
202
187
227
260
265
272
200
309
190
234
226
227
491
230
321
197
204
257
207
203
316
318
263
245
258
313
344
246
261
271
350
263
271
243
235
319
223
210
239
266
206
222
282
260
216
227
246
483
258
182
199
254
261
289
251
213
205
230
221
202
206
183
199
228
224
192
403
221
192
392
271
254
226
172
232
196
241
233
257
185
346
248
227
180
325
209
221
249
246
235
214
197
214
212
260
256
198
236
251
192
215
223
740
209
265
239
286
209
148
274
205
192
233
184
217
273
233
246
626
213
199
188
222
234
278
263
220
254
290
362
192
192
231
183
437
231
212
216
263
231
188
384
251
263
258
245
276
165
236
194
170
193
220
240
235
222
180
249
245
222
286
265
169
240
192
278
234
318
216
236
212
285
211
218
239
224
241
177
217
232
226
274
227
198
249
188
243
217
136
215
228
212
191
298
230
394
174
218
214
236
273
259
269
215
220
201
331
277
197
248
224
192
211
288
263
233
248
230
242
257
284
85
232
316
211
275
166
215
278
224
284
268
247
239
256
250
274
234
263
237
206
168
197
355
242
246
142
224
226
270
237
197
246
189
195
247
168
209
261
243
201
198
262
266
258
218
193
214
205
243
245
226
326
243
245
371
244
165
355
216
433
196
237
217
221
248
266
208
219
217
501
459
255
210
233
773
214
191
237
238
245
223
200
370
214
192
256
173
241
178
224
254
230
217
232
310
211
212
258
240
200
213
116
247
205
224
212
239
221
268
411
260
257
222
214
239
195
201
279
255
230
195
227
215
189
235
225
244
206
394
262
283
209
208
168
243
213
186
289
181
239
200
346
227
213
256
193
220
170
161
261
212
237
257
282
231
220
273
237
254
229
246
207
242
262
201
503
188
218
264
225
206
384
226
182
265
337
228
225
246
225
203
245
209
237
253
272
348
225
433
203
252
153
249
241
286
239
296
229
153
218
224
253
207
279
187
190
214
209
159
229
200
186
279
212
174
220
246
202
184
230
248
186
264
271
256
211
281
203
274
627
217
187
222
146
253
264
193
214
213
380
195
219
184
250
206
216
205
570
209
255
247
254
252
259
251
264
216
466
262
175
198
202
264
263
190
218
211
227
216
180
231
216
226
206
249
231
218
238
132
272
204
289
191
232
256
221
215
214
264
232
235
272
216
225
232
210
197
240
204
214
332
314
270
445
428
353
201
244
176
197
225
200
295
205
287
171
267
210
203
213
231
357
259
220
218
262
206
187
233
236
157
209
230
198
231
172
254
175
253
277
207
246
197
270
233
151
214
248
176
226
239
224
253
233
270
182
254
211
273
225
230
194
217
376
354
171
210
247
275
225
174
215
207
244
173
192
319
294
250
246
172
181
277
218
277
207
229
232
330
222
137
240
330
157
236
185
230
174
267
95
260
280
252
205
232
261
183
253
214
266
221
233
173
228
197
261
247
221
183
202
219
209
203
175
169
232
203
193
240
196
250
204
189
232
161
233
160
201
183
217
199
173
232
222
256
228
154
105
200
452
191
259
238
208
246
208
187
244
186
253
224
218
182
224
404
235
200
516
205
227
179
171
211
282
471
212
228
190
186
211
205
182
182
190
179
100
172
206
209
173
217
171
215
177
199
166
228
219
174
234
160
227
282
239
241
192
462
219
162
260
173
218
228
381
190
291
187
215
238
223
398
294
247
178
192
168
192
207
167
248
197
190
253
201
211
291
186
210
217
253
201
275
207
248
235
214
212
195
244
236
218
380
235
272
153
210
204
221
199
185
139
213
206
345
195
171
271
227
244
185
211
198
187
232
194
224
198
268
170
230
330
213
175
282
200
258
251
259
209
264
250
283
271
215
210
211
218
200
182
163
245
191
249
170
476
106
253
245
185
218
179
252
172
180
172
199
196
273
236
172
218
226
269
273
333
219
243
203
182
179
218
244
246
235
411
188
191
225
286
269
215
245
282
364
236
221
216
215
265
233
207
234
285
207
226
219
229
239
160
230
181
214
206
136
201
159
223
200
275
226
191
212
188
258
174
275
232
195
203
198
153
269
305
167
209
242
183
185
174
265
218
212
194
233
246
219
246
152
198
161
290
293
345
186
355
331
266
279
147
271
223
242
248
273
230
237
163
177
246
209
163
256
209
206
212
197
192
228
225
229
174
248
360
148
261
223
221
261
215
168
523
216
184
233
257
185
163
260
164
268
262
189
255
216
389
282
244
257
192
173
194
205
396
229
255
256
268
195
228
198
183
231
181
228
307
220
158
184
218
228
206
230
351
230
200
213
283
171
229
187
332
216
205
237
310
238
181
171
247
216
304
176
190
280
227
185
232
240
218
232
193
175
183
215
167
229
260
205
164
177
234
266
138
154
194
163
215
204
330
134
191
175
204
171
219
611
207
190
159
241
281
284
166
171
244
183
234
183
253
220
232
207
212
190
268
160
226
162
183
228
205
245
255
215
208
197
187
224
236
202
229
241
169
143
306
198
203
238
163
203
168
219
198
270
246
178
250
229
220
232
194
199
256
89
239
176
204
187
170
473
203
371
272
223
192
214
261
206
151
87
217
254
237
280
229
248
202
211
190
201
220
420
251
196
189
152
197
205
175
293
181
405
173
261
225
234
237
210
385
197
214
157
256
278
175
210
214
264
231
232
222
225
248
126
451
177
213
176
414
239
243
241
196
235
178
232
188
330
231
212
220
192
216
268
245
209
246
218
222
242
181
162
247
309
266
243
152
183
271
164
253
82
485
220
187
735
187
182
204
277
265
164
175
160
236
212
237
339
261
331
206
228
180
257
261
250
214
166
471
195
253
233
241
230
230
221
216
197
206
234
196
260
271
415
229
231
202
211
205
267
202
177
222
205
409
120
263
216
269
327
211
218
188
221
228
130
262
172
246
202
208
215
237
156
222
169
205
176
255
266
193
194
192
186
246
275
214
211
242
226
195
255
173
185
186
257
595
209
286
191
227
172
430
267
190
239
200
232
243
270
259
166
334
219
230
190
277
206
158
138
159
144
240
264
186
245
226
208
265
169
201
213
306
241
163
197
173
190
230
208
165
188
227
215
177
104
212
290
131
203
183
234
213
175
249
142
195
190
181
204
254
121
136
227
293
237
126
223
210
163
267
140
223
246
189
220
253
201
187
318
162
197
220
195
174
204
185
283
243
212
195
203
194
235
221
185
212
314
264
191
255
197
206
264
330
202
146
275
234
207
236
222
119
280
279
235
235
295
267
207
206
164
206
259
199
270
202
163
135
410
143
211
193
138
198
184
206
216
240
188
122
175
276
534
188
156
269
178
223
126
197
156
201
186
219
199
259
170
261
201
134
261
237
158
158
231
120
209
216
129
215
189
222
249
169
209
259
191
223
128
228
195
205
204
195
330
249
166
205
225
349
330
520
190
225
228
172
265
221
307
330
231
201
220
155
214
163
232
229
193
163
220
325
186
184
280
247
248
199
92
255
216
184
191
274
122
300
210
186
222
178
195
248
175
345
218
396
195
272
152
256
224
410
191
237
187
283
141
170
247
238
424
185
177
225
217
245
192
217
163
233
170
148
220
165
330
246
194
160
227
209
167
225
206
207
226
185
147
268
236
218
215
185
220
463
159
95
366
217
147
165
233
184
263
322
192
229
191
183
243
248
245
293
217
177
251
123
182
239
258
266
176
268
196
191
259
201
165
154
330
201
165
194
406
226
348
177
512
289
174
207
240
244
260
253
335
163
175
199
248
186
143
195
202
211
256
169
238
190
213
102
292
225
281
229
330
155
248
167
199
173
207
206
277
398
144
236
202
158
191
173
246
192
187
217
207
286
250
223
167
245
238
251
231
264
222
267
176
157
207
267
197
231
224
105
121
135
210
212
193
169
180
182
163
194
212
146
145
252
157
531
235
218
177
221
206
120
169
170
223
231
235
211
220
178
209
162
140
228
243
360
330
161
238
152
385
166
136
244
174
293
206
138
197
282
285
263
243
182
234
203
213
187
197
300
176
152
256
199
247
247
141
182
202
192
174
202
253
217
227
291
191
235
219
198
223
282
147
116
237
242
272
159
187
217
197
160
190
237
173
107
174
157
221
179
180
160
232
231
169
274
327
247
191
224
241
197
244
205
193
236
272
167
133
177
229
170
238
187
175
131
144
211
172
97
330
177
162
304
227
330
246
245
221
165
173
193
153
185
295
261
176
401
212
237
136
136
189
190
190
163
219
246
162
185
229
164
145
179
249
280
158
207
301
272
152
121
169
208
82
165
173
214
267
247
175
195
209
214
330
234
228
144
112
180
203
277
192
167
259
157
191
202
308
96
154
336
223
214
330
169
119
219
150
155
204
178
213
201
118
224
228
190
219
150
211
113
214
82
209
223
206
226
173
330
245
209
230
187
268
163
176
174
163
265
194
185
103
226
159
163
170
218
195
181
170
179
186
397
253
133
236
259
225
125
196
330
207
139
186
124
206
220
219
194
445
234
186
255
248
449
182
184
206
283
330
159
187
180
263
181
330
264
262
107
197
175
193
169
87
247
220
224
217
162
153
212
135
208
162
184
208
219
197
207
287
509
176
244
164
168
277
254
593
120
158
175
214
241
194
255
162
242
118
169
330
167
150
189
136
164
178
218
162
233
250
174
255
281
212
147
225
153
187
337
159
292
203
196
152
461
277
148
175
158
203
190
161
216
330
214
243
165
217
241
211
215
152
180
140
133
185
246
166
153
163
254
179
188
191
151
170
157
128
154
161
221
197
202
144
97
181
127
214
402
330
214
161
213
192
189
136
197
236
432
193
159
188
188
181
87
232
170
226
177
273
215
159
246
244
145
247
241
212
213
137
160
330
210
218
163
162
330
189
177
153
202
86
233
230
158
239
213
225
157
162
264
208
99
167
161
164
241
221
154
117
137
155
309
259
149
363
456
156
200
184
182
209
226
163
151
215
194
110
90
272
250
165
330
124
192
210
192
162
117
243
164
247
188
178
100
287
196
226
227
82
139
291
213
158
217
129
236
171
211
165
330
90
92
182
169
182
221
195
278
239
232
151
207
180
245
188
177
121
160
174
205
180
204
293
221
246
209
171
274
190
179
234
237
173
183
155
166
123
120
188
162
219
222
220
157
157
154
293
197
168
163
188
139
141
252
205
203
176
181
171
141
313
134
171
201
148
171
171
145
162
162
178
133
122
156
205
150
162
182
167
119
188
206
200
183
194
166
124
216
163
179
117
328
202
179
133
193
173
259
199
350
209
171
198
201
166
224
233
214
255
229
137
169
254
124
123
193
232
144
359
97
98
82
330
157
219
175
203
249
188
175
174
221
174
216
150
330
255
181
225
197
330
122
236
146
171
191
252
118
437
222
219
115
234
188
136
139
209
267
166
93
232
115
239
776
228
220
330
176
262
361
244
154
210
216
175
198
208
185
215
177
147
180
228
330
186
82
170
225
219
227
481
255
199
339
221
118
230
142
141
370
198
157
209
268
330
330
330
188
176
220
152
187
189
187
211
192
212
147
146
182
82
299
162
123
198
164
174
223
188
195
334
173
212
163
163
292
234
154
262
167
273
239
141
176
206
180
282
173
226
199
92
205
83
173
178
105
186
145
208
153
246
195
175
197
224
241
200
119
136
163
100
192
219
185
179
183
189
179
161
213
199
215
172
146
158
185
330
159
177
166
192
188
412
211
330
215
199
140
164
224
251
189
294
162
238
269
190
98
234
163
84
155
163
128
226
198
179
356
330
197
178
194
268
95
152
206
162
147
261
165
103
218
161
174
237
221
188
176
152
182
165
142
330
134
311
330
231
82
192
170
232
145
170
159
163
167
206
378
221
209
192
197
244
139
188
170
136
169
163
290
224
190
214
170
200
209
169
243
205
143
173
247
218
209
138
88
271
237
185
263
243
152
279
158
91
152
170
233
284
230
190
140
194
185
187
160
168
189
269
111
202
239
157
198
98
283
197
322
229
176
207
163
139
214
124
206
215
190
183
154
107
220
179
184
85
119
219
224
196
202
197
199
330
172
155
268
252
200
179
188
140
120
188
157
128
111
122
165
159
158
162
168
735
205
169
255
330
179
141
330
197
178
248
177
330
292
214
330
173
258
188
261
242
196
130
178
197
157
211
204
173
149
377
330
158
97
145
176
154
221
330
158
198
225
174
195
244
288
168
246
142
158
248
261
141
186
160
136
152
162
206
172
187
151
170
167
139
391
155
117
216
180
211
82
202
140
235
190
198
364
164
116
82
175
309
113
221
185
201
215
330
228
239
184
193
142
86
182
82
160
143
188
201
330
218
306
158
141
132
330
162
201
196
180
220
184
123
170
162
163
225
186
174
152
479
330
187
138
158
296
165
158
156
235
245
143
199
170
191
282
185
214
144
231
428
159
247
202
228
262
254
258
191
330
330
231
191
140
216
173
116
138
241
260
149
163
181
229
150
155
179
330
191
242
154
179
244
187
173
222
150
214
125
163
776
245
122
224
150
238
188
166
152
330
82
241
245
163
166
204
224
185
145
117
91
166
212
194
134
107
330
166
94
330
104
242
177
141
173
218
136
224
216
275
330
163
330
501
178
431
183
155
330
147
108
228
171
330
330
209
242
215
159
146
137
171
225
132
259
190
172
118
159
206
163
200
235
149
520
330
88
154
153
234
119
95
190
199
208
237
134
170
330
182
187
219
159
86
193
144
187
146
330
199
214
139
171
117
226
218
148
330
134
235
82
330
159
214
151
286
168
182
203
138
106
215
149
152
174
231
113
113
133
83
82
207
231
330
132
116
152
216
201
325
160
209
204
83
144
152
186
136
200
146
144
111
177
216
217
142
289
231
229
236
213
1600
141
98
330
139
187
199
126
174
134
135
261
160
216
151
218
235
165
171
184
119
259
330
330
177
535
165
181
249
155
174
263
246
168
267
163
193
222
161
125
152
119
272
167
137
167
84
170
86
261
150
163
154
109
169
153
180
191
156
187
222
330
330
188
141
145
197
302
152
174
189
149
159
308
176
330
198
330
156
168
400
182
194
127
235
118
84
215
101
136
177
115
200
295
143
129
200
153
194
203
218
233
108
115
164
163
152
161
222
167
85
202
115
261
330
210
113
367
188
131
207
170
97
152
164
152
142
108
227
204
137
168
139
349
165
260
165
218
187
330
181
143
330
82
149
195
127
168
225
188
211
168
270
166
247
139
330
330
151
173
202
110
200
117
171
188
301
122
179
215
207
136
207
149
181
227
330
187
330
95
165
204
330
178
169
178
220
194
117
256
149
102
135
156
179
174
173
188
144
189
126
169
219
143
167
233
295
276
128
152
222
174
97
108
185
224
211
330
109
115
220
124
186
127
170
136
191
218
330
82
330
310
330
152
267
137
101
115
196
112
365
173
87
330
209
147
208
118
505
219
157
330
250
225
196
173
168
102
156
124
132
143
216
189
234
171
231
330
102
103
296
241
143
97
112
330
132
330
414
134
183
170
192
238
155
119
136
154
330
136
149
131
151
170
110
193
202
330
164
478
129
330
121
131
89
218
128
169
154
129
136
167
158
145
256
209
330
330
228
196
180
83
330
148
204
349
199
198
330
330
87
134
105
146
236
265
99
104
161
214
247
145
149
201
138
330
161
151
117
137
87
330
217
487
171
249
236
142
231
90
298
171
89
330
165
330
242
330
204
149
249
139
330
132
192
102
330
153
152
180
162
181
162
224
213
230
151
166
172
194
232
83
170
166
201
330
139
136
163
225
121
265
166
84
191
130
225
124
330
250
147
196
184
208
138
172
150
184
142
223
330
104
234
179
236
203
330
232
355
151
427
195
198
194
152
237
205
330
213
175
330
265
215
213
146
154
330
114
97
161
102
235
330
330
259
149
146
330
100
164
136
87
125
125
161
207
330
330
228
104
246
177
114
194
176
188
330
160
97
109
143
362
103
137
138
204
222
263
121
202
137
229
143
217
145
235
285
164
184
159
195
184
114
330
182
231
179
425
219
330
330
112
83
139
167
177
116
242
218
180
108
175
221
132
330
102
175
96
160
330
330
330
330
326
198
216
330
109
330
155
233
242
267
159
105
254
330
191
85
226
330
186
330
330
342
120
157
190
153
232
219
247
98
330
128
191
127
149
196
119
245
210
212
330
174
266
125
119
169
241
180
190
170
257
192
133
134
141
268
330
187
111
160
151
117
172
86
330
197
186
92
192
203
292
255
330
154
179
228
330
130
122
116
88
330
116
330
168
219
150
330
161
208
126
113
134
112
120
195
330
181
105
232
193
198
763
196
114
163
330
320
259
197
330
330
152
254
173
239
330
232
218
123
199
91
205
229
109
159
189
330
330
219
228
174
237
209
763
270
119
100
208
330
222
330
160
330
257
89
195
172
181
172
330
101
160
245
118
113
183
330
170
140
124
109
187
92
232
228
155
148
291
240
163
100
129
119
163
215
178
229
149
162
330
234
135
330
330
151
218
92
330
149
252
84
176
187
330
199
114
120
243
226
242
201
140
330
83
172
330
330
330
148
234
118
82
119
165
330
194
182
161
151
165
162
330
124
151
288
205
330
356
89
330
330
129
208
239
170
330
253
330
240
242
215
330
141
171
142
330
164
271
98
168
145
167
266
255
211
166
225
330
330
165
111
330
173
178
84
330
227
220
97
330
226
171
464
157
330
184
210
330
168
330
113
166
330
330
207
161
167
202
164
85
330
330
330
178
218
94
82
330
155
525
176
103
144
195
165
174
170
193
84
169
83
212
154
330
439
116
330
330
129
149
240
168
330
255
251
330
330
280
260
330
194
134
173
181
248
197
188
127
171
133
226
122
142
230
291
155
95
170
165
132
204
146
165
216
183
140
106
330
237
179
154
330
330
144
137
106
150
330
154
153
119
101
330
147
138
166
104
140
315
139
107
191
231
134
275
330
165
97
160
330
133
102
82
136
82
192
129
240
255
223
134
194
156
198
237
116
225
181
104
330
211
132
171
105
164
289
173
217
121
105
150
330
130
258
154
116
166
219
240
204
160
330
160
330
135
184
325
330
152
330
330
218
90
212
330
330
189
115
330
141
170
285
304
330
330
145
330
254
164
93
137
330
100
91
85
158
82
138
146
330
134
330
211
330
160
152
201
151
330
126
85
148
163
151
155
234
237
91
117
186
83
143
148
156
145
109
145
195
93
96
192
296
330
238
91
247
347
330
118
330
180
116
234
173
92
85
103
263
245
162
165
152
330
91
330
179
191
330
240
118
330
141
186
159
155
194
203
330
167
330
88
190
108
145
108
206
330
219
330
251
330
94
330
178
196
163
115
135
168
330
330
150
95
178
223
148
129
330
110
82
172
192
330
330
171
87
330
330
215
330
151
94
200
330
231
330
249
82
195
196
140
330
195
139
347
253
166
187
239
182
158
91
330
154
201
330
205
330
330
330
214
330
102
211
229
132
330
130
129
250
330
153
340
99
330
362
123
128
197
149
85
92
330
330
108
103
108
199
154
105
150
89
149
330
103
453
330
191
122
330
129
209
181
103
129
165
159
330
159
158
89
101
85
143
330
119
100
92
160
200
168
531
125
330
102
240
330
93
250
90
104
330
94
154
190
330
231
108
124
219
146
222
330
217
127
330
330
514
235
154
131
330
330
116
135
150
93
330
217
207
330
82
331
330
83
330
273
205
147
330
228
148
168
150
103
119
330
100
330
228
199
165
330
136
221
250
166
139
181
330
101
235
96
128
330
223
330
84
93
187
173
216
99
159
118
330
101
176
126
330
330
174
165
330
125
141
177
330
190
217
89
142
116
138
106
330
249
222
330
133
108
128
148
330
330
103
330
232
171
126
128
321
113
187
104
124
330
138
150
99
151
330
330
189
174
143
330
91
113
330
109
187
168
330
190
84
110
95
101
118
287
330
330
330
193
133
110
193
330
109
330
330
88
202
119
159
330
148
175
324
101
173
116
192
154
117
330
330
174
330
89
120
106
109
330
170
330
89
330
84
330
133
165
112
330
330
118
310
330
138
164
330
168
330
330
85
177
149
123
330
245
126
85
100
330
207
163
330
212
204
330
330
181
330
94
152
250
126
330
142
219
229
427
330
158
330
115
143
263
189
134
330
165
115
200
330
174
330
183
330
190
91
120
104
330
93
187
201
330
100
183
137
330
160
160
278
84
127
85
141
188
211
330
330
147
330
330
160
309
330
127
330
169
330
330
330
86
330
164
199
330
128
183
601
330
330
203
139
330
130
91
123
175
237
133
89
396
330
156
330
330
102
230
172
330
96
111
125
174
340
92
214
204
175
167
278
111
129
119
117
85
232
330
330
198
134
330
107
92
114
191
188
226
155
240
201
330
179
172
213
173
102
199
184
330
186
330
330
150
330
191
101
82
330
330
98
116
160
330
330
330
221
111
220
239
179
120
190
330
330
165
330
148
444
151
166
188
110
192
162
330
209
150
330
145
145
157
235
330
99
205
83
91
208
277
330
256
330
188
234
330
186
204
330
148
103
101
186
330
289
167
172
330
115
165
236
198
124
160
83
330
116
105
134
149
140
330
129
185
245
185
330
330
330
330
162
330
330
138
330
330
85
330
207
330
109
330
90
330
330
97
154
89
330
171
330
209
92
147
240
127
330
157
263
151
126
145
176
330
196
138
140
126
330
143
123
189
330
96
228
330
330
149
126
108
330
135
136
155
201
83
238
330
330
330
199
330
330
330
330
116
83
95
165
198
106
244
330
330
330
330
213
330
330
197
240
106
176
157
330
133
268
104
212
141
84
115
330
180
123
284
330
330
102
330
229
211
330
196
330
83
153
330
330
113
330
235
110
119
330
203
330
224
330
140
330
105
631
183
128
124
218
330
330
168
330
192
330
414
213
330
330
85
209
97
106
330
330
125
330
161
84
104
228
142
204
137
101
93
137
168
170
223
330
224
205
330
138
222
330
330
94
202
330
183
330
240
175
111
330
330
208
112
294
330
274
330
330
330
330
330
203
330
152
182
330
156
136
330
330
330
134
83
330
145
82
160
84
211
174
330
169
330
330
175
154
252
171
330
162
163
213
168
330
86
110
330
195
217
217
330
168
103
330
105
186
168
330
330
254
172
330
330
89
167
330
330
92
144
104
330
155
330
96
205
175
330
169
330
330
218
150
330
130
98
116
105
152
330
176
161
330
330
175
127
152
330
83
330
330
175
330
313
114
240
231
330
192
138
123
183
330
330
330
330
249
238
330
330
330
186
146
330
173
330
330
330
95
330
272
330
190
330
185
132
86
190
330
330
330
133
330
248
173
330
87
203
330
164
95
166
119
163
174
330
330
330
330
330
330
184
330
200
138
82
330
102
330
239
186
298
185
122
171
330
168
330
330
330
193
113
110
206
330
131
330
330
330
237
144
119
330
330
330
330
217
234
225
146
330
330
108
126
232
158
203
330
330
191
143
257
145
162
87
96
144
87
330
214
156
330
198
143
96
172
330
224
330
185
122
330
190
179
99
129
135
179
84
234
230
195
84
330
111
134
330
114
330
154
139
88
156
111
155
211
94
330
135
160
330
82
330
165
123
330
330
166
330
128
330
112
89
330
330
195
330
94
330
124
172
117
330
330
222
87
178
173
330
253
158
330
183
330
330
330
330
330
220
114
330
223
133
120
330
330
330
182
330
330
168
330
173
97
114
193
232
189
241
330
247
330
301
330
330
180
330
175
356
160
118
330
212
84
330
124
154
178
330
330
330
198
252
330
160
249
330
94
330
330
187
227
330
133
330
330
162
169
120
92
102
330
120
330
113
122
330
167
330
330
330
330
330
83
106
330
168
203
164
330
330
330
330
186
123
205
294
95
101
94
183
203
160
330
330
330
161
330
330
106
330
155
330
123
106
330
330
141
87
154
370
330
199
154
330
105
330
214
130
330
150
96
330
330
330
330
330
330
330
134
330
93
330
98
111
166
330
330
119
330
330
330
165
122
222
330
330
330
330
113
330
330
330
128
162
330
83
330
189
330
330
138
136
330
108
330
171
330
107
330
101
110
182
330
93
223
110
219
330
82
199
330
207
113
330
171
330
330
167
197
330
330
168
220
217
115
112
90
330
330
330
330
330
330
330
330
139
154
121
330
330
126
330
188
139
160
330
330
330
105
330
229
286
330
196
146
330
114
330
130
111
330
148
330
149
330
330
122
147
179
87
216
330
330
330
330
148
113
114
148
330
330
330
99
240
330
87
160
152
330
330
211
105
330
330
330
330
330
330
330
127
330
330
195
91
330
98
330
330
202
330
168
330
169
164
330
85
169
169
330
330
330
422
167
254
330
118
133
306
129
330
228
330
330
330
330
330
160
330
113
253
330
113
162
170
220
330
134
157
94
330
185
200
223
330
330
204
330
330
330
330
330
201
82
147
330
120
82
330
330
209
86
330
330
225
141
132
232
330
232
330
330
330
82
163
82
330
174
162
171
330
215
144
330
135
330
123
82
143
170
177
242
235
86
330
330
82
330
128
228
330
167
330
154
330
103
101
330
94
82
330
330
192
168
162
330
296
239
330
82
330
92
97
220
330
330
330
330
82
330
330
330
330
154
196
330
330
330
330
330
330
200
330
85
330
116
131
183
164
182
228
177
330
330
330
330
131
134
330
82
330
330
330
295
330
111
83
330
330
134
109
187
159
330
330
192
164
330
82
330
330
147
192
330
114
245
330
330
330
330
149
157
178
330
187
156
330
122
191
195
184
330
163
131
330
330
132
330
330
159
330
330
109
330
427
99
220
124
114
330
136
135
187
227
330
330
330
89
129
330
330
330
163
93
114
131
114
84
330
330
158
330
96
157
330
330
84
330
330
330
330
87
94
264
193
82
330
330
146
330
330
166
330
200
330
330
330
330
330
194
196
330
330
330
104
189
103
185
107
203
330
172
330
170
330
330
182
330
330
330
154
226
160
330
330
85
330
127
144
330
125
118
330
179
330
330
330
330
330
330
330
330
330
330
330
330
330
330
169
205
330
107
330
330
139
330
330
330
330
92
170
330
330
330
330
330
100
330
330
135
330
240
330
180
149
330
330
184
330
330
212
330
330
209
330
164
330
330
330
172
110
330
123
234
126
330
131
157
330
103
330
330
330
163
330
103
330
178
121
330
330
218
330
330
249
141
102
146
330
234
234
330
330
105
330
330
330
150
330
209
83
330
105
84
330
330
82
330
178
85
330
330
330
95
107
330
160
195
123
330
101
330
116
330
330
148
330
330
330
330
330
330
330
330
330
227
330
187
330
133
330
153
164
330
330
330
330
330
330
330
330
330
330
111
330
330
238
330
159
330
330
330
330
330
330
347
153
330
330
330
330
330
173
330
132
330
196
330
330
85
330
98
97
330
116
98
330
330
330
330
162
330
109
330
330
330
330
330
330
330
138
330
198
330
82
330
330
330
106
330
228
330
140
122
203
98
95
330
330
330
330
108
330
330
330
330
105
330
330
330
330
330
330
330
106
330
145
100
330
330
330
200
330
330
151
123
195
227
141
239
330
330
330
330
99
330
231
148
105
108
149
330
160
330
330
330
330
146
187
330
330
85
94
171
199
100
330
185
82
207
127
111
330
330
330
330
330
330
330
330
146
330
330
330
330
330
330
135
330
330
154
330
330
330
113
330
86
330
94
330
149
123
330
182
330
174
223
201
330
93
330
83
330
330
154
117
135
330
159
330
330
330
252
146
330
330
227
330
330
100
330
330
155
105
170
330
330
330
330
330
211
330
123
154
110
330
330
330
330
138
330
330
330
330
211
330
196
118
104
330
330
330
330
82
92
153
196
98
330
97
330
330
330
98
330
330
330
330
103
330
229
330
330
330
142
229
129
156
330
330
330
174
330
124
330
330
166
330
330
238
186
160
330
330
192
164
330
140
330
330
330
208
330
330
330
330
152
212
330
166
232
330
330
177
330
330
330
330
330
160
330
187
330
330
330
130
330
330
330
125
330
140
330
330
330
330
330
84
161
330
84
330
330
330
330
330
205
97
330
330
107
330
330
162
97
225
124
330
197
330
330
330
224
330
92
330
330
330
82
330
330
330
93
172
532
330
330
82
330
330
330
128
96
330
138
92
181
168
292
126
330
330
101
112
152
271
330
330
330
330
330
330
330
91
330
330
330
218
330
157
117
172
330
330
330
330
225
179
88
330
330
330
84
129
330
102
100
161
166
227
330
330
330
247
158
119
143
330
103
101
330
330
255
224
330
330
97
261
82
110
330
330
330
157
120
151
330
330
330
330
89
330
112
330
166
330
142
136
330
330
330
330
330
91
330
330
330
330
159
172
330
114
330
330
330
178
330
114
330
212
196
330
330
330
330
330
330
330
88
330
330
330
330
330
330
330
187
101
330
330
330
330
140
330
330
210
330
155
330
330
163
176
330
330
330
330
104
177
330
119
154
252
330
169
136
175
330
330
330
115
109
330
330
184
330
330
144
330
191
330
330
330
330
330
83
330
168
330
199
330
330
330
167
330
189
118
143
91
330
330
330
330
261
330
185
197
113
185
330
121
330
330
118
330
224
330
330
84
141
145
270
197
446
190
330
330
330
330
154
92
145
119
95
330
183
330
173
330
330
330
330
182
330
330
330
104
330
330
330
96
330
330
164
330
330
330
330
330
330
330
130
330
330
83
330
330
330
330
330
330
200
330
163
118
330
204
330
330
201
128
165
330
93
198
129
330
125
234
150
330
330
172
330
330
330
98
330
330
125
330
330
330
125
186
330
330
330
99
330
330
330
145
95
330
330
194
198
330
330
95
122
330
86
330
330
132
330
330
330
330
330
330
330
330
330
330
330
330
463
330
118
212
178
228
330
183
237
330
330
205
330
135
330
330
91
330
330
205
330
213
330
87
180
92
163
330
149
330
330
100
330
97
330
330
104
228
330
147
213
104
144
330
330
330
142
330
330
330
330
90
283
330
330
127
153
330
175
330
330
188
330
116
170
330
108
214
330
330
330
233
330
170
330
118
256
330
126
189
126
330
330
330
330
330
330
82
330
330
330
330
330
330
183
138
169
192
420
330
214
330
135
330
147
330
330
330
330
330
330
330
213
330
90
330
330
330
97
330
330
95
330
330
211
330
330
330
330
330
218
330
187
330
330
182
186
159
192
330
330
330
84
330
111
330
330
330
330
144
125
330
330
330
83
330
185
131
330
330
330
330
330
330
157
330
330
330
162
181
330
330
330
330
114
330
330
137
330
330
330
330
330
330
330
126
330
134
330
176
232
330
88
330
330
165
330
82
330
330
330
223
330
330
322
330
213
330
330
330
82
123
176
172
330
106
330
139
330
98
330
330
330
330
122
155
180
330
330
97
330
330
330
330
112
194
330
330
93
330
330
188
124
330
330
330
330
330
330
330
177
258
132
400
330
240
142
330
330
330
210
330
330
330
330
265
105
96
330
94
330
330
330
330
330
330
330
173
330
330
214
330
87
187
330
330
330
330
111
330
330
281
104
330
330
300
330
152
330
330
133
119
194
93
213
330
260
330
330
330
330
330
330
254
330
330
330
86
330
330
101
162
330
190
192
330
330
330
330
176
96
330
127
330
330
330
330
210
163
330
214
173
330
121
330
330
192
84
330
330
330
330
330
166
330
226
330
330
330
330
330
89
239
192
115
163
330
330
330
330
330
330
330
330
330
330
98
111
330
330
330
330
250
199
330
163
330
330
330
330
330
93
330
330
330
330
330
330
330
330
330
155
330
330
94
330
330
85
330
330
330
330
330
330
330
140
330
330
163
330
330
330
330
330
330
188
330
330
133
330
330
330
330
122
330
330
330
330
101
330
330
330
330
330
330
106
330
330
330
330
222
330
330
330
330
330
88
97
330
330
330
330
330
92
330
330
330
124
330
100
330
330
330
86
330
330
330
147
94
330
118
330
523
181
330
330
165
97
330
330
330
330
330
330
330
194
330
182
330
1600
330
330
282
330
154
330
330
196
330
330
330
330
330
330
330
330
222
181
86
89
140
330
438
330
90
330
330
102
82
330
106
157
330
330
330
330
330
129
330
330
223
216
330
330
330
330
330
330
330
168
136
122
95
330
82
330
98
330
106
194
330
105
330
141
330
330
330
330
154
330
281
330
199
330
330
330
133
191
147
330
330
83
190
330
330
330
330
233
330
330
330
165
189
330
216
330
330
330
143
103
127
330
330
330
330
330
232
330
330
221
330
330
330
330
330
330
90
330
330
330
195
183
168
330
330
330
330
330
330
330
330
330
330
330
330
248
330
330
330
330
330
330
330
330
330
330
330
330
330
205
330
330
330
163
330
330
181
330
330
173
82
330
330
162
330
330
330
141
330
330
330
330
119
330
330
330
89
330
169
174
330
330
330
202
330
330
330
330
330
330
330
105
330
330
110
85
330
330
330
330
330
330
136
330
330
330
330
153
330
330
330
162
191
330
330
441
330
330
149
330
330
173
330
330
330
330
330
330
330
222
137
174
330
330
330
330
330
330
330
330
101
330
227
330
330
330
330
330
330
330
163
330
330
330
83
330
330
330
330
330
330
330
330
330
330
117
330
330
330
330
330
153
330
330
330
330
123
330
351
84
330
330
214
330
330
330
330
330
153
330
330
138
330
330
330
195
97
330
330
330
330
330
115
330
233
176
330
330
330
330
330
330
330
330
330
330
330
330
330
330
175
179
330
330
137
330
330
330
330
330
330
330
330
330
330
330
330
330
94
330
330
127
330
330
124
217
104
330
330
330
330
107
330
111
330
330
330
330
163
114
330
330
330
330
330
330
330
147
330
330
123
160
145
330
88
238
330
330
163
330
330
330
330
330
106
82
385
330
330
330
330
330
174
330
330
330
191
330
330
330
330
330
330
330
330
330
330
330
330
330
87
330
86
330
330
211
330
94
330
130
330
86
330
330
330
330
87
330
330
330
250
330
330
330
330
330
187
330
330
330
330
330
330
330
330
330
180
330
330
330
153
330
330
330
330
330
330
424
330
330
199
472
245
330
330
330
330
330
330
330
330
330
330
330
330
330
330
117
330
330
330
82
330
330
330
158
330
154
330
330
330
89
330
135
330
252
330
330
330
108
330
178
112
330
170
330
330
330
330
330
330
330
330
330
116
330
129
330
330
113
330
330
330
330
330
330
330
330
330
330
330
330
330
121
330
224
216
330
330
92
330
330
330
95
330
88
330
330
330
330
330
98
330
330
330
217
111
88
330
204
330
330
330
125
330
330
262
330
330
330
330
330
163
266
330
330
330
330
127
330
330
330
133
330
330
287
121
330
330
330
330
330
168
330
330
330
120
82
330
126
330
183
330
330
330
129
330
330
330
330
130
330
330
330
330
330
330
330
330
330
330
330
330
330
330
330
330
330
330
330
84
330
330
330
330
330
330
330
330
330
94
106
330
100
330
330
330
330
330
330
330
223
330
330
330
330
330
330
149
233
232
330
330
330
330
330
330
330
330
128
223
330
330
330
330
98
122
330
330
330
330
330
330
330
330
330
152
330
192
330
330
330
155
330
216
147
330
330
330
330
330
83
330
330
330
330
233
330
330
330
330
330
330
330
330
330
100
330
330
330
330
330
330
330
330
330
330
330
111
210
330
171
330
211
330
144
330
330
330
330
330
330
330
135
330
330
330
330
187
160
330
110
330
330
126
330
330
173
330
330
330
216
112
330
330
330
330
330
330
330
330
330
130
90
330
254
330
330
195
330
330
330
330
330
330
330
330
330
131
330
172
330
330
330
330
330
330
110
330
87
330
330
144
330
330
330
223
330
147
330
111
330
330
330
330
179
330
194
330
172
330
330
330
330
223
330
330
126
87
330
330
120
330
330
150
139
330
330
161
276
330
330
330
330
131
330
330
330
330
330
330
330
330
110
94
330
158
330
330
330
330
330
330
84
330
330
330
330
101
330
460
330
330
330
330
129
330
330
330
330
99
330
330
330
330
330
330
330
330
162
330
330
330
330
330
330
330
330
330
330
141
330
330
330
330
330
330
330
220
330
330
330
330
330
330
330
330
330
182
330
330
330
330
105
93
194
330
167
330
136
330
330
330
330
330
330
330
330
330
330
330
330
330
162
330
330
330
225
330
330
175
330
330
330
330
167
330
330
330
330
330
330
330
330
330
330
330
330
330
114
330
172
330
104
191
86
201
330
83
330
186
330
106
209
330
330
103
330
330
330
330
330
330
330
330
102
330
330
330
111
330
182
330
126
330
330
330
330
330
330
330
330
330
330
330
330
330
330
148
330
330
330
330
330
330
330
330
330
103
330
330
330
330
330
330
330
330
330
330
330
330
330
330
109
330
190
102
202
330
330
118
330
146
164
330
330
330
330
330
330
330
234
330
95
330
330
330
330
330
330
330
330
330
330
330
330
330
330
225
167
330
330
330
330
164
256
330
98
330
330
330
330
330
330
330
330
330
330
330
330
330
330
330
330
330
104
118
330
330
98
330
330
213
330
330
330
330
330
330
330
330
144
143
130
330
330
330
330
330
330
330
330
330
330
330
330
330
330
330
330
330
330
330
330
134
330
330
330
330
100
150
330
330
330
330
330
330
330
330
330
330
165
330
330
330
330
330
330
176
330
330
330
330
330
330
134
330
178
330
330
330
330
330
86
330
330
330
330
330
330
330
115
330
126
427
330
330
109
113
330
330
145
330
330
330
330
330
330
330
330
330
330
125
330
118
330
98
330
330
103
170
330
185
330
95
330
142
330
330
439
330
330
330
441
330
330
119
330
330
330
202
95
330
330
117
330
83
330
330
330
330
330
330
215
152
330
330
330
101
330
198
330
330
330
330
155
330
330
330
330
330
330
330
330
330
115
330
205
330
330
330
330
88
92
330
330
226
330
330
330
330
330
330
330
330
330
330
330
330
330
330
330
330
330
330
225
330
330
159
330
330
83
330
330
330
330
330
330
330
330
330
330
330
330
330
330
330
330
330
95
330
210
89
330
434
330
330
330
330
330
330
330
330
330
148
330
330
330
330
103
330
330
85
330
330
330
330
330
330
85
330
330
330
330
330
250
330
330
330
330
330
183
222
330
330
330
154
330
330
330
330
82
330
330
330
330
140
330
330
209
330
330
330
97
330
330
149
132
330
330
86
330
330
330
330
330
330
132
330
162
158
330
330
82
171
330
330
330
330
330
330
330
330
330
330
160
330
330
330
330
330
330
330
330
330
88
330
330
330
330
330
192
330
330
330
330
193
330
330
330
330
330
330
330
330
330
330
330
330
330
152
330
330
226
330
196
330
147
330
330
330
330
330
330
104
330
330
330
330
330
162
330
330
330
330
330
330
330
330
184
330
145
105
330
330
330
330
330
330
330
330
85
330
330
330
330
330
330
330
330
330
330
330
137
330
330
330
330
330
330
330
163
145
174
330
330
330
330
330
330
132
104
330
330
330
330
146
330
129
83
330
330
330
330
330
330
215
330
330
330
330
330
82
330
330
330
330
330
330
330
330
330
330
330
330
330
330
226
330
330
330
174
330
330
330
84
330
330
330
132
330
330
330
89
330
330
89
330
116
91
330
330
330
330
330
106
330
89
330
218
330
330
330
330
330
157
330
330
330
330
330
330
130
330
330
330
82
330
97
119
330
330
330
330
115
330
330
330
330
330
82
330
330
330
110
138
330
330
330
330
330
330
204
330
330
330
330
330
330
330
276
330
330
330
330
86
330
175
330
330
330
199
330
330
330
330
330
330
330
157
330
330
330
330
330
84
330
330
330
330
330
330
127
330
330
330
330
330
116
330
330
165
330
132
330
330
330
237
330
330
330
330
330
166
330
330
330
83
330
330
215
330
330
143
330
330
330
330
330
595
330
330
330
330
330
330
330
330
184
238
330
330
330
144
182
330
330
330
330
139
330
330
330
330
330
330
163
330
330
330
330
330
330
330
330
330
330
330
330
330
266
330
152
330
145
330
330
223
159
330
330
330
330
330
330
330
330
330
330
330
330
82
330
330
330
330
135
330
330
330
330
330
330
330
84
330
330
330
330
330
136
330
330
330
330
330
330
122
191
140
330
330
330
330
330
330
85
103
330
154
330
330
330
330
330
330
330
330
330
330
330
330
330
330
330
330
330
330
330
330
330
330
330
330
330
172
330
330
330
330
330
330
330
330
330
330
330
330
330
330
330
175
330
330
330
115
330
98
330
330
330
330
330
330
330
330
330
330
128
330
330
330
330
330
330
330
330
115
330
330
330
150
330
330
330
330
330
330
102
330
330
330
330
330
330
330
330
330
330
330
138
330
330
330
155
83
330
330
330
330
330
102
330
330
91
330
330
330
330
330
330
330
330
330
330
330
105
115
330
330
330
330
330
330
330
330
330
330
165
330
330
330
330
330
330
330
330
330
163
330
330
330
330
330
330
330
330
330
330
330
330
330
330
330
330
330
330
534
330
330
330
330
330
330
330
330
330
330
330
330
330
330
330
330
330
330
330
330
330
330
330
330
330
330
330
330
330
330
330
330
330
330
330
119
330
139
330
330
330
134
103
330
126
330
330
110
330
330
330
330
330
330
330
330
182
330
134
330
330
330
330
117
330
330
330
330
330
217
134
330
330
330
196
84
330
330
179
330
330
101
330
330
330
330
330
330
330
330
330
330
330
330
330
330
330
330
330
330
142
330
330
330
330
255
330
330
330
89
330
330
330
330
330
330
330
330
206
257
330
163
330
330
330
189
330
98
330
330
161
330
330
330
330
136
330
330
330
330
330
330
330
330
330
174
330
330
330
330
330
330
181
330
330
330
441
330
330
330
330
330
330
330
330
330
330
330
330
330
330
330
330
190
330
330
330
125
330
330
115
330
330
330
330
330
330
330
330
330
124
113
330
330
330
330
330
330
330
330
330
330
330
330
905
204
330
330
330
330
330
330
330
238
330
330
330
120
330
266
330
113
330
330
330
330
330
330
330
108
330
330
216
330
330
330
330
330
330
330
139
330
330
330
82
330
330
330
83
330
330
330
330
330
330
176
330
102
330
87
330
86
330
330
330
330
264
330
330
330
330
330
330
330
103
330
330
330
330
330
330
330
330
330
330
137
330
330
330
330
173
330
330
92
330
330
330
330
330
158
171
330
330
330
330
330
330
330
330
216
251
330
176
82
330
330
230
330
330
330
330
330
330
330
101
330
330
330
330
330
127
330
330
330
330
330
330
330
330
330
330
330
330
330
330
102
330
157
330
330
330
330
330
100
330
330
330
162
330
217
330
330
330
330
330
330
330
330
330
160
330
330
330
330
330
330
330
330
330
330
330
330
330
330
330
330
330
330
330
330
218
330
330
330
330
85
330
330
330
177
330
104
153
330
330
330
330
330
330
330
201
330
330
330
330
205
330
144
131
330
330
330
196
330
330
82
330
330
330
330
330
330
330
330
330
330
117
330
330
330
330
330
446
330
134
330
330
330
330
149
256
330
330
330
330
330
330
174
330
330
132
330
330
251
330
330
330
330
330
330
330
126
330
330
330
330
330
330
330
165
330
85
330
330
330
330
330
330
129
330
330
330
330
330
330
330
330
330
330
330
330
187
330
330
330
169
330
330
330
330
189
330
123
330
330
330
330
330
330
330
330
330
330
330
330
142
330
330
330
330
330
330
330
330
330
330
330
330
330
330
330
330
330
330
330
330
330
330
330
330
330
330
330
330
330
330
330
330
330
228
330
330
330
330
330
330
330
330
330
330
330
330
330
330
330
330
330
330
85
330
330
97
330
144
330
330
330
114
330
330
330
330
330
128
330
180
330
330
171
330
222
330
330
330
144
330
330
330
330
92
330
330
330
330
330
330
330
330
330
330
330
147
330
130
330
330
330
330
330
330
330
330
330
330
330
330
330
330
330
330
330
330
330
330
330
330
330
330
330
330
203
330
330
330
330
330
330
330
109
330
330
330
330
330
330
330
330
330
330
330
330
330
330
330
330
330
330
330
330
330
330
330
330
330
330
330
330
330
330
330
330
330
330
330
330
330
330
121
84
330
330
330
102
330
330
330
330
330
330
330
112
330
330
330
330
330
330
330
330
330
330
330
330
330
330
330
330
90
330
330
330
224
330
330
330
330
330
330
330
330
330
330
330
330
330
171
330
330
330
330
330
330
330
330
330
330
330
330
330
330
330
221
234
330
330
330
330
330
330
310
330
330
330
200
330
330
330
330
330
330
330
330
330
136
330
330
330
330
330
330
330
330
330
330
128
330
330
89
330
330
330
330
330
330
330
330
330
330
330
330
330
330
330
330
330
330
330
330
147
330
330
330
330
330
330
330
330
330
142
330
330
330
330
330
330
163
330
330
330
330
188
330
330
330
93
330
330
330
330
330
330
330
330
330
330
330
330
330
330
330
330
162
85
330
330
330
330
330
330
330
330
330
330
330
330
182
330
330
173
330
330
330
330
330
330
330
155
330
330
330
330
330
330
330
330
101
330
330
330
330
330
132
330
330
330
330
330
209
330
330
330
117
330
330
330
330
330
330
171
147
330
330
330
122
330
330
136
330
330
330
330
330
330
330
330
330
330
330
330
330
330
214
330
330
330
330
330
330
330
330
201
330
330
89
330
330
330
330
90
330
330
330
330
330
330
100
330
330
330
330
330
330
330
330
330
330
330
273
330
330
330
192
330
330
330
330
222
172
330
330
330
330
204
330
98
330
95
330
122
330
330
330
330
330
330
330
330
330
140
330
330
394
330
330
330
330
330
330
330
90
330
330
330
330
330
330
82
330
330
330
330
118
330
330
89
330
330
330
330
330
330
330
330
330
330
330
330
330
330
330
330
330
330
330
330
165
330
330
330
330
330
330
330
330
330
330
330
330
330
330
330
330
330
330
330
330
330
385
330
330
184
330
330
330
330
330
330
330
330
193
330
330
330
330
330
330
330
330
330
330
330
330
330
330
118
330
112
330
330
330
330
330
330
330
330
330
330
100
330
330
330
330
330
330
330
154
330
330
330
330
330
330
330
330
330
329
330
330
330
330
330
330
330
330
330
330
330
330
330
330
330
330
84
330
330
330
330
330
330
330
330
330
330
330
330
330
330
330
330
330
330
330
330
330
330
330
330
330
330
330
330
330
330
330
330
330
330
188
330
330
330
330
330
330
330
330
330
330
330
330
330
330
330
330
156
330
330
330
330
330
330
330
330
330
330
125
330
85
330
230
330
330
330
330
330
168
82
330
106
330
330
330
330
330
330
330
330
330
330
176
330
330
330
330
330
330
330
152
330
330
330
330
330
330
205
330
248
330
330
330
330
330
205
330
330
330
330
330
133
330
330
330
330
330
330
330
330
330
330
330
330
330
330
330
330
97
330
330
330
330
330
330
330
330
330
239
216
330
330
330
330
330
330
330
330
330
330
182
330
330
330
330
330
330
330
330
330
330
330
330
330
330
330
330
90
330
330
330
142
330
330
330
330
139
330
330
330
330
330
330
330
330
330
330
122
164
330
330
330
330
330
330
330
330
330
330
330
330
330
330
330
330
330
330
330
330
330
330
330
330
330
330
330
330
221
330
330
330
330
330
330
330
330
330
242
330
330
330
330
116
330
330
330
330
330
330
330
93
330
193
330
330
330
330
330
330
330
330
330
330
330
96
330
330
330
330
330
330
85
330
330
330
330
330
251
330
330
330
149
100
330
330
87
330
330
330
330
330
330
330
83
330
330
330
330
330
330
330
330
330
330
157
330
330
330
83
330
330
330
330
330
330
330
330
120
330
330
330
330
330
330
330
330
330
330
330
330
330
330
330
330
330
159
330
330
330
330
330
330
224
330
330
330
330
330
119
330
330
330
330
330
330
330
330
330
330
330
158
330
91
330
330
330
330
330
330
330
330
330
330
125
330
330
84
330
330
330
89
330
330
330
330
330
330
456
330
227
330
330
330
330
330
164
82
330
330
330
133
330
330
330
103
259
330
330
330
330
330
330
330
330
330
512
330
330
330
330
330
330
330
330
330
330
330
330
330
330
330
330
330
330
330
330
330
301
330
330
330
330
330
330
330
330
330
330
330
330
330
330
278
330
330
330
330
330
330
330
330
330
330
330
330
330
330
330
330
330
330
330
330
330
330
330
167
330
330
330
330
330
330
330
330
330
330
177
422
330
330
330
330
330
330
330
330
330
330
330
330
330
330
330
330
330
330
330
330
330
330
330
330
330
330
330
330
330
330
330
330
330
330
330
330
330
330
330
174
330
330
330
330
330
330
330
330
330
330
330
330
330
330
330
330
330
330
330
330
330
330
330
330
88
330
330
330
330
330
330
330
330
330
330
330
330
330
187
330
330
211
330
330
330
330
330
330
330
330
330
330
330
330
330
330
330
330
120
330
330
330
330
203
330
330
330
330
330
330
330
330
330
330
330
330
330
330
330
167
330
218
330
330
330
330
330
330
330
330
330
330
330
87
330
330
330
330
330
330
242
330
330
87
330
330
330
330
330
85
330
262
330
330
330
330
330
330
102
330
330
330
330
330
157
330
330
330
330
330
330
330
330
128
330
330
330
330
171
330
147
330
108
330
330
330
330
330
330
330
215
330
330
330
330
330
330
330
330
330
330
330
330
330
330
330
330
330
330
330
330
330
330
330
330
330
330
163
330
330
330
330
330
330
330
330
330
330
330
330
330
330
330
330
330
362
133
330
330
330
330
330
330
330
330
330
122
330
330
330
330
330
330
330
330
330
330
330
330
330
330
330
330
330
330
330
330
330
330
330
330
330
330
330
330
330
330
330
240
330
219
330
330
330
330
169
151
330
330
330
330
330
330
197
330
330
330
330
330
330
330
330
330
219
330
330
330
330
330
330
330
330
330
330
330
330
330
330
330
330
330
330
90
330
201
330
330
330
330
330
330
330
330
119
330
330
330
330
330
330
330
330
83
330
330
188
330
330
138
330
330
330
330
330
330
330
330
330
330
330
330
330
330
330
330
330
330
330
330
330
93
330
330
330
330
330
330
330
330
98
330
330
330
330
330
330
330
330
330
330
330
201
330
330
125
330
330
330
330
330
330
330
330
330
330
330
330
330
330
330
330
134
330
176
330
330
330
330
330
330
330
330
330
330
330
330
330
330
330
330
330
330
330
211
330
330
330
330
330
330
330
330
330
330
330
330
330
330
330
330
330
330
330
330
330
330
330
330
330
330
330
330
330
330
91
330
330
330
330
330
330
330
330
330
330
330
330
330
203
330
330
330
330
330
330
330
330
330
330
330
330
133
330
330
330
330
330
330
330
330
330
330
330
330
330
330
330
330
200
330
330
330
330
330
330
330
330
330
330
330
330
330
330
330
330
173
330
330
330
330
330
330
330
330
330
330
330
330
330
330
330
330
330
330
330
330
330
330
330
330
178
330
166
330
330
330
330
330
330
330
330
330
330
330
330
330
163
330
330
330
330
330
330
102
330
330
330
330
330
330
330
330
330
150
330
330
330
157
330
330
330
330
330
330
412
155
330
330
330
330
330
98
330
330
330
396
330
330
330
330
330
139
330
330
330
330
330
330
330
330
330
330
330
330
330
330
330
330
330
330
330
330
330
330
330
330
330
212
330
330
330
330
330
330
330
330
330
148
330
330
330
330
330
330
330
330
330
330
330
190
330
330
330
330
330
330
330
330
330
330
330
330
330
330
84
330
330
330
330
330
330
330
330
330
84
330
330
229
330
330
330
330
330
330
330
330
330
330
330
330
330
330
330
330
107
330
330
330
330
82
330
330
330
330
330
330
330
330
163
330
330
330
330
330
330
330
330
330
330
330
330
108
330
330
330
330
330
330
330
330
330
330
330
330
330
330
330
330
330
330
330
330
330
330
330
330
330
330
330
330
330
330
330
330
330
330
330
330
330
330
330
330
330
330
330
330
330
330
330
330
330
330
330
330
330
177
330
330
330
330
330
330
330
330
330
330
330
330
330
330
330
330
330
330
330
330
330
330
330
330
330
330
330
330
196
330
119
330
98
330
330
330
330
182
330
330
330
330
330
330
330
330
330
330
330
330
330
330
330
112
330
330
330
330
330
330
330
330
330
330
330
330
330
330
330
330
330
330
330
330
330
330
330
330
330
330
330
330
330
330
330
330
330
330
330
330
330
330
330
252
330
330
330
330
330
330
330
330
330
330
330
330
330
330
330
330
330
449
330
330
330
330
330
330
330
330
330
330
330
330
330
330
330
330
330
135
330
330
330
330
330
158
330
330
330
330
330
330
330
330
330
394
330
83
330
135
330
330
113
330
138
330
330
330
330
330
330
330
330
330
330
330
330
330
330
330
330
330
330
330
330
330
330
330
330
330
330
330
330
330
172
330
330
330
330
99
330
330
330
330
330
330
330
330
135
330
330
481
330
330
330
330
330
330
330
330
330
240
330
330
150
330
330
330
330
330
330
330
330
330
330
330
330
330
217
330
330
330
330
330
330
330
330
330
330
330
330
330
330
330
330
330
330
330
330
330
330
330
330
330
330
330
330
330
330
330
330
330
330
330
330
330
330
330
330
330
330
330
330
330
330
330
330
330
330
330
330
330
330
330
330
330
330
330
330
330
330
330
330
330
330
330
330
330
330
330
330
330
330
330
330
330
330
330
330
330
330
330
330
330
330
330
330
330
330
330
330
330
330
330
330
330
330
330
330
330
330
330
330
330
330
330
330
122
330
330
330
330
330
330
106
330
330
330
330
330
330
330
330
330
330
250
330
330
165
330
330
330
330
330
330
330
330
330
330
330
330
330
330
330
330
330
330
330
330
330
330
330
330
330
330
330
330
330
246
330
108
330
330
330
330
330
330
330
143
330
169
330
330
330
330
330
330
330
330
330
330
330
330
330
330
223
330
330
330
330
330
330
330
330
330
330
330
330
330
330
330
330
330
330
330
330
182
330
330
330
330
330
330
330
330
330
330
88
330
330
330
330
330
330
330
330
330
330
330
330
330
330
330
330
330
330
330
330
330
330
330
330
330
330
330
330
330
330
330
330
330
330
330
330
330
330
330
330
330
330
330
330
144
330
330
245
116
330
330
330
330
330
176
330
330
330
330
330
330
330
330
330
330
330
330
330
330
330
330
330
330
330
330
330
330
330
330
330
330
330
330
330
330
330
330
330
330
330
330
330
330
330
330
330
330
330
330
120
330
330
330
330
330
133
330
183
330
330
330
330
330
330
330
330
330
330
330
330
330
330
129
330
330
175
330
182
330
330
330
330
330
330
330
330
330
330
330
330
330
330
330
330
330
330
330
330
330
330
330
330
330
330
330
330
330
330
330
330
330
330
330
330
330
330
134
330
330
330
330
330
330
330
330
330
330
330
330
330
330
330
330
330
330
330
330
330
330
330
330
330
330
330
330
330
330
330
330
330
330
227
330
124
330
330
330
330
330
330
330
89
330
330
330
330
330
131
330
330
330
330
330
330
330
330
330
330
330
330
330
330
330
330
330
330
330
153
330
330
330
330
330
330
330
330
98
92
330
330
250
330
330
330
330
330
82
330
330
330
330
330
330
330
330
330
330
330
330
330
330
330
330
330
330
330
330
330
330
330
330
330
330
330
330
330
293
330
330
330
330
330
330
330
330
330
330
330
330
330
330
330
330
330
330
330
330
330
330
330
330
330
330
330
330
330
330
330
330
330
330
330
330
330
330
330
330
330
330
330
330
330
330
330
330
330
330
330
330
330
330
330
330
330
173
330
330
330
330
330
330
330
330
330
330
330
330
330
330
330
330
330
330
330
330
330
330
330
330
330
330
330
330
330
330
330
330
330
330
87
330
330
330
330
330
330
330
330
330
330
330
330
330
330
330
330
330
330
330
330
330
330
330
330
330
330
330
330
330
330
330
330
330
330
330
330
109
330
330
330
330
330
330
330
146
330
330
330
330
330
330
330
330
330
330
330
330
330
330
330
330
330
330
330
330
330
330
330
330
330
330
330
330
330
330
330
330
330
438
330
330
330
330
330
330
330
330
330
330
330
330
330
330
330
330
330
330
330
127
330
330
330
330
330
330
330
135
330
330
330
330
330
330
330
330
330
330
330
330
330
330
330
330
330
330
330
330
330
330
330
330
330
330
330
330
330
330
330
330
330
330
330
330
330
330
330
330
330
330
330
330
330
330
330
330
330
330
330
330
330
330
330
330
330
330
330
330
406
330
330
330
330
330
330
330
330
330
330
330
330
330
220
330
330
330
330
330
330
330
330
330
330
330
330
330
330
330
330
330
330
330
149
330
330
330
330
330
330
330
330
330
330
330
330
129
330
330
170
136
330
330
330
330
330
330
330
330
330
330
330
330
330
330
330
330
330
330
330
330
330
330
330
330
330
330
330
330
330
330
330
330
330
330
330
330
330
330
330
330
330
330
330
330
330
330
330
330
330
330
330
330
330
330
330
330
330
330
330
330
330
330
330
330
330
330
330
330
330
330
330
330
330
330
330
330
330
330
330
330
330
330
330
330
330
330
330
92
330
330
330
330
330
330
330
330
330
330
330
330
330
330
330
330
330
330
330
330
330
330
330
330
330
330
330
330
330
330
241
330
116
330
330
330
330
330
330
330
330
330
330
330
330
330
330
330
330
330
330
330
330
330
330
330
330
330
330
330
330
330
330
330
330
330
330
330
330
330
330
330
83
330
330
330
330
330
330
330
330
330
330
330
330
169
330
330
330
330
330
330
330
330
330
330
330
330
330
111
330
330
330
330
330
330
330
330
330
330
330
330
156
330
330
330
330
330
330
330
330
330
330
330
330
330
330
330
330
330
330
85
330
330
124
330
330
330
330
330
330
330
330
330
330
330
330
330
330
330
330
330
226
330
330
330
330
330
330
330
330
330
330
195
330
330
330
330
330
330
330
330
330
330
330
330
330
330
330
330
330
330
330
330
330
330
330
330
330
330
330
330
330
330
330
300
330
330
330
330
330
330
330
330
330
97
330
330
330
330
330
330
83
330
330
330
330
330
330
330
330
330
330
330
330
330
330
330
330
330
330
330
330
330
330
330
330
330
330
330
140
330
330
330
330
330
330
330
330
330
330
330
330
330
330
330
530
330
330
330
330
330
330
330
330
330
330
330
330
330
330
330
330
330
330
330
330
330
330
330
330
330
107
330
330
330
330
330
330
330
330
330
330
330
330
330
330
330
330
330
330
330
330
330
330
330
330
330
330
330
330
330
330
330
330
330
330
330
330
330
330
330
330
330
330
330
330
330
330
330
330
330
330
330
330
330
330
330
330
330
330
330
330
330
330
330
330
330
330
330
330
330
330
330
330
330
330
330
330
330
330
330
330
330
330
330
330
330
330
330
330
330
330
330
330
330
330
330
330
330
330
330
330
330
330
205
330
330
330
330
330
330
330
330
330
330
330
330
330
330
330
330
330
330
330
330
330
330
330
330
330
330
330
330
330
330
330
330
330
330
330
330
330
330
330
330
330
330
163
330
330
330
330
330
330
330
330
330
330
98
330
330
330
330
330
330
330
330
126
330
330
330
330
330
330
330
330
330
330
330
330
330
401
330
330
330
330
330
330
330
330
330
330
330
330
330
330
330
330
330
330
330
330
330
330
330
330
330
330
330
330
330
330
330
330
330
330
330
330
330
330
330
330
330
330
330
330
138
330
330
330
330
330
330
330
330
330
330
330
164
330
330
330
330
330
330
330
330
330
330
127
330
330
330
330
330
330
330
330
330
330
330
330
330
330
330
330
330
330
330
330
330
330
330
330
330
330
330
330
330
330
330
330
330
330
330
330
330
330
330
330
330
351
330
330
330
330
330
330
330
330
330
330
330
330
330
330
330
330
330
330
330
330
330
330
330
356
330
330
330
330
330
330
330
330
330
330
330
170
330
330
330
330
330
330
330
330
330
330
330
170
330
330
330
330
330
330
330
330
330
330
330
229
330
330
330
330
330
330
330
330
330
330
330
330
330
330
330
330
330
330
330
330
330
330
330
330
330
330
330
330
400
330
330
330
330
330
330
330
330
330
330
330
330
330
330
330
330
330
330
330
330
330
330
330
330
330
219
330
330
330
330
330
330
330
330
330
330
330
330
330
330
330
330
330
213
330
330
330
330
330
330
330
330
330
330
330
330
330
330
274
330
330
330
330
330
330
330
330
330
330
330
330
330
330
330
330
330
330
330
330
330
330
330
330
330
330
330
330
290
330
330
330
330
330
330
330
330
330
330
330
330
330
330
83
330
330
330
330
330
330
330
397
330
152
117
330
330
330
330
330
330
330
123
330
330
330
330
330
330
330
330
330
330
330
330
330
330
330
330
330
330
330
330
330
330
330
330
330
330
330
330
330
330
330
182
330
330
330
330
330
330
187
330
330
124
330
330
330
330
330
330
136
330
330
330
330
330
330
330
330
330
330
330
330
330
330
330
330
330
330
330
330
330
330
330
330
330
330
330
330
330
330
330
330
330
330
330
330
330
330
330
330
330
330
330
330
330
330
330
330
330
330
330
330
330
330
330
330
330
137
330
330
330
330
330
330
330
330
330
330
330
330
330
330
330
330
330
330
330
330
330
330
330
330
308
481
330
330
330
330
148
330
330
330
330
330
330
330
330
330
330
330
204
330
330
330
330
330
330
330
330
330
330
330
330
95
330
330
330
330
330
330
330
330
330
330
306
330
330
330
330
330
330
330
330
330
330
330
330
330
330
330
330
330
330
330
330
330
330
152
330
330
330
330
330
330
330
330
330
330
330
330
330
330
330
330
330
330
330
330
330
330
330
330
330
330
330
330
330
330
330
330
330
330
330
330
330
330
330
330
330
330
330
330
330
330
330
330
330
330
216
330
330
330
330
330
330
330
330
330
330
330
330
330
330
330
330
330
330
330
330
330
330
330
330
330
180
330
330
330
330
330
330
330
330
330
330
330
330
330
330
117
108
330
330
330
330
330
330
330
330
330
330
330
330
330
330
330
330
330
330
330
330
330
330
330
330
330
330
330
330
330
330
330
330
330
330
330
330
330
330
330
330
330
330
105
150
330
330
330
330
330
330
330
330
330
330
330
330
330
330
330
330
330
330
330
330
330
330
330
330
330
330
330
330
330
330
330
330
330
330
330
330
330
330
330
330
330
330
330
153
330
330
330
330
330
330
330
330
330
330
330
330
330
330
330
330
330
136
330
330
330
330
330
330
330
376
330
330
330
330
330
330
330
330
330
330
330
330
330
165
330
330
330
330
330
330
330
330
330
330
330
330
330
330
330
330
330
330
330
330
330
330
330
330
330
330
330
330
330
330
330
330
330
330
330
330
330
330
330
330
330
129
330
330
330
330
330
330
330
330
330
330
330
330
330
330
330
330
330
330
330
330
330
330
330
330
330
330
330
330
330
330
330
330
181
330
330
330
330
330
330
330
330
330
330
330
330
330
330
330
330
330
330
330
330
330
330
330
330
330
330
330
330
330
330
330
154
330
330
330
330
330
330
330
330
330
330
330
330
330
330
330
330
330
330
330
330
330
330
330
330
330
330
330
330
330
330
330
330
330
152
330
132
330
330
262
330
330
330
330
330
330
330
330
330
330
330
330
330
330
330
330
330
330
330
330
330
330
330
330
330
330
330
218
330
330
330
330
330
330
330
330
330
98
330
330
330
330
330
330
380
330
330
330
330
330
330
330
330
330
330
82
330
330
330
330
330
330
330
330
330
330
330
330
330
330
330
330
330
330
330
330
330
330
122
330
330
330
330
330
101
330
330
330
330
330
330
330
330
330
330
330
330
330
330
330
330
330
330
330
330
330
330
330
330
330
330
330
330
330
330
330
330
330
330
330
330
330
330
330
330
330
330
330
236
330
330
330
330
330
330
330
330
330
330
330
330
330
330
330
330
330
330
330
330
330
330
330
193
330
330
330
330
330
330
330
330
330
330
330
330
145
330
330
330
330
330
330
330
330
330
330
330
330
330
201
330
330
330
330
330
330
330
330
330
330
330
330
330
330
330
330
330
330
330
330
330
330
330
330
330
330
330
330
330
330
330
330
330
168
330
330
330
330
330
330
330
330
330
330
330
330
330
330
330
330
330
330
330
330
330
218
330
330
330
330
330
330
330
330
330
330
330
330
214
330
330
330
330
330
217
330
330
330
330
330
330
330
330
330
330
330
330
330
330
330
330
330
330
330
330
330
330
330
330
330
330
330
330
330
330
330
330
330
330
330
330
330
330
330
330
330
330
113
330
330
330
330
330
330
330
330
330
330
330
330
330
330
330
330
330
330
330
330
330
330
330
330
330
330
330
330
330
330
330
330
330
330
330
330
330
330
330
330
330
330
330
330
330
330
330
330
330
330
330
330
330
330
330
330
330
330
330
330
330
330
330
330
330
330
330
330
330
330
330
330
330
330
330
330
330
330
330
330
330
330
330
330
330
330
330
330
330
330
330
330
330
330
330
330
330
330
160
330
330
330
220
483
330
330
330
330
330
330
330
330
330
330
330
330
330
330
330
330
330
330
330
330
330
330
330
330
330
330
330
330
330
330
330
330
330
330
330
330
330
330
330
330
330
330
330
330
330
330
330
330
330
330
330
330
330
330
330
330
330
330
112
330
330
330
330
330
330
330
330
330
330
330
330
330
330
330
330
330
330
330
330
330
330
330
330
330
330
330
330
330
330
330
330
330
330
330
330
330
330
330
330
330
330
330
330
330
330
330
330
158
330
330
330
330
330
330
330
330
330
330
330
330
330
330
330
330
330
330
330
330
330
330
330
330
330
330
330
330
330
330
330
330
330
330
330
292
330
330
330
139
151
330
330
330
330
330
330
330
330
330
91
330
330
330
330
230
330
330
330
330
330
330
330
330
330
330
209
330
330
330
330
330
330
330
330
330
330
330
330
330
330
330
330
330
330
330
147
330
330
330
355
330
330
330
330
330
330
330
330
330
330
330
330
330
330
330
330
330
330
330
330
330
330
330
330
330
330
330
330
330
330
330
330
330
330
330
330
330
330
330
330
330
330
330
330
330
330
330
330
330
330
330
330
330
330
330
330
330
330
330
330
330
330
330
330
330
330
330
330
330
330
330
330
330
330
330
330
330
330
330
330
330
330
330
330
330
330
330
330
330
330
330
330
330
330
330
330
330
330
330
330
172
330
330
330
330
330
330
330
330
330
330
330
330
330
330
330
330
330
330
330
330
330
330
330
330
330
330
330
330
330
330
330
330
330
330
330
330
330
330
330
330
330
330
330
330
330
330
330
330
330
330
330
531
330
330
330
330
330
330
330
330
330
330
330
330
330
115
330
330
330
330
330
330
330
330
330
330
330
330
330
330
330
330
330
330
330
330
330
330
330
330
330
330
330
330
330
330
330
330
330
330
330
330
330
330
330
330
330
330
330
330
330
88
330
330
330
330
330
330
330
330
330
330
330
330
330
330
330
330
330
330
330
330
330
330
330
330
330
330
330
330
330
330
330
330
330
330
330
330
330
330
330
330
248
330
330
330
330
330
330
330
330
330
330
330
158
330
330
330
330
330
330
330
330
330
330
330
330
330
330
330
330
330
330
330
330
330
330
330
330
330
330
330
330
330
330
330
330
330
330
330
330
330
330
330
330
330
330
330
330
330
330
330
330
330
330
330
330
330
330
330
330
330
330
330
330
330
330
330
214
330
330
330
330
330
330
330
330
330
330
330
330
330
330
330
330
330
330
330
330
330
330
330
330
330
330
330
330
330
330
330
330
330
330
330
330
330
330
330
330
330
330
330
330
330
330
330
330
330
330
330
330
330
330
330
330
330
330
330
330
330
330
330
205
330
330
330
330
330
330
330
330
330
330
330
330
330
330
330
330
330
330
330
330
330
330
330
330
330
330
330
330
330
330
330
330
330
330
330
330
330
330
330
330
330
330
330
330
330
119
330
330
330
330
330
149
330
330
330
330
330
330
330
330
330
330
330
330
330
330
330
330
330
330
330
330
330
330
330
330
330
330
330
330
330
330
330
330
330
330
330
330
330
330
330
330
330
330
330
330
330
330
330
330
330
330
330
330
330
330
330
330
330
330
330
330
330
330
330
330
330
330
330
330
330
330
330
330
330
330
330
330
330
99
330
330
330
330
330
330
330
330
330
330
330
330
330
330
330
330
330
330
330
330
330
330
330
330
330
330
330
330
330
330
330
330
330
330
330
330
330
330
330
330
330
330
330
330
330
330
330
330
330
330
330
330
330
330
330
330
330
330
82
330
330
330
330
330
330
330
330
330
330
330
330
330
330
330
89
330
330
330
330
330
330
330
330
330
330
330
330
330
330
330
330
330
330
330
330
330
330
330
330
330
330
330
330
330
330
330
330
330
330
330
330
330
330
330
330
330
330
330
330
330
330
330
330
330
330
330
330
108
330
330
330
330
330
330
330
330
330
330
330
330
330
330
330
330
330
330
330
330
330
330
175
88
330
330
330
330
330
330
330
330
330
330
330
330
330
330
330
330
330
330
330
330
330
330
330
330
330
330
330
330
330
330
330
330
330
330
330
330
330
330
330
330
330
330
330
330
330
330
330
330
330
330
330
330
330
330
330
330
330
330
330
330
330
330
330
330
330
330
330
330
330
330
330
330
330
330
330
330
330
330
330
330
330
330
330
330
330
330
330
330
330
330
330
330
330
330
330
330
330
330
330
330
330
143
330
330
330
330
330
330
330
330
330
330
330
330
330
330
330
330
330
330
330
330
330
330
330
330
330
330
330
330
330
330
330
330
330
330
330
330
330
330
330
330
330
330
330
330
330
330
330
330
330
330
330
330
330
330
330
330
330
330
330
330
330
330
330
330
330
330
330
330
330
330
330
330
330
330
330
330
187
330
330
330
330
330
330
330
330
330
330
330
330
330
330
330
330
330
330
330
330
330
330
330
330
330
330
330
330
330
330
330
330
330
330
330
330
330
330
330
330
330
330
330
330
330
330
330
330
330
330
330
330
330
330
330
330
330
330
330
330
330
330
330
330
330
330
330
330
330
330
221
330
330
330
330
330
330
330
330
330
330
330
330
330
330
330
330
330
330
330
190
197
330
330
330
330
330
330
330
330
330
330
187
330
330
330
330
330
330
330
330
330
330
330
330
330
330
330
330
330
330
330
330
330
330
330
330
330
330
330
330
330
330
330
330
330
330
330
330
330
330
330
330
330
330
330
330
330
330
330
330
330
330
330
330
330
330
330
330
330
330
330
330
330
330
330
330
330
330
330
330
330
330
330
330
330
205
330
330
330
330
330
330
330
330
330
330
330
330
330
330
330
330
330
330
330
330
330
330
330
330
330
330
330
330
330
330
330
330
330
330
330
330
330
330
330
330
330
330
330
330
330
330
330
330
330
330
330
330
330
330
330
330
330
330
330
330
330
330
330
330
330
330
330
330
330
330
330
330
330
330
330
330
330
330
330
330
330
330
330
330
330
