446
332
333
349
462
349
350
344
315
332
325
325
432
327
577
360
324
340
353
348
582
334
337
358
488
335
380
390
345
364
363
335
375
326
336
373
356
533
375
362
340
347
385
448
380
375
369
361
326
328
311
321
345
357
346
338
364
555
449
350
383
418
317
352
322
319
364
335
381
489
395
338
315
290
519
366
368
340
462
323
329
328
339
388
521
508
379
329
413
375
329
333
370
341
360
347
728
475
319
368
357
325
342
331
365
344
1003
347
362
367
305
348
385
326
331
446
378
322
310
381
431
419
301
511
378
410
332
419
433
716
377
315
356
345
332
505
317
493
327
536
452
560
337
394
334
375
334
511
375
341
546
346
355
331
389
433
330
798
416
405
320
332
375
349
375
352
380
354
369
513
536
633
359
331
344
384
316
353
331
364
617
358
313
344
324
349
352
353
381
484
328
341
348
519
619
345
311
319
340
330
348
418
305
439
351
748
314
409
369
354
350
321
437
494
381
335
347
339
343
360
315
318
318
363
358
358
314
324
360
557
343
359
355
339
515
369
294
392
322
365
562
326
383
477
335
344
299
507
332
491
571
389
302
359
318
351
312
351
485
355
300
323
349
521
334
365
488
328
494
474
436
446
336
321
469
342
545
323
318
511
394
333
360
1010
397
372
354
574
333
327
333
426
567
335
315
372
326
304
314
313
687
389
362
334
466
313
378
386
355
513
419
474
512
324
322
315
354
295
352
331
461
536
342
591
370
306
521
506
340
541
459
329
365
532
332
351
347
581
350
342
459
320
304
327
351
310
441
337
311
335
546
583
305
467
309
381
487
308
350
566
345
492
319
333
326
290
513
372
631
555
334
322
311
545
311
306
329
503
312
676
319
531
338
362
308
555
281
588
327
331
324
319
321
292
297
276
620
500
310
354
312
304
366
324
335
363
312
329
323
438
498
395
444
593
645
325
320
310
381
464
394
459
305
358
593
567
460
361
675
311
364
468
321
748
614
368
519
624
366
325
581
658
336
333
587
1163
302
430
378
301
337
363
313
340
615
361
328
345
305
596
334
314
332
290
335
356
479
301
356
571
578
328
362
904
503
375
321
362
330
300
632
340
337
430
328
549
488
360
317
350
575
546
306
304
363
334
600
524
312
319
331
310
320
333
541
305
313
327
329
378
328
309
325
459
524
440
329
346
497
733
486
360
307
326
300
325
358
345
545
505
430
354
315
405
744
448
385
822
334
372
424
290
405
318
350
499
353
344
455
315
319
404
425
323
315
331
365
315
372
338
377
503
393
313
839
333
370
572
538
383
709
415
404
309
681
296
525
333
360
299
288
312
366
323
305
312
527
360
342
356
331
373
419
343
387
344
503
348
493
356
296
328
304
601
307
370
294
475
355
451
343
349
881
365
394
502
324
584
268
489
335
350
302
310
470
300
329
347
515
326
841
309
299
608
321
332
285
481
329
323
649
365
327
333
639
307
328
485
321
408
356
471
858
328
322
316
325
500
314
316
308
350
370
302
310
302
317
297
301
294
331
274
336
326
521
559
334
336
355
369
327
316
331
342
305
539
386
341
328
320
340
463
597
393
318
479
448
332
509
451
327
345
619
302
296
336
471
310
321
339
411
551
461
352
355
442
338
329
303
314
401
340
579
340
338
288
397
304
616
345
304
539
323
448
441
346
289
351
380
488
309
347
330
338
280
359
311
334
298
324
529
318
468
304
419
482
317
315
316
350
322
321
334
327
310
315
489
306
320
536
338
305
432
321
321
387
315
306
1307
297
320
299
377
393
343
315
430
325
314
305
1021
291
290
324
552
277
330
308
531
348
332
291
310
304
319
345
314
313
321
487
278
326
323
1378
382
323
305
474
311
314
325
543
371
318
354
570
302
307
310
329
352
316
300
560
586
377
299
692
301
410
312
321
311
704
315
651
548
322
294
319
354
393
303
342
320
354
402
345
303
373
333
290
345
318
317
322
351
403
456
369
436
377
513
291
338
489
287
307
292
323
346
319
403
325
446
321
367
416
314
368
511
331
770
335
323
520
593
279
320
336
370
276
320
678
325
553
379
454
333
319
300
602
373
381
594
414
330
1017
307
341
604
341
373
309
546
342
366
344
363
284
562
280
297
318
312
293
342
405
293
591
516
314
613
399
1140
547
1112
679
333
289
320
344
324
325
946
304
304
423
471
371
312
580
585
386
325
319
310
444
326
469
325
305
624
314
298
774
346
357
342
557
492
377
327
338
573
461
369
303
416
357
325
421
316
527
375
342
345
329
289
359
352
375
309
490
341
347
537
311
391
322
316
315
278
433
369
301
307
324
292
315
502
307
331
328
293
309
271
325
382
446
340
425
294
308
336
331
386
327
329
324
296
458
550
342
316
313
349
316
325
305
314
341
627
385
505
305
325
331
319
319
1090
473
298
347
342
295
337
333
419
360
609
294
325
320
304
364
341
273
310
358
310
326
296
375
311
369
320
312
627
338
362
768
292
321
369
541
412
311
334
480
334
330
524
297
318
393
341
600
345
364
290
326
361
617
294
297
325
299
367
629
320
281
476
306
360
608
334
338
304
305
356
297
305
336
578
294
335
331
303
297
310
323
307
324
330
296
278
516
369
322
313
317
341
346
528
286
289
315
333
350
357
316
406
337
297
798
322
308
298
650
299
317
471
301
324
511
288
312
294
524
454
342
361
307
424
495
355
517
399
320
298
297
342
307
325
301
350
353
380
291
282
341
306
312
1038
316
328
308
432
617
314
320
304
331
395
314
315
369
306
388
301
585
292
391
316
335
327
382
457
312
332
303
317
305
295
510
310
346
311
328
320
290
472
325
296
539
304
316
497
490
326
426
327
488
300
377
402
394
300
445
289
321
342
288
287
296
374
302
305
365
284
578
551
762
324
327
309
315
1038
394
336
272
513
331
306
295
340
329
332
315
323
311
315
306
466
320
352
350
329
543
298
301
562
392
292
424
410
326
350
343
302
328
279
310
300
308
292
633
321
690
502
295
350
292
288
323
302
338
340
302
368
315
316
271
328
315
533
452
294
325
301
304
455
302
286
350
316
360
464
540
293
481
420
320
328
357
378
366
346
406
436
341
336
291
466
315
292
380
454
305
297
301
380
361
245
280
284
358
546
477
427
304
399
339
595
337
441
553
283
381
271
305
701
281
335
297
592
300
308
322
291
686
340
532
465
461
329
325
326
316
338
336
379
409
326
528
830
360
514
307
351
307
289
317
840
468
308
310
313
292
353
308
528
355
334
494
446
501
348
368
387
514
294
360
290
280
294
317
291
307
485
305
318
671
446
609
354
339
299
306
695
509
356
503
343
293
383
349
303
295
313
330
441
301
318
328
501
291
313
312
449
350
364
470
1089
282
307
300
530
283
360
332
387
358
334
349
293
308
474
348
319
323
1038
490
322
321
370
356
754
285
301
619
305
274
335
291
335
458
334
308
345
321
348
322
298
315
311
321
356
546
302
308
300
291
372
283
326
314
430
605
239
380
280
303
322
301
295
352
318
284
289
319
354
353
345
333
317
331
355
457
500
596
317
319
312
319
303
685
462
317
290
315
332
270
291
302
300
366
366
340
318
273
547
540
260
307
389
397
298
315
501
500
318
409
337
298
520
490
687
969
293
290
336
651
637
350
279
323
316
290
283
272
317
281
321
326
286
335
281
588
329
302
366
455
299
332
308
320
323
291
336
533
261
259
460
603
529
286
325
359
300
362
298
546
291
328
255
339
350
321
328
291
300
278
313
306
526
382
295
668
288
302
335
359
291
330
320
298
350
306
445
478
545
394
334
316
262
305
278
596
272
578
521
310
474
319
392
328
406
807
293
323
276
372
452
311
326
483
592
306
436
295
380
321
546
271
390
331
303
312
467
303
412
297
434
904
328
515
278
311
274
309
327
290
316
324
327
400
329
437
302
335
321
351
586
272
314
351
572
335
271
295
310
463
275
486
410
294
373
292
368
416
317
344
511
327
385
285
308
292
349
312
305
284
411
630
319
353
591
267
280
346
247
361
298
271
304
493
360
335
528
325
306
560
427
422
289
495
266
261
361
443
342
492
473
426
342
309
307
332
332
312
282
335
594
437
327
329
310
288
569
310
331
293
354
305
296
254
318
488
290
322
250
430
265
317
292
583
581
284
275
281
339
551
292
368
275
316
286
532
322
291
940
275
424
315
336
308
336
301
594
338
322
313
612
307
276
414
277
288
515
319
368
495
298
297
336
337
341
859
285
458
309
332
338
323
515
302
312
585
309
360
329
301
362
341
378
347
318
287
422
282
576
300
350
551
340
371
279
316
327
649
400
278
319
332
459
650
286
297
305
441
398
353
312
264
346
295
285
670
311
765
278
379
324
290
311
360
437
352
465
727
330
492
343
372
548
294
278
870
322
318
315
471
804
315
510
319
320
326
311
298
364
480
322
315
268
286
550
413
325
287
268
872
273
308
459
563
293
320
340
368
284
560
317
309
297
293
326
349
290
328
426
320
356
270
456
507
363
280
309
408
238
897
314
295
338
248
410
299
732
562
248
471
576
316
306
490
291
297
348
555
496
477
292
318
313
322
474
298
262
299
305
312
392
268
349
324
282
931
306
331
462
284
312
517
427
581
283
425
302
309
417
276
482
742
325
338
285
278
288
321
659
268
325
299
277
357
313
310
295
304
282
412
295
319
475
517
670
499
635
491
598
627
322
739
299
334
455
302
319
318
348
323
309
283
318
287
287
344
317
307
280
475
485
320
615
319
324
594
306
348
615
332
289
390
294
302
294
295
308
315
343
390
318
291
294
1307
337
419
501
309
303
339
268
334
308
317
310
306
287
338
429
702
311
326
536
272
368
322
263
542
374
351
290
459
311
296
503
340
317
301
294
274
474
384
313
388
301
327
296
315
275
461
263
314
303
311
561
308
309
298
311
293
298
398
367
304
496
477
563
390
544
303
321
290
288
291
302
290
261
540
300
296
348
320
317
301
340
415
467
321
464
328
330
510
666
296
331
308
315
291
314
277
346
343
302
313
301
460
325
307
320
310
268
540
279
312
306
280
264
327
292
295
321
296
295
293
568
480
271
282
291
480
411
286
295
249
297
285
319
281
323
614
328
297
298
279
297
572
541
316
385
1506
332
325
328
319
302
442
280
515
259
370
322
255
331
306
348
572
299
293
311
313
291
666
283
290
302
306
268
330
418
292
323
296
311
296
289
308
251
234
1175
311
315
325
313
297
308
309
333
285
265
311
312
310
606
290
327
367
299
332
299
566
289
489
556
515
272
544
397
312
454
297
267
295
486
281
399
1154
402
299
328
496
332
535
316
593
308
265
296
654
282
296
265
264
557
302
323
316
286
316
272
310
497
395
351
329
419
294
865
292
283
329
294
274
323
487
502
331
401
287
318
284
343
275
417
304
298
265
320
289
576
285
433
662
278
324
294
325
313
308
315
299
311
334
386
553
307
394
368
310
391
316
308
305
273
307
289
772
344
254
291
291
318
296
342
522
376
440
324
337
246
418
347
318
384
323
384
286
349
698
279
572
258
306
408
256
497
395
453
318
290
331
358
321
284
328
341
309
311
326
293
295
375
306
831
328
295
250
260
331
306
267
313
328
315
524
298
296
297
293
291
334
311
335
328
310
339
305
376
548
275
342
290
308
380
311
533
478
424
352
518
394
319
325
333
306
314
275
695
298
295
320
273
312
282
456
578
322
372
735
304
299
234
335
284
457
309
299
304
280
366
304
477
625
396
300
527
408
320
321
533
446
798
520
363
298
292
365
659
296
342
293
561
275
281
370
273
261
296
350
468
432
586
378
316
364
376
316
291
485
296
430
303
307
256
303
291
322
409
600
378
291
272
302
320
345
577
321
311
321
381
305
325
261
305
362
303
278
277
265
304
351
525
270
310
308
439
438
288
292
326
287
467
279
317
341
280
329
283
309
278
331
280
561
331
285
328
533
281
436
307
317
522
596
278
293
288
323
307
275
308
499
269
300
402
322
623
250
264
364
289
287
295
340
333
512
479
913
341
466
313
295
415
288
296
346
360
344
761
281
342
309
300
713
316
381
297
271
312
302
285
311
331
313
287
318
628
573
327
466
572
509
343
253
234
264
307
295
516
242
492
298
299
278
294
496
292
393
442
437
530
401
321
175
408
312
307
260
295
295
265
278
320
316
305
309
298
275
380
280
302
296
296
302
616
264
791
262
303
355
305
317
302
492
445
392
291
294
311
325
419
488
330
286
404
308
375
321
371
694
303
309
286
601
628
379
286
296
252
335
255
494
264
417
365
297
269
302
287
375
649
411
308
320
373
427
270
298
266
707
280
427
376
304
644
1521
399
317
439
327
285
488
299
309
305
308
283
293
288
304
300
447
310
278
284
329
462
299
277
337
1264
285
297
358
345
520
238
330
331
401
256
601
274
313
538
296
314
295
413
1197
314
291
278
310
320
338
307
311
357
460
878
480
295
351
270
610
311
310
311
425
360
276
300
412
398
302
655
324
823
299
298
277
323
440
302
326
296
286
299
275
273
311
330
263
261
296
566
621
305
289
281
2114
284
326
311
544
331
279
295
362
345
298
564
307
288
308
327
269
401
266
472
270
271
277
318
278
292
270
646
315
309
326
288
531
284
561
313
250
279
473
272
270
282
280
265
381
616
390
279
274
295
292
346
391
404
482
451
330
260
739
312
294
545
276
265
454
262
273
295
318
331
363
536
274
304
309
284
278
303
292
301
427
331
274
303
262
488
399
309
300
325
412
450
320
508
256
323
375
274
330
313
336
268
276
343
590
251
333
316
276
323
325
271
316
314
277
296
324
296
280
348
335
521
292
275
281
919
311
351
807
302
332
621
436
304
321
302
353
387
315
257
283
285
302
280
403
313
345
299
283
355
334
261
551
282
492
296
259
289
270
438
244
429
279
380
275
283
285
266
271
469
300
594
538
295
280
303
413
268
281
628
309
306
339
287
498
358
635
320
284
327
491
274
277
325
286
376
341
331
513
276
612
406
357
287
282
309
269
247
305
302
273
315
289
267
253
306
488
299
464
368
290
518
297
362
314
463
365
276
306
285
305
325
263
282
316
302
429
362
303
570
285
443
293
355
292
319
298
545
255
281
393
322
301
263
347
374
281
402
643
283
315
262
657
516
291
549
369
315
487
329
478
298
265
334
315
275
289
306
288
454
306
280
296
315
423
275
507
292
777
470
567
436
533
318
310
280
243
301
331
431
230
236
307
264
539
331
340
289
310
292
327
312
343
276
327
296
300
308
286
317
463
288
452
302
340
316
517
255
371
407
303
279
301
301
260
292
293
293
270
274
275
2114
347
284
415
304
312
525
405
480
323
284
335
278
279
266
287
300
336
352
318
685
533
324
274
309
312
402
505
339
499
612
273
258
357
472
346
859
352
332
333
268
303
307
281
545
240
560
275
284
273
505
276
255
502
297
299
320
273
286
356
386
290
298
441
335
273
283
263
481
317
337
299
282
534
343
277
316
269
294
253
256
315
406
321
481
494
310
297
593
279
615
300
285
451
345
300
722
477
304
257
322
400
299
412
244
305
259
503
439
319
857
294
494
295
265
306
290
306
250
299
309
649
263
301
270
284
350
460
282
329
897
439
287
371
295
279
304
589
288
310
286
295
306
299
298
329
280
282
673
293
337
294
323
292
508
398
280
334
253
256
270
279
273
258
351
361
478
291
286
259
476
285
338
274
264
296
629
298
321
322
275
302
372
294
289
462
289
274
351
293
279
286
756
246
295
300
250
306
308
260
447
286
621
305
340
303
294
547
316
280
342
301
462
302
1183
329
276
324
332
483
280
293
333
906
365
267
312
264
300
338
253
289
334
292
472
339
286
396
277
272
527
300
274
485
369
314
262
302
377
261
323
276
320
482
344
265
1090
425
439
263
266
348
362
298
267
481
453
275
402
280
275
252
332
1175
298
410
276
381
289
278
289
277
299
421
480
254
292
309
332
265
308
279
822
294
257
435
397
483
270
286
261
284
335
254
264
289
320
300
759
274
408
326
287
262
278
1010
315
294
319
263
290
279
641
365
317
354
299
309
281
318
267
293
295
635
291
322
292
284
309
308
428
257
336
479
290
285
323
423
299
336
256
302
294
313
634
429
401
335
309
278
273
380
277
312
319
296
316
261
328
287
275
241
920
263
369
453
272
331
262
374
277
280
548
305
395
313
328
312
312
531
283
329
307
325
300
308
370
295
390
277
327
346
355
266
490
603
286
230
273
287
395
498
279
362
286
285
253
365
292
307
285
284
268
357
413
316
422
288
423
474
435
571
328
267
320
317
302
337
545
457
507
411
275
433
278
411
272
263
310
312
243
341
307
286
276
275
327
231
300
262
293
377
484
310
258
240
317
398
697
486
256
341
339
312
313
391
317
320
304
273
231
551
529
449
642
480
399
232
307
284
294
288
304
261
274
281
462
313
260
482
261
473
360
238
321
314
312
260
272
287
250
323
321
398
634
267
291
319
1008
605
285
325
245
447
283
264
273
535
285
327
259
311
368
258
435
421
279
283
281
300
230
278
308
276
304
328
314
288
286
307
307
311
327
317
267
231
284
402
451
448
132
607
450
264
263
314
286
237
271
303
290
395
272
278
259
259
376
297
284
266
263
274
392
266
374
291
551
289
276
349
286
436
544
310
287
264
468
316
629
282
269
315
330
689
356
261
302
311
321
329
794
317
289
276
281
264
394
259
335
286
297
251
265
242
354
366
263
312
255
495
417
349
286
738
645
319
498
288
299
271
284
301
739
263
340
340
309
292
245
321
325
300
271
271
259
270
420
580
601
460
307
342
305
307
454
329
405
304
318
283
325
320
371
326
256
309
573
242
735
342
329
470
294
423
267
276
287
450
495
245
540
286
292
434
246
274
272
296
264
265
307
515
276
302
316
247
289
278
326
419
274
670
468
264
473
307
270
275
280
304
258
253
313
249
285
213
221
395
288
256
275
377
313
495
268
257
473
308
260
431
250
328
280
270
283
298
317
468
385
288
266
312
384
334
267
276
277
272
906
253
282
516
325
266
279
267
379
274
239
529
244
380
428
302
304
308
288
477
305
278
347
311
609
581
283
274
281
439
272
266
252
310
275
327
263
453
277
274
493
275
314
274
316
316
405
375
255
252
241
619
334
390
355
275
307
273
261
346
310
276
273
279
258
277
292
309
248
279
259
264
217
443
304
306
242
592
300
305
317
334
294
275
263
402
259
286
327
674
263
305
259
286
330
499
260
281
290
273
319
322
279
274
256
297
299
307
269
298
244
277
746
255
262
244
267
292
214
270
280
245
454
378
230
262
361
484
293
522
273
328
251
262
295
299
271
664
235
272
246
474
438
275
279
314
317
365
642
329
223
357
294
321
309
649
422
282
294
572
313
329
305
271
312
321
299
288
279
464
483
322
270
250
278
292
244
334
228
274
281
309
250
352
316
314
471
313
485
269
404
262
297
244
310
271
285
262
425
274
298
287
262
527
261
251
334
327
303
303
865
323
441
281
267
386
424
230
316
409
241
615
266
291
295
244
267
748
308
489
309
515
313
279
462
269
324
270
603
270
371
281
300
331
270
309
320
431
282
287
330
273
276
294
306
266
311
307
442
299
312
458
291
306
324
641
379
455
239
355
381
292
321
398
299
292
306
279
449
299
650
323
310
563
246
300
263
287
278
253
396
302
484
249
432
406
248
261
322
525
302
299
276
246
297
239
196
274
325
254
263
278
266
279
978
306
383
261
304
258
481
567
456
486
303
296
393
450
290
281
221
255
259
1025
298
331
525
307
372
266
305
319
635
337
365
307
305
261
363
363
369
274
377
379
264
501
576
383
277
356
289
301
290
264
570
310
592
218
254
316
348
317
250
293
250
259
252
283
353
286
310
304
315
574
270
261
870
272
286
404
294
272
273
272
291
356
315
730
279
270
310
271
242
274
382
299
777
288
585
261
266
470
329
280
275
303
344
216
237
413
324
306
240
372
379
343
232
478
264
316
259
290
273
498
719
341
247
248
267
333
616
400
282
253
276
275
299
375
272
255
576
237
293
527
543
304
268
424
256
319
274
627
288
302
257
268
330
516
345
519
278
258
347
265
240
331
297
504
302
255
312
259
232
876
298
260
272
287
331
326
272
326
312
338
294
417
323
233
291
457
283
274
221
339
246
265
315
281
237
248
300
279
262
278
284
283
328
304
231
558
298
268
351
391
297
359
237
281
324
296
368
309
564
418
430
254
243
291
260
300
294
320
329
277
278
427
244
290
261
940
306
330
283
309
344
389
322
249
393
265
444
436
298
306
312
308
266
513
310
297
231
262
267
209
280
251
243
274
441
337
378
280
255
267
230
265
248
547
318
267
284
291
317
292
340
260
275
498
512
244
264
535
256
253
277
351
1123
338
272
275
485
292
309
372
308
236
621
283
299
261
276
283
305
282
384
291
227
298
300
667
279
339
248
278
329
463
266
265
511
393
276
258
272
246
446
305
212
395
452
252
258
257
279
540
274
260
291
348
287
324
260
264
265
467
373
510
501
352
267
280
273
272
272
270
361
228
240
576
253
237
268
636
332
417
459
293
683
286
332
248
314
485
223
277
289
248
246
306
351
2165
305
250
360
381
314
275
530
426
237
360
263
451
275
342
308
382
275
281
998
231
364
252
264
247
303
278
244
525
306
321
296
243
280
1202
288
618
276
338
1264
294
243
229
267
263
748
214
321
273
576
460
280
302
251
254
312
332
502
293
316
286
278
314
278
238
225
303
384
232
312
267
316
269
267
306
998
282
351
265
337
303
269
296
440
283
295
279
321
310
312
392
236
352
232
289
295
260
304
283
322
244
233
287
240
316
277
262
280
370
256
251
293
332
248
499
328
308
286
321
215
1864
373
286
490
294
281
383
290
257
243
281
297
279
317
344
400
303
316
345
377
238
258
282
286
331
249
491
688
255
343
695
790
329
269
284
252
237
298
242
310
283
277
343
263
415
249
351
621
258
455
442
329
251
294
397
383
256
281
286
297
446
616
225
276
273
247
313
227
324
253
277
527
289
288
318
296
233
257
243
359
247
260
247
335
357
281
332
227
409
284
226
251
333
233
292
261
363
251
276
377
618
305
277
276
483
313
265
285
313
266
293
258
215
521
275
232
300
656
464
588
565
407
261
318
440
545
353
295
304
266
241
250
338
250
265
278
236
244
325
369
259
286
291
421
319
252
472
336
248
270
249
445
228
377
327
269
281
293
243
648
350
445
316
243
269
336
271
504
437
257
230
225
822
545
276
305
222
403
247
264
300
271
315
287
297
264
274
653
379
280
396
262
330
305
226
294
956
292
503
365
289
742
271
305
314
272
252
242
354
277
250
371
530
227
252
295
251
259
282
523
249
314
278
245
290
265
262
435
906
284
440
504
223
519
308
263
419
776
645
395
295
311
255
239
321
386
270
291
270
295
271
298
331
320
442
268
285
288
254
279
545
373
224
280
324
291
252
327
298
273
276
249
243
316
288
352
276
369
247
396
306
324
247
251
573
513
256
293
287
270
690
283
371
260
311
285
295
251
240
409
237
274
490
300
293
249
483
255
248
289
273
237
256
275
906
728
278
234
563
260
306
382
237
253
430
284
301
308
262
445
267
278
374
270
302
237
428
264
257
270
270
265
413
295
260
258
273
236
617
534
274
674
311
358
320
245
267
332
436
245
1164
264
243
280
429
287
202
191
238
279
579
762
287
299
252
285
258
333
267
283
280
356
242
218
264
283
1089
295
296
250
341
299
232
247
523
238
259
266
263
296
285
245
298
214
606
579
273
258
233
230
234
249
254
305
276
274
323
265
262
262
371
238
260
546
222
492
434
615
241
241
615
294
320
286
456
307
276
285
267
531
331
271
330
256
241
244
293
240
234
428
253
227
242
267
258
417
757
226
370
452
295
250
385
324
363
280
233
278
302
293
1280
239
249
296
257
389
270
362
548
295
405
463
320
259
276
463
243
597
279
279
251
267
574
632
255
336
235
304
530
223
242
271
334
257
262
308
267
243
289
298
729
268
234
236
336
247
317
720
575
307
288
798
297
492
216
286
256
560
290
254
261
351
285
311
308
246
360
450
283
2073
297
444
292
280
305
447
316
265
233
436
267
526
295
252
283
315
382
226
229
361
246
252
284
260
447
292
297
267
264
313
269
551
242
297
307
420
293
285
270
588
274
252
317
550
248
260
276
279
306
456
265
250
255
367
297
575
289
240
249
463
284
270
429
249
273
342
281
236
258
254
501
243
286
455
302
295
530
274
489
289
276
236
210
272
314
725
319
250
281
221
414
335
266
293
254
288
309
230
306
249
365
208
272
421
372
250
248
295
243
282
267
226
255
432
277
264
288
437
300
980
390
287
277
256
281
235
288
284
459
309
276
282
293
248
291
277
283
178
401
239
588
383
595
252
370
268
526
200
477
270
465
293
625
288
215
366
210
210
481
384
280
239
383
317
361
293
478
232
752
310
231
284
485
247
264
308
312
293
300
284
641
327
492
251
269
1008
432
255
322
517
274
272
237
400
304
295
264
254
271
245
290
250
286
1280
287
205
292
253
299
265
301
262
207
752
226
1038
282
370
276
440
249
482
339
286
273
434
309
319
385
506
267
302
550
283
469
338
285
331
253
593
287
481
374
359
241
282
251
445
278
307
265
562
248
221
252
853
349
295
259
248
254
251
331
208
226
255
222
560
290
302
472
293
324
258
301
285
289
258
245
276
389
618
275
256
292
230
491
342
349
309
893
386
248
266
631
319
295
277
278
271
276
379
238
549
254
424
315
286
250
323
616
269
231
259
418
440
282
242
259
302
253
309
259
275
230
407
298
447
265
262
776
284
493
429
267
257
246
244
310
243
283
240
540
236
263
314
355
302
478
340
621
446
262
288
249
491
226
261
251
257
581
303
259
438
358
210
472
388
312
442
277
256
253
316
288
322
272
310
235
313
738
224
298
416
271
300
301
254
277
332
235
279
309
306
294
244
228
327
284
292
297
223
249
384
318
351
302
209
803
224
242
233
245
330
268
274
1123
653
186
726
630
226
222
557
302
237
228
262
347
421
332
285
286
264
415
245
396
281
276
293
259
245
333
267
264
267
373
305
287
428
255
311
278
283
236
276
245
518
244
268
418
253
471
250
363
217
294
664
209
266
305
516
560
250
553
252
331
277
245
256
285
271
237
416
310
568
253
300
237
659
210
279
210
220
340
240
280
286
277
290
263
296
370
481
270
643
298
273
354
281
525
286
313
275
262
234
262
256
244
328
336
301
253
233
268
677
267
232
302
301
291
350
282
211
225
302
300
252
305
363
265
274
378
203
337
256
273
299
327
249
294
335
275
245
259
250
267
250
753
311
860
285
290
327
233
424
665
502
601
249
345
259
251
258
544
762
400
305
274
487
623
277
1038
314
258
315
320
235
254
444
214
290
389
289
244
218
759
272
264
228
355
248
232
207
277
383
294
258
185
295
341
213
280
256
262
253
235
252
249
232
269
326
578
259
307
606
275
422
282
232
319
307
381
233
251
268
266
540
312
264
246
375
243
239
247
282
305
257
231
309
295
426
264
1802
292
621
711
285
312
297
358
264
347
263
251
297
235
266
344
302
215
372
393
287
239
556
449
486
735
290
453
243
240
175
276
238
230
310
447
270
242
466
247
332
262
342
290
237
225
315
245
266
263
938
689
229
439
262
418
1032
224
191
287
290
264
351
265
229
313
457
202
257
268
354
397
299
399
258
450
313
255
219
245
382
269
366
246
398
167
353
319
299
204
254
551
281
564
227
276
264
287
246
232
256
209
266
240
236
277
229
229
252
264
251
229
356
520
287
1003
248
318
444
222
278
293
310
278
1140
549
298
315
244
332
302
250
286
230
435
330
962
249
384
256
267
246
272
274
265
710
265
353
279
300
199
264
302
289
257
246
402
262
292
333
394
254
225
376
252
297
305
352
400
398
521
254
273
309
410
255
309
216
202
263
253
256
253
345
288
245
266
387
184
310
280
327
239
416
229
348
502
1110
297
293
324
930
280
279
351
300
257
376
312
195
756
355
275
256
272
254
409
211
259
236
248
563
308
278
265
200
460
267
217
319
268
249
217
260
340
264
400
536
441
305
287
233
310
305
252
268
225
278
468
543
198
266
706
250
271
246
219
318
280
333
669
530
218
401
227
317
352
323
776
433
239
257
288
291
286
261
243
249
226
225
882
494
588
275
257
290
307
307
275
235
249
519
399
230
242
202
252
203
460
268
279
450
314
567
275
216
246
302
463
227
1508
349
238
321
251
240
266
201
239
213
213
320
198
407
298
229
222
505
288
294
253
278
290
287
424
255
261
286
271
327
242
360
338
239
252
500
456
235
312
220
291
270
218
233
274
307
550
254
262
259
261
322
263
990
465
527
232
235
232
264
252
274
241
306
263
399
315
308
290
606
282
235
256
260
210
434
299
204
249
255
285
258
279
222
389
232
342
224
230
319
238
200
238
286
247
737
277
288
275
261
408
330
300
267
284
286
300
261
277
285
228
266
481
318
357
198
296
237
258
688
224
242
221
320
271
309
294
295
425
330
211
482
265
191
308
303
218
480
255
288
263
260
259
266
262
248
213
294
407
219
243
275
241
250
356
258
314
251
272
495
256
280
353
288
312
265
183
260
307
208
238
285
268
308
564
207
236
308
427
404
415
316
243
394
482
225
342
266
271
292
241
279
241
259
222
401
276
324
547
224
378
192
295
270
276
259
283
376
232
570
324
286
317
639
227
265
635
208
186
292
96
248
263
286
248
268
246
454
274
220
376
241
250
335
242
208
304
298
296
248
251
214
270
218
530
219
213
252
321
243
409
530
518
368
325
223
207
248
541
287
256
442
284
384
222
238
227
299
252
210
201
299
408
190
222
348
407
246
320
254
233
232
232
674
282
214
250
249
264
452
210
318
752
656
268
228
496
210
173
181
462
256
429
272
243
214
236
277
386
223
240
207
164
218
255
204
735
309
240
221
293
239
289
259
334
256
285
246
209
555
290
254
250
295
285
235
215
289
232
315
319
321
228
239
283
271
581
490
207
502
293
256
477
306
318
291
272
213
305
1864
720
235
222
254
580
282
303
243
265
290
273
340
293
318
1522
561
790
373
207
252
261
652
243
232
231
300
330
471
190
287
225
344
220
226
239
271
264
245
256
280
269
239
147
251
236
276
228
296
230
241
541
215
249
400
307
226
240
1164
228
612
232
324
268
408
287
245
472
236
195
272
338
228
257
256
256
214
238
235
313
245
279
248
376
231
201
572
220
229
260
257
212
478
357
292
242
274
457
448
325
198
207
310
246
301
182
252
209
246
256
256
313
355
259
545
475
304
275
219
258
302
231
238
256
230
296
196
213
287
273
291
291
287
270
216
320
251
250
384
210
249
305
243
404
314
195
507
544
268
277
261
235
246
456
413
271
297
211
223
227
240
297
287
229
193
295
643
242
392
297
245
251
349
243
232
1183
245
267
330
225
236
239
218
920
306
247
294
265
446
267
514
304
286
206
247
247
229
407
990
706
293
168
319
271
472
311
252
276
227
272
261
279
272
213
300
255
258
344
282
246
423
349
239
375
305
207
264
243
239
285
251
491
237
252
515
267
236
263
294
315
281
245
309
228
273
240
267
141
240
270
221
477
342
584
289
225
262
241
197
532
241
209
245
1376
221
166
307
275
277
259
285
266
317
255
246
269
365
135
260
301
256
193
237
240
259
247
270
214
206
429
335
263
259
250
239
261
216
235
315
237
214
263
394
274
317
261
273
292
302
254
247
366
276
282
341
176
214
238
495
282
245
255
257
252
217
212
214
389
253
335
278
297
270
235
461
281
261
919
221
206
255
315
251
253
242
247
206
252
438
288
248
225
305
598
270
275
268
255
228
1203
290
193
193
473
441
200
241
220
228
247
327
212
251
441
303
225
722
215
234
188
222
374
269
179
303
185
222
270
260
223
203
216
279
487
221
392
209
289
336
469
232
185
213
210
219
215
235
286
419
299
741
271
274
548
283
271
453
228
454
236
484
240
281
246
287
403
208
310
339
270
245
240
220
269
245
315
387
215
355
360
223
199
232
292
304
269
407
210
234
261
227
266
301
207
311
195
205
514
207
306
209
218
302
226
222
515
248
256
301
236
481
198
295
248
216
260
470
272
212
233
281
216
777
242
283
300
208
217
142
372
215
295
244
707
221
429
341
353
236
272
362
240
471
253
271
230
300
234
193
507
228
333
339
237
256
317
278
239
260
230
281
311
639
217
230
299
166
280
284
255
248
306
284
226
218
189
227
257
227
229
265
284
289
270
234
345
211
287
553
300
277
251
245
653
288
303
191
319
213
475
480
200
306
280
482
238
525
255
262
205
238
629
278
350
287
384
304
277
201
247
279
233
334
206
180
217
534
548
260
353
433
272
295
171
285
221
213
286
248
228
284
236
370
274
261
227
213
207
246
288
227
300
376
261
259
278
216
228
403
262
272
223
204
304
280
216
318
254
272
286
285
603
207
441
790
285
258
261
255
366
271
285
515
241
265
221
226
250
313
262
273
281
218
267
383
355
245
667
220
230
254
288
290
382
337
231
1124
303
263
250
254
219
298
212
261
263
244
279
201
178
255
230
211
278
295
291
365
212
212
198
515
226
211
258
295
191
313
236
280
275
187
205
379
777
273
268
237
258
251
244
336
326
312
276
409
254
267
237
248
239
240
333
241
241
203
143
216
240
303
215
295
305
198
178
479
281
230
216
212
284
229
522
313
287
221
287
198
763
271
199
270
201
217
404
278
226
179
259
240
295
603
262
436
372
363
422
224
289
366
209
207
264
343
270
300
260
232
199
238
217
200
181
179
197
259
241
198
198
251
421
244
599
312
500
253
281
597
264
425
287
233
276
247
229
199
202
228
246
175
223
241
246
250
188
269
276
212
238
219
261
438
325
211
261
198
358
223
254
228
398
315
418
446
283
194
268
224
228
431
210
196
355
218
274
516
280
248
333
293
351
263
226
200
249
261
286
231
203
226
419
328
279
294
1012
267
288
261
549
244
248
186
96
258
225
271
239
120
312
214
273
281
270
691
308
228
563
168
362
254
240
223
246
273
284
165
196
256
195
214
268
241
253
233
216
241
261
252
220
222
242
289
294
349
212
229
237
258
204
254
285
586
215
158
244
221
315
295
283
212
199
259
278
227
291
228
242
237
308
234
343
247
282
578
364
280
200
263
294
201
184
362
241
232
246
228
307
252
219
247
184
256
183
224
189
278
297
220
330
567
262
739
276
266
289
193
234
180
257
241
197
322
274
225
266
635
214
329
251
258
238
241
264
241
242
257
234
228
477
271
621
232
281
398
227
239
202
381
242
227
242
347
652
240
280
244
226
186
213
229
194
173
243
159
222
339
284
244
377
174
207
155
259
211
152
261
289
277
255
161
212
205
326
190
259
246
938
324
222
230
1052
184
253
978
121
175
360
219
329
230
228
206
211
203
284
303
238
284
232
230
500
178
296
303
355
313
256
200
230
235
239
113
347
308
187
261
453
259
255
288
297
540
205
892
215
190
227
206
697
228
236
582
509
251
235
202
194
713
207
603
210
212
249
261
250
384
384
221
292
307
275
296
243
204
272
241
697
216
218
268
293
931
185
231
282
191
264
284
236
190
473
198
216
1522
546
474
284
217
368
234
243
269
325
201
200
314
254
481
227
222
245
235
477
215
215
220
256
234
278
450
234
256
448
230
412
248
344
527
447
214
205
319
228
265
226
240
209
385
377
263
288
223
240
289
190
184
264
267
252
252
267
322
226
255
962
343
247
258
318
190
223
174
173
349
205
341
244
681
320
193
266
321
241
212
251
205
346
443
359
309
155
228
257
283
270
337
388
269
356
190
255
219
238
384
183
286
206
303
216
262
220
227
203
387
239
309
228
668
235
594
225
235
269
227
537
193
668
227
519
404
208
503
349
207
217
223
224
319
251
344
206
221
276
141
158
212
222
261
232
246
269
248
225
212
215
223
192
252
208
482
236
252
200
223
182
224
194
202
173
224
274
263
201
365
190
269
280
208
594
168
261
411
214
178
283
315
245
284
199
199
260
232
211
234
525
255
246
295
494
269
283
179
397
185
180
263
234
239
187
234
207
233
266
338
249
267
193
306
280
250
320
238
236
191
254
226
242
264
251
278
228
374
544
191
118
213
210
284
273
358
481
229
298
259
219
512
250
213
491
466
230
142
248
282
257
238
223
195
287
182
227
210
350
171
186
1508
223
229
336
195
254
291
186
182
190
193
349
203
229
235
582
231
561
279
265
200
447
413
264
223
213
515
241
138
286
480
337
296
201
262
180
217
227
243
1254
236
192
154
277
219
263
222
268
237
331
280
234
346
226
236
176
254
254
219
219
2114
224
280
173
354
209
231
229
682
134
1012
251
209
197
146
197
320
198
515
228
292
278
228
181
209
221
267
659
256
273
247
215
290
161
412
222
263
245
215
270
353
200
324
233
211
153
384
204
190
214
310
245
419
176
192
293
306
201
252
210
262
328
203
220
269
244
278
191
372
221
216
244
290
537
515
291
277
266
284
207
337
196
233
324
443
210
502
239
205
980
252
232
115
210
217
167
278
444
237
331
210
246
197
358
335
213
422
269
225
244
173
290
259
297
234
188
273
228
333
472
234
267
289
208
202
205
460
271
264
240
210
218
233
623
181
384
250
467
172
485
260
194
281
263
225
221
209
333
231
200
203
200
161
298
198
448
170
397
406
211
168
159
397
348
237
202
243
309
187
360
256
221
202
287
165
239
251
154
191
209
232
275
308
232
390
293
283
212
284
239
279
278
365
224
675
373
260
245
201
253
241
257
215
236
278
151
384
249
191
243
189
172
450
328
199
274
226
380
283
239
244
301
230
315
285
185
203
313
209
248
223
252
200
284
1110
287
203
218
209
207
223
357
190
174
246
251
234
253
250
187
212
262
527
284
268
241
229
173
489
251
220
241
225
264
117
284
181
215
238
181
244
691
195
241
242
162
223
1075
226
206
215
234
251
349
236
213
343
173
337
221
223
321
251
519
208
240
199
262
538
277
218
210
507
231
298
233
223
236
223
214
178
1032
158
213
311
279
205
182
248
540
212
250
227
836
178
282
214
290
309
213
758
200
436
288
454
191
210
664
280
105
197
200
153
203
258
147
270
195
519
572
228
228
330
193
288
239
227
192
260
215
106
219
268
271
476
333
616
375
252
225
190
198
199
191
251
244
287
265
188
168
185
246
283
186
285
416
416
492
360
304
287
304
206
769
197
336
150
251
171
228
196
217
282
206
289
215
277
232
277
136
247
237
384
250
214
301
480
195
302
268
321
171
264
194
216
194
294
215
249
384
182
287
257
213
256
206
194
169
201
367
190
1864
193
225
218
171
227
188
259
367
176
227
156
288
157
298
255
227
423
915
202
416
183
202
290
202
223
215
259
387
302
649
473
311
216
142
201
590
457
364
234
239
369
309
271
355
288
616
154
221
231
543
168
229
158
289
211
239
237
166
210
197
270
239
233
214
285
164
301
276
156
344
384
222
236
1123
192
228
281
160
196
214
389
376
269
482
187
536
268
205
280
166
232
173
283
221
756
248
359
268
226
322
178
384
221
269
286
203
344
207
246
215
209
226
236
279
200
300
816
242
279
256
269
170
209
281
544
277
203
144
251
224
260
212
252
263
224
167
214
203
215
196
219
246
254
162
194
446
223
675
215
347
215
321
219
229
490
195
219
164
171
276
217
247
243
162
176
384
260
216
201
695
266
188
168
170
346
265
170
284
248
222
237
235
297
213
328
166
223
384
195
204
185
201
734
251
349
473
198
530
210
265
283
674
122
180
293
272
216
407
303
101
171
195
795
197
251
337
302
308
238
248
206
216
219
260
190
246
208
267
209
285
333
174
248
412
184
252
266
1864
267
264
177
314
182
208
437
102
166
217
588
219
191
254
455
136
221
266
274
196
194
473
210
147
266
128
407
195
268
288
195
217
302
259
311
185
200
232
277
229
349
261
241
189
229
277
412
166
318
229
300
211
162
205
215
147
307
188
215
418
155
231
217
833
273
198
235
506
199
239
196
477
253
191
261
243
531
156
212
543
260
215
172
1506
444
205
215
239
204
263
260
187
214
300
139
255
112
227
218
579
225
235
211
173
188
172
233
290
191
292
247
200
229
122
208
243
761
224
190
384
157
255
227
248
418
399
275
257
234
436
315
332
140
444
540
191
224
538
413
259
188
281
250
196
276
213
246
215
205
198
331
224
124
313
234
210
262
139
249
270
978
205
297
496
292
243
235
178
320
174
245
202
309
189
279
275
313
318
863
384
231
1090
175
230
173
247
270
420
177
384
201
355
180
316
117
105
317
264
167
197
224
576
205
243
169
241
198
260
391
217
168
239
246
332
112
384
225
384
244
270
206
160
384
384
225
183
175
193
478
326
262
300
170
211
214
165
196
225
204
274
267
472
293
334
249
192
205
233
215
206
211
201
206
269
231
384
178
176
192
238
146
198
97
139
157
246
300
329
180
211
261
160
169
240
241
202
1254
560
198
187
235
211
437
240
762
178
303
211
227
135
209
267
222
200
384
170
312
155
200
276
212
356
209
237
230
527
410
227
433
157
313
331
146
221
219
179
263
212
131
582
185
956
225
201
276
456
294
182
700
289
250
407
267
384
210
298
254
249
207
207
329
223
259
201
279
172
293
198
384
264
234
241
197
311
452
352
246
175
205
277
189
265
502
267
227
231
753
205
235
182
211
176
203
172
262
187
193
214
384
112
236
244
263
298
112
546
201
213
250
158
195
206
286
308
548
583
176
174
511
192
276
251
496
278
384
443
205
270
144
242
352
288
470
271
186
241
331
191
221
176
141
158
188
207
205
239
297
240
268
272
312
286
179
401
170
227
213
406
165
133
186
250
385
184
191
196
230
235
139
212
287
449
157
199
377
234
384
250
504
162
252
336
201
434
273
313
257
198
276
232
246
154
233
193
234
190
280
225
151
163
190
266
497
264
471
174
360
389
150
200
233
234
200
286
323
176
662
266
351
228
408
242
278
384
285
156
116
186
186
167
382
204
231
289
150
392
133
197
170
315
238
217
241
182
279
222
567
530
190
271
199
246
205
204
204
284
272
272
176
191
122
256
96
192
289
260
208
175
272
245
393
176
102
748
127
273
216
219
184
167
237
289
249
192
196
247
292
251
232
240
208
219
384
266
176
218
245
206
180
384
215
122
221
191
194
130
175
225
689
191
237
266
236
184
384
223
269
229
185
459
174
228
206
233
210
172
277
204
180
217
155
174
221
682
237
1197
312
204
230
225
227
192
237
334
220
217
121
246
217
189
217
309
377
196
1376
254
154
656
182
259
150
243
188
234
244
627
197
402
174
384
302
332
228
153
278
169
258
280
278
196
195
207
325
278
372
167
238
326
279
199
189
224
217
335
384
206
172
231
229
222
291
310
217
222
155
194
188
190
190
185
232
234
162
371
245
197
401
290
130
211
128
384
502
339
267
232
226
232
143
210
181
162
518
203
366
220
384
123
286
510
149
200
183
167
239
186
170
252
479
213
330
242
200
214
240
494
158
264
212
205
216
197
179
166
152
190
499
127
284
207
319
109
190
189
314
192
233
218
243
260
283
191
189
285
384
253
193
184
195
158
269
261
206
201
384
232
274
240
228
205
286
224
384
191
278
291
154
178
167
187
194
289
213
166
234
194
316
194
168
177
615
217
275
177
398
250
158
209
128
384
352
199
293
185
231
226
123
265
173
186
212
191
139
744
136
199
202
657
281
212
190
130
268
243
145
594
215
275
225
193
384
106
205
120
182
185
248
384
184
195
230
205
191
306
255
233
302
211
422
192
384
172
223
515
262
316
231
197
841
231
241
243
131
168
345
263
191
263
157
177
178
310
485
384
188
212
165
294
229
339
184
289
158
346
285
306
249
236
235
123
238
166
215
196
227
205
512
228
250
183
211
181
290
187
196
204
213
156
220
314
244
384
262
179
261
192
162
252
276
148
304
194
141
328
261
384
164
179
327
244
182
213
315
241
192
197
145
244
178
384
262
176
224
158
156
226
112
384
215
700
241
364
160
384
175
260
384
278
171
387
182
472
384
183
260
228
384
196
323
172
384
194
281
280
180
190
136
384
146
189
478
145
225
217
197
227
254
207
350
500
211
276
302
187
189
130
185
224
179
384
211
306
183
176
261
149
296
195
237
158
219
243
154
417
195
225
191
258
149
275
166
249
210
273
373
240
156
211
153
271
136
236
1203
219
146
774
157
276
1008
191
350
758
143
187
214
520
384
269
164
365
110
174
192
149
291
214
158
155
129
197
96
267
205
227
242
197
127
384
228
315
161
262
170
299
237
437
118
210
383
384
190
239
238
229
258
124
188
748
194
188
304
168
214
433
355
233
317
221
352
248
211
204
153
217
678
191
175
179
100
138
142
384
152
176
116
217
222
232
407
226
384
233
249
261
227
140
305
200
209
384
144
209
794
345
266
384
202
113
126
223
252
226
239
161
204
198
384
151
206
273
677
1110
320
314
212
208
201
225
145
238
579
279
153
277
355
359
489
137
162
166
113
259
384
286
250
220
150
310
202
202
162
152
287
264
253
384
274
339
688
244
157
319
171
317
202
212
188
206
216
384
470
229
238
211
234
206
174
280
150
193
271
398
145
172
516
500
210
197
161
192
211
167
290
284
170
250
186
157
106
151
636
253
180
251
222
208
162
198
296
157
195
204
593
212
170
239
294
364
713
180
173
200
147
331
302
227
178
191
384
204
142
262
162
237
103
221
570
190
177
192
384
217
384
176
319
158
330
240
384
335
184
186
180
159
179
356
192
169
127
206
194
384
101
162
196
280
384
96
342
384
191
297
199
194
315
167
473
269
150
194
384
223
303
609
185
164
174
350
107
380
197
205
833
533
168
550
519
191
233
203
335
384
274
242
207
199
499
194
198
297
222
260
260
465
491
201
208
143
126
246
545
204
115
642
225
188
247
311
99
196
175
152
154
384
162
202
144
207
375
157
160
204
184
384
154
228
532
384
186
375
326
169
234
213
192
349
261
223
206
151
384
148
345
460
231
260
530
221
112
259
176
186
178
161
249
269
122
176
234
101
242
177
130
191
235
266
248
130
384
384
174
161
276
214
233
192
97
323
264
222
213
245
197
187
380
170
243
164
501
242
187
159
507
267
149
298
194
280
285
284
272
173
133
355
261
127
135
579
435
179
384
279
103
277
248
211
145
155
447
226
205
298
428
230
161
97
244
384
176
239
175
274
339
217
244
194
241
191
398
1378
258
166
196
169
202
314
158
260
384
384
100
301
185
311
280
248
165
199
177
176
203
194
146
163
180
229
249
384
384
178
108
210
118
217
195
144
136
322
209
293
122
213
405
133
117
169
195
98
187
1506
389
208
251
229
267
414
235
107
167
200
176
491
255
259
178
175
229
384
279
249
205
384
256
192
138
231
202
303
188
214
164
239
159
149
230
176
242
217
124
179
255
259
546
146
299
384
171
195
187
281
218
100
305
274
287
384
221
96
189
133
197
650
135
243
96
415
280
229
131
263
235
176
210
191
708
384
384
231
298
171
274
322
125
384
291
273
238
271
190
300
384
171
106
167
309
178
384
103
215
302
427
281
192
423
134
404
368
342
208
292
205
384
307
384
150
239
215
255
384
134
384
177
195
384
193
384
216
161
384
1090
384
172
301
262
150
175
209
166
101
169
157
333
384
187
190
278
228
241
196
138
197
195
176
192
311
174
220
263
162
225
180
221
202
237
107
381
156
192
109
376
371
119
137
377
114
130
251
190
206
188
264
236
148
233
96
197
384
207
249
292
244
166
160
384
172
191
384
134
384
183
733
113
206
165
221
105
149
132
384
207
244
384
264
142
237
230
384
162
194
194
99
193
170
690
232
164
251
233
384
857
384
257
231
384
146
183
629
307
184
159
182
181
225
269
251
439
384
96
384
158
256
237
370
384
167
210
132
115
214
107
200
187
182
384
134
268
203
456
325
195
176
183
169
189
384
100
126
194
125
145
384
183
101
202
104
298
190
182
220
279
172
141
120
286
384
176
417
384
365
260
398
231
384
725
160
238
225
351
226
137
162
844
202
209
331
234
244
384
214
892
180
162
255
177
240
286
197
383
384
160
179
448
294
129
142
351
384
133
494
292
175
111
384
224
303
203
200
121
230
96
384
179
178
259
199
121
104
384
96
231
157
187
219
139
96
133
435
262
241
194
194
127
255
384
244
185
260
125
217
127
118
267
266
193
219
256
384
179
235
177
213
193
384
582
384
232
298
198
194
175
188
198
384
384
283
384
162
384
202
160
120
384
384
384
198
235
514
114
292
149
147
317
565
104
205
163
298
200
207
175
251
188
251
202
189
384
182
166
176
180
105
98
438
139
196
180
384
177
399
208
176
181
266
549
163
179
129
207
241
163
149
384
198
384
384
103
319
435
195
127
103
384
251
384
180
303
300
384
206
218
147
204
384
205
228
102
313
153
208
384
116
384
295
384
273
115
231
186
384
132
193
294
384
255
384
100
288
208
384
238
202
115
187
384
384
219
384
384
183
252
512
384
144
172
384
278
193
186
334
294
130
181
233
876
384
117
130
115
152
223
154
153
199
162
205
384
179
126
150
384
244
175
98
171
189
110
384
163
133
192
280
384
179
421
164
159
384
337
384
297
228
129
138
134
113
370
205
103
99
209
171
206
214
210
402
384
219
201
160
204
112
279
103
161
384
152
208
233
300
167
139
384
234
98
209
254
229
384
384
253
160
500
96
206
165
179
215
384
216
446
177
161
142
384
200
196
384
206
243
174
264
432
256
177
217
135
240
184
115
207
292
115
97
190
128
233
254
254
347
163
139
220
551
384
285
331
176
280
329
174
154
384
155
250
211
197
255
156
384
163
183
143
215
337
292
384
258
152
228
280
217
384
384
144
173
384
231
1202
384
385
365
384
446
270
193
253
261
254
151
208
384
195
169
132
278
263
384
1089
112
484
202
384
265
113
384
166
158
206
140
158
217
198
316
184
384
452
254
384
215
259
384
303
118
384
384
384
280
192
384
173
217
171
525
191
217
223
172
236
147
501
163
144
108
198
149
177
384
96
447
221
384
384
384
268
185
236
195
127
283
176
186
187
384
103
256
384
217
108
190
181
158
173
109
121
384
106
219
96
98
271
160
384
384
99
489
384
247
384
962
212
384
388
196
263
384
384
143
195
165
216
246
461
287
106
384
310
174
384
285
208
141
384
234
137
384
384
212
384
251
232
124
343
132
384
384
191
254
138
221
288
384
422
209
157
384
384
118
836
173
384
153
96
513
178
384
689
384
384
199
384
361
224
119
192
421
361
384
219
384
207
133
771
218
303
152
214
207
135
794
463
206
297
384
346
384
155
384
190
135
199
184
288
195
251
110
270
231
148
465
384
384
236
179
384
189
384
110
205
201
384
204
384
246
260
303
193
384
155
384
103
176
473
112
384
384
158
275
221
763
197
172
157
384
185
165
231
157
314
160
96
158
187
169
384
145
166
174
228
165
384
173
384
185
247
206
233
195
181
100
384
151
140
384
265
181
195
233
649
384
213
384
178
257
155
162
113
108
226
148
122
297
384
203
384
267
192
145
222
384
126
384
215
384
173
298
284
182
151
159
201
216
252
115
269
352
129
1378
96
177
153
202
107
384
253
217
203
384
384
171
384
220
234
168
131
478
115
384
240
384
137
447
166
98
589
384
113
96
162
384
197
217
384
284
388
213
147
149
409
218
384
155
223
192
384
207
384
384
161
138
268
159
268
111
206
110
201
145
160
384
117
384
384
384
384
192
136
237
220
492
384
384
313
98
384
725
203
384
147
227
253
191
863
655
113
141
168
167
277
451
253
384
184
384
187
384
384
151
251
384
213
384
384
119
196
229
222
245
162
104
193
158
384
384
96
358
150
191
302
384
135
373
384
147
128
161
257
384
1064
127
261
384
384
173
384
148
384
384
134
99
108
229
127
219
198
384
203
217
105
213
113
226
260
173
208
197
235
384
184
384
210
244
121
115
507
384
217
176
180
518
182
148
346
146
191
384
384
374
237
297
193
243
245
167
224
169
165
194
290
384
313
384
384
384
96
96
384
384
384
384
384
171
146
154
205
182
104
204
277
228
226
96
521
168
384
140
234
384
233
384
218
384
384
384
147
224
384
247
194
256
175
218
219
144
384
523
384
213
384
234
133
384
228
177
384
384
204
96
384
179
151
316
384
384
384
384
517
376
188
182
384
203
113
383
445
384
213
384
120
157
165
484
384
276
146
186
215
384
192
384
110
207
157
544
160
237
165
192
285
208
289
178
384
164
255
384
205
213
384
183
235
155
384
384
136
239
208
275
304
384
241
384
384
285
156
280
155
241
117
291
119
144
384
384
384
384
421
227
384
192
184
133
234
384
173
384
480
384
191
384
428
97
214
200
182
108
148
408
99
384
282
96
2073
138
116
384
265
223
384
807
106
142
224
384
115
384
384
294
111
136
199
120
384
186
295
384
96
152
147
240
322
159
127
708
201
264
168
231
166
97
106
384
367
213
106
384
208
384
113
384
185
96
176
175
150
384
384
490
201
143
128
384
136
255
140
384
228
106
204
168
156
245
384
384
384
384
172
135
271
384
384
384
224
384
214
229
363
384
177
384
314
384
257
100
178
180
170
191
1012
401
384
208
384
488
384
222
106
189
147
119
132
182
142
344
161
140
384
96
384
102
384
109
384
337
287
142
155
384
165
229
475
105
190
384
529
162
384
210
159
250
152
208
186
182
260
736
117
612
185
178
384
196
384
804
206
384
147
136
112
384
168
187
384
185
192
384
255
199
139
268
276
130
113
384
468
750
257
112
384
217
384
144
550
186
148
166
384
211
101
384
134
226
384
232
164
118
225
235
384
155
384
384
384
150
217
196
206
384
260
244
223
222
530
185
109
384
104
247
141
384
139
104
656
182
111
139
225
384
207
287
139
534
211
384
201
161
118
113
193
145
384
138
384
139
384
251
226
336
384
384
275
384
145
320
163
384
384
174
384
179
156
97
302
314
174
197
155
157
192
116
521
243
155
184
252
234
158
137
225
218
384
145
191
384
156
451
162
384
131
267
384
233
166
384
250
178
154
161
384
132
384
105
96
384
384
193
201
139
258
384
384
175
118
415
198
101
163
384
2114
228
384
252
384
384
210
286
121
126
384
229
384
172
143
384
380
384
187
384
191
112
384
384
384
384
146
182
205
177
256
384
158
248
180
344
198
161
384
197
205
190
260
118
384
384
277
152
181
152
242
527
219
128
241
384
384
212
113
384
108
194
209
258
126
195
125
149
235
104
159
227
290
384
105
123
182
196
189
223
227
384
213
124
159
245
384
441
104
384
204
203
384
384
276
183
235
100
384
159
177
250
160
580
384
384
384
107
230
384
112
279
384
384
187
384
185
384
213
384
384
384
251
384
384
124
384
384
384
265
488
384
148
384
325
384
196
360
194
384
243
111
96
170
384
261
219
176
168
194
384
539
260
384
186
384
98
263
384
152
206
384
386
104
384
384
230
146
217
384
384
437
128
242
102
133
287
384
120
384
143
273
183
172
243
384
649
172
384
165
204
243
232
145
384
282
384
384
384
162
384
237
384
232
273
384
220
121
384
189
460
384
126
384
347
384
259
384
384
384
208
253
337
384
240
177
191
96
384
384
170
384
231
384
266
247
541
486
180
384
150
384
205
111
190
624
216
384
195
96
384
384
225
145
240
135
100
107
251
185
384
173
519
384
302
413
384
260
337
295
384
384
462
376
217
384
384
190
192
331
302
125
166
384
163
384
478
208
229
133
98
144
116
384
97
226
98
384
212
384
184
440
384
148
213
144
384
384
210
931
194
154
123
384
612
156
157
143
198
101
384
384
384
630
163
236
384
293
164
384
145
188
384
211
265
220
106
152
384
183
176
384
436
384
384
185
149
156
280
228
202
388
234
210
468
194
398
137
168
271
211
384
105
224
209
384
148
292
384
216
167
1163
384
200
384
200
111
241
384
130
470
264
166
334
1123
145
208
103
271
384
150
164
384
614
102
156
384
739
384
216
384
150
225
159
153
384
384
384
384
384
179
384
384
384
205
147
101
340
536
257
384
281
103
214
225
140
384
164
283
384
384
108
109
384
384
384
479
384
384
384
384
243
384
384
151
242
137
250
384
384
303
268
384
178
384
191
104
384
190
384
374
259
384
102
384
102
384
384
308
384
152
156
384
384
660
384
384
472
213
384
337
143
196
102
458
384
254
138
555
149
384
187
384
224
384
384
384
165
384
159
224
701
148
384
384
158
265
107
96
265
164
118
135
384
214
270
384
384
197
165
384
187
209
384
384
384
107
384
384
254
287
384
214
137
235
98
384
384
119
238
285
384
103
384
215
129
175
160
384
462
170
98
384
108
105
384
139
384
750
234
231
240
189
188
256
154
384
103
272
145
160
110
152
239
139
384
384
135
384
113
102
384
384
384
248
201
384
122
221
220
266
384
384
384
293
178
384
449
243
384
248
384
384
384
384
384
384
279
161
127
325
384
152
206
109
279
384
221
384
1802
384
586
199
233
112
384
384
210
243
191
154
384
166
178
384
384
525
142
222
250
261
384
384
384
384
384
193
148
206
228
384
384
162
384
104
339
115
384
384
185
107
418
122
195
384
96
134
384
384
424
535
187
152
215
384
230
384
137
169
384
147
197
162
384
384
384
384
384
169
384
384
384
384
335
384
384
384
384
384
111
384
288
245
104
147
567
267
150
384
253
384
384
1126
130
176
230
146
200
384
274
253
384
384
162
198
169
265
384
384
384
384
384
98
188
141
218
384
141
384
384
292
164
384
231
384
222
384
384
384
104
304
276
180
384
384
112
213
123
384
145
384
106
384
384
96
128
384
185
384
96
230
384
321
114
384
384
177
384
113
205
384
158
384
384
200
226
261
109
384
521
243
384
384
384
265
384
312
111
384
147
384
186
384
174
384
191
384
366
384
384
384
384
384
191
384
384
384
384
270
384
201
384
384
384
384
117
186
384
237
384
110
155
384
178
107
576
262
196
384
126
384
152
267
147
160
384
141
384
220
170
384
384
384
384
384
384
173
236
107
226
240
1003
384
384
209
384
146
121
245
138
185
384
101
201
228
191
384
384
384
99
384
384
384
384
269
384
158
325
216
384
122
106
234
207
384
260
317
138
174
384
384
144
384
136
384
330
215
230
153
200
384
491
121
171
384
384
120
182
181
121
384
384
384
384
146
1802
128
183
141
384
221
384
243
144
384
384
384
246
486
384
264
238
201
384
96
310
384
384
213
448
384
242
96
195
127
2165
100
157
174
260
205
384
384
384
384
373
183
228
384
384
364
457
384
384
384
110
132
384
153
384
384
174
384
221
143
384
384
101
199
384
207
149
384
384
107
101
384
151
384
384
242
300
101
162
99
169
252
179
317
384
353
240
205
180
267
384
179
230
384
384
99
188
240
384
168
384
255
272
384
384
313
169
384
384
384
112
162
203
384
384
384
195
154
551
384
384
384
384
384
384
236
384
140
203
384
384
137
159
384
384
384
384
384
359
153
239
415
384
213
218
106
384
208
116
384
384
384
384
213
149
384
208
384
282
384
126
384
348
384
255
384
401
384
155
384
384
384
384
384
384
384
181
151
384
384
133
129
229
384
384
230
384
227
384
384
101
110
246
384
414
215
188
384
384
188
384
171
384
281
581
384
247
221
251
384
384
384
384
163
384
384
384
384
146
290
237
384
384
384
200
384
384
156
384
384
384
203
384
176
384
165
164
492
384
384
384
405
384
307
384
635
384
176
384
165
172
384
96
384
236
384
259
293
384
118
384
384
295
384
384
134
384
178
329
140
141
247
384
124
151
189
191
384
180
230
384
384
116
282
384
195
384
384
384
169
100
230
384
384
384
384
194
384
384
384
116
384
384
111
224
809
177
220
384
488
384
254
384
384
213
106
221
555
384
384
384
129
118
347
384
136
176
384
233
384
384
111
1522
384
384
384
112
101
384
384
280
384
384
384
219
384
112
512
191
247
99
384
384
384
384
384
185
167
148
219
227
103
384
384
151
384
384
105
186
384
384
384
384
384
178
120
384
384
384
204
104
384
183
224
153
384
192
199
384
152
183
384
384
156
384
96
162
166
96
163
191
384
96
179
384
205
872
384
120
148
384
247
110
384
384
130
295
384
384
186
151
697
384
180
101
384
384
384
191
384
384
119
146
99
384
384
384
384
231
384
306
384
489
384
96
162
254
384
461
615
384
328
384
384
384
192
247
384
384
208
384
384
162
384
384
384
384
191
384
384
384
384
384
280
384
214
384
384
384
458
384
295
384
384
384
384
384
384
384
132
267
135
260
384
384
163
96
384
126
384
384
384
329
384
384
140
295
494
261
384
384
163
197
384
384
384
384
384
384
190
384
384
384
384
384
191
384
384
384
384
384
384
107
170
384
158
111
384
154
384
372
384
165
327
274
201
494
384
196
384
164
384
235
98
259
98
384
184
384
421
384
168
384
384
224
214
384
204
384
178
133
384
679
384
384
384
227
384
384
384
384
384
384
216
116
384
384
384
177
384
384
175
157
384
384
384
146
201
384
384
142
141
175
109
384
1197
384
384
384
384
301
384
176
194
384
270
194
103
184
98
185
384
384
240
185
384
384
278
150
384
287
384
384
197
144
384
229
384
384
384
142
96
384
186
384
112
384
529
194
384
384
384
384
384
250
175
384
384
255
384
384
384
384
332
236
384
384
384
384
266
170
98
384
384
384
226
172
384
384
384
102
384
512
384
480
384
122
151
384
384
384
384
384
384
384
137
138
232
300
1264
221
384
170
384
100
275
218
144
384
153
98
653
384
174
148
384
384
279
158
384
1254
384
190
336
207
384
192
384
172
384
340
120
384
384
155
384
384
384
192
384
384
209
384
156
384
134
384
117
150
384
384
148
384
384
158
192
138
384
384
162
384
251
878
173
384
163
384
384
384
384
212
202
165
181
384
181
400
384
674
384
384
384
205
384
384
162
384
206
384
267
384
384
384
199
384
96
384
384
228
202
384
384
384
1123
384
384
218
384
384
384
126
384
256
384
384
384
152
384
111
333
101
384
384
384
384
384
384
112
225
384
384
384
384
286
164
199
384
384
203
501
384
184
178
384
122
169
384
384
297
218
384
384
384
384
384
387
384
384
384
384
384
384
384
113
144
159
384
249
236
384
173
384
384
384
167
200
225
384
379
384
384
384
187
384
384
384
179
384
384
384
384
496
384
384
384
384
384
384
384
384
384
274
384
384
96
581
384
384
281
384
384
384
318
384
384
97
384
182
175
98
384
384
1864
191
204
384
231
384
384
384
384
384
217
192
231
384
384
111
384
96
384
384
384
122
384
260
384
115
384
190
384
245
130
262
384
115
384
384
384
109
384
99
384
384
384
384
193
384
140
384
156
384
384
151
96
384
384
384
223
384
384
240
156
208
384
155
384
384
384
237
206
512
384
384
384
1064
384
129
166
384
384
444
384
384
384
150
233
384
384
119
384
384
384
134
172
118
185
271
191
384
384
384
212
149
173
384
384
196
384
338
241
97
272
236
222
643
224
384
162
384
296
384
384
138
384
96
384
384
384
384
384
156
384
384
384
384
384
384
384
384
384
384
384
384
384
384
176
244
384
384
271
118
118
182
320
384
384
307
250
384
384
384
384
384
384
411
384
384
384
384
190
384
384
497
236
384
384
416
384
384
101
183
384
384
384
384
251
635
153
162
384
97
384
384
196
384
384
384
282
144
384
384
147
384
192
384
384
207
384
384
384
384
384
256
243
161
384
384
384
384
384
384
384
384
384
384
426
384
153
171
164
384
384
97
155
477
384
384
197
384
384
186
384
111
384
384
384
384
384
120
384
384
134
183
521
384
384
179
634
384
384
103
384
384
384
208
384
384
384
384
384
384
384
384
384
384
488
384
384
560
384
202
298
244
454
384
192
185
403
384
181
190
384
384
384
384
384
384
384
384
384
102
451
384
144
384
384
384
125
384
384
384
384
384
384
384
384
384
247
384
384
384
384
287
384
188
257
384
384
157
384
384
122
384
355
157
384
384
384
97
384
438
384
183
384
216
384
294
384
384
384
205
196
384
384
384
171
384
384
384
384
384
384
220
858
384
384
151
384
334
384
384
422
384
384
133
384
2165
384
465
159
145
384
178
384
249
384
384
384
384
384
384
138
853
384
384
931
384
384
384
384
208
205
384
530
384
384
384
255
146
226
384
100
384
384
384
384
384
195
384
384
384
384
384
384
384
384
384
384
384
199
384
97
384
384
384
332
384
384
100
264
384
244
384
268
384
384
384
384
384
207
384
135
384
107
384
384
191
384
384
384
173
98
384
166
384
198
206
459
121
384
384
384
384
384
384
384
384
384
97
384
384
116
384
384
384
375
384
384
152
384
571
384
224
189
384
384
105
384
384
384
384
384
384
384
384
384
384
384
384
384
167
189
384
708
384
110
215
252
384
384
384
384
384
168
384
384
384
384
279
384
384
463
179
384
384
197
173
359
384
384
384
634
384
286
384
384
384
384
384
384
384
101
179
384
384
384
384
384
103
384
384
384
221
384
199
384
97
276
384
384
384
152
384
139
384
384
255
384
384
148
101
384
384
384
384
384
99
257
384
384
225
384
384
208
384
384
96
120
274
267
384
518
130
163
281
384
384
384
384
384
384
278
384
384
384
96
384
170
384
384
384
384
123
197
384
384
384
384
384
205
384
478
384
384
241
384
414
384
384
384
384
187
384
384
384
176
384
108
384
384
258
384
384
384
384
455
664
384
384
244
222
160
210
384
121
369
384
141
287
340
509
456
384
384
384
200
198
384
384
384
281
384
384
384
384
384
110
384
384
143
384
256
183
629
384
341
384
384
384
384
298
386
384
140
384
384
384
384
384
384
384
384
384
225
384
384
96
269
384
384
512
384
384
384
384
384
158
384
384
384
384
384
109
116
384
384
384
547
384
384
384
115
384
384
130
100
384
137
384
384
384
199
384
384
384
384
384
384
161
384
384
384
384
384
384
240
215
112
397
384
384
213
384
384
384
100
384
191
831
492
384
99
133
384
384
108
384
384
384
231
384
384
384
384
384
153
384
384
384
384
384
181
384
384
199
384
384
384
384
586
384
384
288
384
384
384
384
384
216
150
384
143
170
384
177
384
384
119
96
384
384
176
384
99
199
224
384
384
384
384
384
384
384
384
384
138
129
384
384
138
179
384
182
384
384
226
384
384
133
384
384
384
384
384
108
384
384
335
139
384
384
384
384
150
384
384
384
384
384
156
193
384
200
384
384
384
384
384
384
384
384
200
384
384
288
215
384
384
384
384
384
384
384
384
384
212
145
384
384
384
384
124
384
384
384
133
220
185
208
126
384
384
384
384
384
384
203
384
384
300
109
384
131
384
97
293
384
96
384
384
384
384
384
247
231
119
187
178
384
384
101
189
142
384
384
171
230
384
246
297
136
384
384
384
384
384
163
384
384
384
384
384
384
190
124
384
272
384
384
384
384
384
384
384
384
384
384
157
172
384
384
384
140
384
154
384
384
384
384
242
384
384
384
384
231
192
384
301
384
384
139
384
384
384
384
384
384
384
384
213
384
384
170
170
384
384
384
384
156
173
384
384
384
384
384
384
384
384
110
384
384
384
384
384
384
384
384
384
384
384
384
96
384
384
384
384
175
384
384
384
384
133
159
384
237
384
384
217
384
384
384
97
96
182
384
384
384
384
103
384
384
180
180
130
184
384
384
384
100
384
364
313
384
302
384
384
344
273
384
384
384
294
268
384
384
384
384
384
186
384
384
339
384
384
384
303
115
387
384
384
173
99
384
384
158
384
384
242
246
203
384
263
384
384
114
113
384
185
209
384
238
129
384
331
100
384
384
119
384
384
384
384
384
384
384
384
384
384
131
224
384
212
384
384
210
454
384
384
384
177
384
334
384
384
384
384
384
150
384
384
384
132
384
384
384
96
384
384
96
384
384
384
275
161
242
108
384
384
99
384
384
384
384
384
269
384
384
384
384
384
384
113
126
384
384
167
119
119
384
189
199
384
384
384
384
384
384
384
384
384
384
433
247
384
201
145
384
384
384
156
384
97
384
384
384
263
384
384
384
114
153
384
384
384
384
198
105
384
384
303
384
384
384
384
119
384
384
384
108
384
384
384
384
384
384
289
384
160
384
96
163
384
467
384
384
261
384
384
384
237
384
384
384
384
384
336
384
232
384
384
157
384
384
384
384
236
384
384
384
152
239
384
384
384
384
384
384
384
384
128
384
384
384
384
190
96
384
191
384
384
174
292
384
384
384
384
521
384
205
384
272
165
384
151
384
107
133
384
384
384
384
384
255
144
384
101
154
384
384
413
384
249
210
186
384
384
384
97
384
384
156
384
384
384
384
252
384
384
384
259
302
384
384
384
384
560
384
384
384
384
191
113
164
118
384
384
168
384
384
448
384
620
384
384
384
222
384
384
172
384
384
384
250
327
182
384
384
384
384
384
384
384
606
384
243
384
384
272
384
516
384
284
384
116
384
384
384
384
384
384
384
131
192
384
384
384
384
384
217
384
384
158
384
384
384
384
245
384
384
211
384
384
459
384
384
384
384
140
384
384
384
384
127
384
384
218
384
384
121
384
196
384
384
384
384
146
384
384
384
384
384
129
384
194
205
384
251
384
234
384
384
384
384
679
384
384
384
384
104
384
113
384
384
131
384
384
555
384
384
384
536
156
384
384
384
384
384
384
384
384
384
384
384
384
133
213
384
384
384
384
384
384
436
594
170
384
155
384
384
384
384
173
384
384
96
384
207
384
384
384
199
384
384
183
119
355
384
175
384
384
384
384
508
237
384
384
384
384
384
160
384
384
384
142
384
384
286
384
384
229
308
268
384
105
136
384
384
384
205
384
384
384
384
384
384
384
384
384
384
164
384
342
384
384
384
384
384
337
384
180
384
384
214
185
384
384
384
381
384
384
144
148
384
384
463
384
384
384
384
384
384
384
384
384
384
384
384
384
384
107
384
384
384
384
131
384
384
384
384
191
338
384
384
384
172
384
384
384
384
139
384
384
162
384
384
276
384
96
384
384
384
384
384
196
154
384
247
384
384
384
100
384
384
384
384
384
227
384
384
384
384
384
384
384
384
384
199
384
384
384
384
384
384
384
384
189
384
384
384
180
384
384
384
117
206
384
104
120
384
384
126
384
186
384
169
384
384
384
182
384
384
384
109
123
121
112
183
384
384
384
384
384
141
384
283
103
384
384
384
384
384
384
384
384
384
384
384
384
384
384
384
232
140
463
384
384
384
269
384
289
384
384
384
384
384
384
1025
239
384
293
384
384
384
384
384
384
384
233
384
281
384
384
384
191
384
384
384
384
384
384
384
384
96
384
384
384
384
384
384
384
384
384
384
384
384
844
384
384
384
384
384
384
96
384
384
384
384
384
181
384
384
384
384
384
121
384
535
384
384
384
384
384
222
104
506
384
384
226
384
237
100
384
234
384
384
463
384
384
265
384
384
384
166
384
384
384
384
384
384
384
384
384
384
166
384
384
384
384
162
384
384
96
153
254
384
384
118
384
384
384
384
271
384
501
384
384
384
384
384
207
384
384
384
384
384
151
384
384
384
384
254
384
384
119
384
384
106
128
202
384
384
384
384
384
384
384
384
384
240
384
143
384
384
384
384
384
384
279
215
384
384
246
384
384
649
384
384
384
324
384
384
384
384
384
384
384
384
384
384
384
384
930
384
384
156
384
384
384
231
384
384
384
167
384
384
384
384
384
205
384
384
384
158
384
384
384
384
384
384
384
384
384
384
384
384
384
384
384
384
384
384
384
384
384
459
384
384
384
384
123
384
384
384
191
384
384
179
384
203
195
384
384
250
384
184
261
384
384
384
384
124
384
384
384
203
384
384
384
384
384
384
384
384
384
384
135
465
384
478
384
384
384
351
384
384
384
384
384
380
384
164
384
384
384
105
384
384
384
384
384
384
131
384
191
248
125
384
1017
221
384
202
384
152
384
183
384
384
384
384
384
384
384
384
384
384
384
384
791
184
384
384
202
384
384
384
384
214
384
384
384
231
384
384
557
384
384
384
384
384
384
384
384
384
384
384
384
384
384
384
384
384
372
384
198
384
384
384
384
384
384
384
384
384
144
384
210
384
384
384
388
384
384
384
384
284
384
384
384
384
257
384
384
384
384
384
384
384
384
489
384
384
127
384
384
384
352
384
384
384
384
384
384
384
384
384
109
384
384
384
384
384
384
384
384
110
384
384
384
154
384
384
96
227
384
384
210
276
384
107
384
384
384
384
384
220
432
384
1021
384
384
384
384
384
384
384
142
384
96
384
188
384
384
384
212
97
384
384
384
384
384
384
384
384
185
384
384
384
384
283
384
515
384
384
384
384
384
384
127
432
384
300
384
384
384
384
384
384
384
384
384
384
127
384
384
384
225
384
384
384
460
384
240
204
384
384
103
384
189
384
253
384
384
384
384
384
191
384
384
193
384
384
384
231
384
384
384
384
108
384
384
384
384
384
206
154
384
384
107
384
384
384
384
384
384
264
96
384
384
217
384
384
384
109
384
384
384
384
283
384
384
384
172
97
384
384
384
173
384
384
384
145
384
384
384
384
180
384
384
384
384
384
144
384
165
384
384
138
384
384
384
384
384
384
384
384
536
384
384
384
384
182
679
384
167
384
331
384
384
384
384
384
384
384
176
384
384
384
384
384
384
384
167
384
384
384
384
384
384
384
384
384
384
233
384
108
384
384
134
384
201
384
384
384
384
384
384
148
473
139
384
384
189
384
384
384
384
242
384
384
384
163
384
384
384
384
384
384
384
384
167
384
384
384
384
384
384
384
384
384
384
171
384
384
384
384
384
384
462
384
204
384
384
384
165
384
384
243
384
96
181
384
384
259
384
384
384
384
384
384
384
384
384
384
384
384
384
384
384
384
118
194
255
154
384
384
384
384
384
384
384
384
384
384
384
384
384
384
384
384
201
384
384
384
384
294
384
384
384
384
384
384
384
384
384
384
480
384
169
384
167
384
384
384
384
140
384
384
384
384
384
384
384
384
198
227
257
384
384
384
395
384
384
186
384
384
97
384
384
384
384
150
384
384
384
384
101
384
384
384
106
384
384
384
384
190
100
265
384
118
384
384
384
384
384
190
440
384
384
159
384
384
384
384
384
262
242
384
384
384
384
193
384
384
197
234
384
384
384
114
384
384
384
384
384
384
1521
138
514
384
384
384
384
384
124
384
142
384
129
384
384
860
384
384
384
384
384
348
384
384
384
608
384
182
225
384
384
384
384
384
384
384
106
384
384
384
115
384
384
384
119
384
384
384
384
384
384
384
384
194
384
384
384
384
384
384
384
384
384
186
241
384
384
384
384
296
384
384
149
384
384
384
180
384
384
384
384
384
128
384
384
384
384
384
384
384
384
101
384
118
384
258
384
384
384
384
384
384
384
384
221
384
239
384
122
384
384
384
384
384
384
563
112
384
384
263
384
384
384
384
384
384
384
384
384
384
384
384
384
146
180
384
384
384
316
384
384
384
564
384
1521
232
384
384
384
384
384
384
204
384
384
176
384
384
384
384
384
384
157
384
384
384
139
384
384
384
384
384
384
384
384
384
384
384
384
384
384
384
384
161
194
384
384
384
384
384
384
384
384
384
384
384
384
384
384
384
123
161
384
243
384
384
384
384
154
384
384
496
384
384
113
175
384
134
384
134
495
384
384
384
384
384
384
384
384
384
384
384
384
384
384
384
384
384
384
384
384
384
384
384
384
384
384
384
384
384
384
384
384
384
384
384
384
384
384
198
105
384
668
384
384
165
384
384
384
384
384
384
165
384
241
384
384
384
384
384
384
384
384
384
384
384
384
384
384
384
384
235
384
384
384
384
384
384
214
384
384
384
384
283
384
384
384
384
384
384
384
125
384
384
384
196
159
384
384
384
384
384
384
384
384
384
384
384
384
157
384
122
205
384
194
384
166
465
153
384
231
384
384
143
384
384
384
384
384
384
384
384
384
384
384
384
384
384
384
384
384
384
384
384
384
384
384
421
384
384
384
384
384
384
384
384
384
384
384
190
384
384
384
384
384
384
384
384
152
384
384
384
384
107
105
384
384
384
384
384
384
384
384
384
384
384
384
384
384
384
384
384
384
384
384
384
384
384
384
384
384
384
363
384
201
384
384
384
384
160
164
384
384
384
384
154
384
384
204
111
384
384
384
384
384
134
384
384
384
384
384
211
384
384
384
384
384
191
384
175
384
384
384
384
384
662
384
384
384
384
200
384
384
384
384
384
126
384
313
384
156
384
384
384
99
384
384
246
384
384
384
384
186
384
384
384
384
384
384
384
384
384
384
384
180
384
384
384
384
384
100
384
384
327
384
384
384
140
384
281
384
384
384
384
384
384
384
251
384
117
384
384
384
384
384
171
384
384
384
384
384
384
384
384
384
384
384
384
384
384
384
384
215
311
384
384
384
518
384
384
384
384
384
384
384
384
384
384
104
384
384
254
384
196
384
384
384
384
384
384
196
384
384
384
384
384
384
384
384
384
384
384
384
384
384
384
384
384
384
230
384
226
384
384
384
123
384
384
384
384
384
384
384
384
384
163
384
384
384
384
384
384
384
384
384
384
384
142
384
384
384
384
384
384
390
384
384
384
384
210
384
123
384
384
384
384
384
384
384
281
384
384
384
384
384
384
384
384
575
384
150
384
384
384
384
384
384
449
384
384
384
384
268
384
384
384
384
430
162
384
384
161
384
384
174
384
384
384
384
193
152
153
105
384
362
384
858
384
384
384
384
384
384
384
384
384
384
384
384
384
236
384
384
384
384
384
384
384
243
384
234
384
384
119
384
384
384
148
384
384
384
384
384
384
384
384
384
384
345
170
384
384
384
257
384
384
384
384
384
104
384
384
384
112
384
384
384
384
384
384
384
384
384
96
384
650
384
384
477
384
384
384
384
384
384
384
384
384
384
384
384
384
384
221
214
384
384
384
384
384
384
384
384
138
384
384
384
384
251
384
207
384
384
384
384
384
384
384
384
384
384
384
155
384
187
384
384
384
384
384
384
384
384
475
384
384
384
384
384
185
384
384
384
384
384
384
384
384
384
384
384
384
384
384
384
196
384
384
384
384
384
384
384
384
384
384
384
384
384
384
384
384
384
384
384
202
384
384
384
384
384
384
384
384
384
384
384
384
357
384
384
384
384
153
384
384
384
384
384
384
384
384
384
384
100
384
384
384
384
384
212
384
384
384
218
384
384
384
384
384
384
384
144
384
384
384
384
186
384
384
384
384
384
384
384
384
384
384
384
384
384
384
384
384
384
384
384
384
384
384
384
384
204
384
384
384
384
384
384
384
384
384
384
384
384
384
384
384
248
384
384
384
384
99
260
384
384
384
384
384
384
124
384
384
384
384
384
384
384
384
384
384
384
384
384
96
384
384
384
384
384
384
384
384
384
384
384
189
384
384
384
384
314
384
384
384
384
384
384
384
384
384
384
384
384
384
384
384
384
384
384
328
384
384
384
384
384
384
384
384
384
384
384
384
384
384
384
384
384
384
384
245
181
384
384
384
384
384
384
384
384
254
98
384
384
384
384
384
384
384
384
384
384
384
384
384
384
384
384
384
384
384
384
384
384
164
384
384
384
384
384
384
384
384
384
384
384
549
384
384
384
113
384
384
384
182
384
384
354
384
384
384
213
384
384
384
384
384
384
384
154
384
384
384
155
384
384
384
384
384
174
384
384
124
384
384
384
384
384
384
384
195
384
384
384
384
384
384
384
384
384
384
186
178
384
384
96
188
384
384
489
384
384
384
384
384
384
384
384
384
384
384
384
384
384
384
384
384
384
96
384
598
384
384
384
384
384
384
384
384
384
100
384
384
384
384
379
384
384
384
384
384
384
384
384
384
384
384
384
384
384
384
384
103
384
384
394
384
384
384
384
384
384
384
384
384
384
384
192
384
384
384
384
384
384
384
384
384
384
231
148
125
194
384
384
384
205
384
384
384
384
384
384
384
384
183
384
2073
384
109
384
163
384
158
384
384
246
384
384
384
384
114
384
384
384
108
384
384
384
384
384
384
384
384
384
384
263
384
205
384
384
138
384
384
384
384
557
795
384
384
384
384
174
384
384
384
384
384
384
384
384
384
384
384
384
384
384
384
384
209
384
384
117
384
384
384
384
384
384
384
277
384
384
169
384
384
384
384
384
384
384
384
384
384
384
245
384
384
384
384
384
384
384
384
384
150
384
199
384
384
384
384
384
384
384
393
384
384
384
157
384
133
384
384
384
384
384
149
384
384
384
384
181
384
384
384
384
384
384
384
384
384
199
182
384
635
384
384
276
264
384
384
335
140
384
112
384
251
384
384
244
96
384
384
384
384
384
191
384
384
384
384
384
384
384
384
107
384
233
384
159
384
384
384
384
384
105
384
384
384
384
384
141
384
384
384
384
384
384
384
152
384
384
384
100
384
354
492
384
384
384
384
384
384
384
384
384
384
268
384
384
384
384
384
384
384
384
384
384
314
243
384
384
384
384
384
384
384
120
384
384
384
384
384
384
384
384
384
114
384
384
144
384
384
384
686
194
384
384
384
384
384
384
384
384
384
384
384
658
384
384
384
384
174
384
384
384
212
384
384
384
384
384
384
384
384
384
384
384
384
384
384
384
129
384
384
384
384
384
384
384
384
384
384
384
384
384
384
384
384
234
384
142
106
384
384
384
384
384
102
384
384
116
384
384
384
384
384
384
384
384
384
384
201
384
231
384
384
384
384
384
384
164
384
442
384
384
384
384
384
384
384
384
384
384
384
639
384
447
236
373
384
384
384
384
384
384
384
151
384
384
161
277
384
384
384
384
384
137
384
384
384
384
384
384
384
384
384
384
384
384
384
384
450
384
384
384
108
264
171
384
519
384
384
168
228
384
384
384
161
384
384
250
384
384
384
384
384
384
384
384
384
384
206
384
384
384
384
384
384
384
384
384
384
384
691
384
384
384
384
135
384
384
384
384
384
172
384
155
457
225
384
384
384
104
384
384
384
384
246
384
384
384
384
384
384
206
384
384
384
384
384
162
96
384
384
384
384
384
384
384
384
384
384
231
384
384
384
384
384
384
384
384
384
384
384
239
384
384
183
384
384
182
384
384
384
229
99
384
384
384
384
384
384
384
135
384
384
384
384
384
513
384
384
384
384
384
384
384
384
384
384
384
384
384
384
384
384
315
384
384
384
384
384
440
384
384
915
384
384
384
384
501
384
384
384
384
384
384
384
384
384
384
384
125
384
384
384
384
384
384
384
384
384
384
384
384
270
384
384
163
384
384
384
147
384
384
384
384
384
384
384
384
384
384
384
384
384
384
384
384
384
384
384
384
384
384
384
384
384
104
384
384
384
101
97
384
384
384
384
200
384
195
161
384
384
384
384
384
384
384
384
384
384
384
384
384
384
384
384
384
384
384
384
384
384
384
384
384
384
384
150
769
192
384
478
384
384
384
384
384
384
384
384
384
384
384
384
562
384
384
285
384
384
384
384
384
384
384
384
356
384
384
384
107
384
384
384
384
384
384
384
384
155
384
213
384
384
384
384
384
384
384
384
384
156
384
384
384
384
145
268
384
653
384
384
384
384
384
384
384
384
384
384
384
384
384
384
384
384
384
384
384
384
384
384
384
384
384
384
384
384
384
384
384
384
384
384
384
384
384
384
384
384
384
384
384
384
384
384
384
384
384
127
384
384
384
384
384
384
384
384
384
384
384
384
384
116
384
384
384
384
384
384
384
384
384
177
384
384
384
384
384
384
384
384
241
207
384
384
384
168
384
384
384
384
384
107
384
384
384
384
384
384
384
384
384
384
384
118
384
384
384
384
384
384
384
384
384
384
384
384
384
105
384
384
479
384
384
384
384
384
384
384
187
384
384
384
384
218
384
384
384
384
384
384
384
384
384
316
384
384
384
473
384
384
881
384
384
384
384
384
384
384
384
384
196
384
384
384
137
384
384
96
384
384
384
252
384
384
384
384
384
384
384
384
384
384
241
384
384
384
150
384
384
384
384
384
384
384
384
384
384
384
384
384
384
384
384
153
384
384
384
384
384
384
384
384
384
384
384
384
384
317
384
384
739
384
384
384
384
384
384
384
163
384
384
384
384
384
100
384
384
384
384
384
384
384
384
384
384
384
384
384
384
384
384
384
384
250
384
384
384
384
384
384
384
384
384
384
384
384
214
220
384
652
384
384
384
384
384
384
384
384
384
384
96
384
384
384
384
384
367
384
384
263
384
107
384
157
384
384
384
384
384
384
384
341
384
384
384
384
384
384
384
384
384
384
384
384
384
384
161
384
384
384
384
384
384
384
384
384
158
384
130
384
384
384
384
384
384
384
384
384
384
384
134
384
384
114
384
384
384
384
384
384
102
384
384
384
384
218
384
122
384
384
384
126
384
384
384
384
384
384
384
384
384
384
384
384
384
384
384
384
384
384
384
384
384
384
384
384
384
384
384
384
384
384
384
384
384
384
384
384
384
384
384
384
108
384
384
384
384
384
384
384
384
384
384
384
218
384
384
384
384
384
163
244
384
384
384
384
384
384
384
384
384
384
384
384
384
384
384
384
384
384
173
108
384
384
384
384
234
384
384
384
384
384
384
384
384
384
384
384
384
384
384
384
384
384
384
384
384
384
384
384
384
384
384
384
384
384
384
384
384
384
384
384
384
384
384
384
384
118
384
384
384
384
384
384
384
384
384
384
384
384
384
384
179
384
384
384
384
384
384
384
384
384
384
384
384
384
384
384
384
384
384
384
384
384
384
384
224
313
145
384
384
384
384
384
384
384
384
384
384
384
384
384
384
384
384
384
384
384
148
137
384
384
384
384
234
384
384
384
384
384
384
384
384
384
384
384
384
290
384
384
384
384
384
384
384
384
384
210
384
384
171
384
384
384
384
384
384
384
384
384
384
185
384
384
384
384
384
384
384
384
384
384
384
384
384
384
384
384
384
384
384
384
384
384
384
384
384
384
384
384
384
384
384
384
384
384
384
384
384
384
384
384
384
384
384
384
384
384
384
244
384
384
384
384
384
384
881
384
384
384
384
384
384
247
384
384
384
384
384
384
384
384
384
384
384
384
384
384
384
384
384
384
384
384
384
384
384
286
384
384
179
384
384
384
384
384
384
384
211
384
384
969
384
384
384
384
178
384
384
384
384
384
384
102
384
384
384
732
384
143
384
384
384
384
167
384
384
384
125
384
384
384
384
384
98
384
384
384
384
1124
384
384
144
384
384
384
384
384
384
384
384
384
384
384
384
384
384
384
384
227
384
384
384
384
384
384
384
384
384
384
384
384
384
384
106
384
384
384
384
384
111
384
384
384
384
384
384
384
384
384
384
384
384
384
384
384
384
384
384
229
384
384
384
251
384
384
384
384
384
384
384
384
384
384
384
228
384
384
384
384
384
384
277
771
230
384
384
283
103
166
384
384
384
384
213
384
384
195
110
384
384
384
384
384
384
384
384
384
384
384
384
384
384
384
209
384
384
384
384
384
384
384
202
384
384
384
384
384
384
384
384
384
384
384
384
384
112
384
384
384
384
384
384
384
247
384
384
384
384
384
384
149
384
384
384
384
384
384
384
384
384
384
384
384
384
384
384
459
384
104
384
384
384
384
384
384
228
107
384
312
384
384
484
384
384
384
384
384
384
195
384
384
96
384
384
384
384
384
384
384
384
384
384
384
384
384
384
384
384
384
384
384
384
384
384
384
384
384
276
384
384
384
384
384
384
384
384
384
384
384
384
384
384
384
384
384
384
109
438
384
133
384
384
384
384
384
153
384
384
392
384
384
384
384
384
384
384
384
384
384
384
384
558
384
384
384
384
384
384
384
384
384
384
384
384
384
384
384
384
384
384
129
384
384
384
384
384
384
491
98
384
384
384
384
384
112
504
384
254
384
384
384
384
384
384
384
384
384
384
384
384
384
384
384
384
384
384
384
384
384
384
200
384
384
384
384
384
384
384
384
384
384
384
384
384
384
384
384
384
384
384
384
384
384
384
384
384
384
384
226
384
384
384
384
384
305
384
384
384
384
384
384
384
384
384
384
384
384
384
384
384
384
214
384
215
384
384
384
384
384
384
384
248
384
384
384
384
123
102
384
240
384
384
384
384
384
384
303
384
384
384
384
384
384
384
384
217
384
384
384
384
384
384
384
384
384
384
384
271
384
384
384
384
384
384
384
384
384
384
384
384
384
384
384
384
384
384
384
384
384
384
384
384
384
384
384
384
384
384
384
384
384
384
384
384
384
384
384
384
384
384
384
384
384
384
384
384
262
384
384
384
384
384
384
384
384
384
384
384
138
384
265
384
384
384
155
384
149
384
384
384
384
384
384
384
384
384
384
384
384
384
384
384
384
384
384
384
384
384
384
384
384
384
384
384
384
384
384
384
384
384
384
384
384
384
384
384
384
384
384
384
384
384
384
384
384
384
384
384
384
189
384
384
384
384
384
384
384
384
913
384
384
384
384
384
384
384
384
384
384
384
384
384
384
384
384
384
384
384
384
384
421
384
384
384
384
384
384
222
190
384
141
384
303
384
384
384
384
384
384
384
384
384
566
384
384
384
384
384
384
833
384
384
384
384
384
384
384
384
384
384
248
384
384
384
130
384
384
384
384
384
384
384
384
384
384
384
384
384
384
384
384
384
384
384
384
384
384
1126
384
384
384
384
384
384
384
384
384
384
384
384
384
384
384
384
384
384
384
384
384
384
175
384
384
384
384
384
384
384
384
384
384
384
384
384
164
126
384
384
384
384
384
384
384
384
384
149
384
384
384
384
384
384
384
384
280
384
384
384
384
384
232
384
384
384
384
384
384
384
384
384
384
384
384
384
384
228
384
384
384
384
384
384
384
384
384
153
384
384
384
384
384
384
384
384
149
384
384
384
384
384
384
384
384
384
384
384
384
384
384
384
384
384
384
384
384
384
384
384
384
384
384
384
384
384
384
117
384
384
384
384
384
384
384
384
179
893
384
384
384
384
384
384
384
384
384
230
258
384
384
384
384
384
384
2073
384
384
384
384
582
384
384
384
384
384
384
384
102
384
384
384
384
384
384
384
384
384
384
384
384
384
384
384
384
384
384
384
384
384
199
384
384
384
384
384
384
384
384
384
384
384
232
384
384
384
384
302
384
384
384
384
384
384
384
384
245
100
384
384
384
384
384
384
384
384
384
384
384
384
384
384
384
384
384
162
384
384
384
384
384
384
384
384
384
204
384
384
384
104
384
510
384
448
384
384
384
384
384
384
384
384
101
384
384
384
384
384
384
384
384
384
384
384
384
384
384
384
384
384
384
384
384
384
384
384
384
384
384
384
384
384
384
384
209
384
384
384
384
384
384
384
384
384
384
384
384
384
384
384
384
384
384
384
161
384
384
384
384
384
144
384
384
384
124
384
384
384
384
384
384
384
384
384
384
384
384
384
384
384
177
384
384
384
384
384
384
384
384
384
384
384
384
384
384
384
384
384
384
384
384
384
384
384
384
384
384
384
96
384
416
384
384
384
384
384
384
373
384
384
384
384
384
384
384
384
384
384
384
384
206
384
384
97
384
384
384
384
384
384
384
384
384
384
384
251
384
384
96
384
384
384
384
384
140
384
384
384
384
384
384
384
384
384
384
384
562
130
384
384
384
384
384
384
384
384
384
384
384
106
384
384
384
384
384
384
384
384
384
384
384
384
384
384
384
384
384
384
384
384
384
384
384
384
384
384
384
384
384
384
384
134
384
263
384
384
665
242
169
384
384
384
384
384
326
384
384
384
384
249
384
384
384
384
384
384
384
384
384
384
384
384
384
384
384
384
384
384
384
144
384
384
384
153
384
384
384
384
384
384
384
384
384
384
384
384
384
384
384
384
384
384
384
219
384
384
384
384
384
384
384
384
384
384
384
384
384
384
204
384
384
384
384
384
384
223
384
384
384
384
384
148
384
384
384
384
384
384
384
384
384
384
384
384
384
384
384
384
384
384
384
384
384
384
384
384
384
384
384
384
384
384
384
384
384
384
384
384
384
