434
801
443
802
949
776
414
876
893
753
720
974
403
391
853
486
932
925
650
406
949
446
870
474
669
392
798
382
430
421
710
687
385
387
800
841
440
431
743
428
414
485
385
419
674
376
468
420
411
795
750
426
557
782
381
539
602
418
464
718
399
399
411
471
375
543
517
374
529
368
382
377
430
385
385
797
443
357
485
392
369
397
441
799
366
435
386
349
637
593
372
403
388
609
424
786
367
394
381
380
400
540
381
396
706
376
407
392
358
579
710
375
359
353
657
378
377
324
367
364
612
515
367
373
366
374
369
341
390
371
366
378
371
347
362
371
359
373
342
388
350
701
798
352
400
342
346
349
364
362
397
375
512
732
403
359
381
331
348
747
347
312
356
370
557
349
367
300
380
346
327
359
559
345
349
387
391
337
1109
351
389
303
358
439
839
499
362
367
349
364
331
330
347
334
361
519
384
469
569
333
348
640
350
335
759
351
330
418
334
592
325
741
366
368
356
355
352
404
447
344
505
340
334
407
333
357
338
361
340
327
363
479
353
379
538
347
355
338
347
387
363
345
343
516
536
544
351
335
530
343
342
460
333
315
513
349
326
345
305
351
358
314
324
379
345
360
446
338
354
349
390
360
333
332
333
355
310
328
332
354
342
326
331
285
321
451
358
322
290
369
325
373
345
425
324
313
375
324
360
340
786
318
341
284
322
949
664
324
827
334
336
342
351
325
316
597
343
330
1320
327
592
311
337
329
329
327
371
300
333
589
327
385
402
337
380
331
332
339
351
316
334
363
307
339
573
316
489
320
356
460
331
373
474
327
308
434
336
335
355
467
313
301
304
274
536
508
324
343
351
385
382
346
347
384
332
324
315
353
342
356
441
351
316
315
350
688
309
326
486
350
333
328
301
326
317
648
329
381
334
335
288
316
322
345
322
307
305
454
346
313
314
322
336
291
337
949
360
321
520
419
369
302
295
321
331
321
303
328
326
311
307
397
301
325
361
329
316
299
299
309
279
323
370
294
341
353
295
291
393
302
341
308
298
331
323
870
504
324
559
328
313
299
320
304
320
302
296
330
303
308
419
876
344
338
300
299
330
281
346
340
314
344
459
292
326
343
322
476
314
336
345
362
341
285
281
297
329
305
294
412
290
328
322
295
306
330
353
322
344
359
424
351
329
293
310
298
325
336
278
292
282
303
351
358
278
284
308
427
298
284
278
304
290
309
320
313
308
321
290
291
282
332
307
291
302
279
562
340
307
273
296
272
483
293
318
292
270
361
327
314
272
307
279
276
314
343
261
272
287
301
324
290
313
286
300
444
282
275
517
331
452
314
275
301
317
338
318
293
343
273
314
330
285
301
480
441
456
308
322
304
317
320
290
333
438
291
340
287
319
400
282
332
311
724
465
274
269
325
328
309
277
276
274
311
279
281
326
853
301
301
332
443
358
292
318
320
306
327
309
279
309
263
287
319
301
297
488
298
203
331
303
321
396
325
361
263
296
356
323
292
375
279
297
282
287
317
246
464
314
327
323
342
321
342
280
288
313
312
827
271
317
297
308
285
285
292
289
342
329
325
323
309
323
284
271
305
246
319
342
327
271
310
281
291
316
261
317
589
298
280
346
289
315
244
334
284
293
283
282
325
297
282
310
308
308
463
301
296
249
286
317
360
303
305
342
573
243
313
297
322
287
299
263
260
268
307
271
307
338
301
337
249
302
232
270
266
317
394
285
352
312
361
284
283
278
318
232
463
278
302
318
307
304
260
305
369
290
309
574
227
281
313
285
239
275
275
336
302
241
536
278
283
273
246
276
286
284
283
221
378
279
329
326
294
352
262
245
347
305
292
277
471
323
316
303
550
460
316
266
295
331
191
279
270
309
291
261
287
229
293
305
328
316
266
405
278
289
427
295
290
285
380
291
312
306
252
273
322
316
285
283
315
256
243
305
259
276
290
285
258
324
284
304
276
268
316
277
294
282
233
362
419
293
274
319
295
309
304
291
289
273
340
270
282
293
321
316
337
249
309
257
277
275
246
261
259
265
285
290
294
289
370
235
283
253
485
264
303
269
276
346
314
242
248
269
254
281
374
281
314
271
298
318
1109
540
283
262
274
301
416
273
281
242
293
265
258
271
243
451
274
277
495
250
286
259
217
246
521
380
277
283
297
253
309
274
328
263
263
285
242
286
292
284
346
319
270
247
253
261
272
321
306
242
325
269
267
242
271
253
245
282
253
264
291
260
256
315
281
357
308
282
243
576
271
280
284
244
308
286
252
305
299
258
256
297
268
298
279
248
248
288
225
264
636
330
250
280
227
232
276
337
236
278
261
264
246
273
338
282
253
270
420
325
291
427
307
249
280
242
273
212
283
311
236
298
342
365
253
264
286
421
277
292
335
280
282
247
250
254
312
265
351
247
263
251
242
250
283
253
256
291
291
303
380
248
277
246
256
178
902
214
278
270
290
312
320
339
268
296
374
307
285
232
271
269
304
259
213
217
245
408
261
290
238
268
282
268
280
249
236
280
308
295
251
271
267
277
290
289
303
304
252
240
253
241
274
261
261
294
271
269
222
256
302
289
274
265
255
274
334
235
259
283
283
327
286
260
267
312
306
315
238
252
237
272
280
238
300
235
252
249
266
338
217
310
229
402
224
446
254
246
314
242
272
299
263
254
275
178
282
251
284
208
296
376
265
231
281
310
222
296
185
250
216
285
298
524
301
292
261
296
341
307
315
236
339
253
214
329
288
301
256
262
277
271
265
276
245
268
273
285
287
238
179
263
300
296
251
419
222
259
229
267
316
319
331
239
326
360
299
232
311
280
326
258
288
224
256
296
244
306
248
262
291
218
312
310
241
241
232
618
244
285
258
257
319
197
337
243
249
291
265
318
213
406
239
176
484
292
267
211
262
239
243
322
254
248
235
309
297
288
209
243
246
321
256
285
274
290
293
243
220
249
275
237
281
267
221
342
244
300
226
275
260
253
267
247
293
236
538
254
248
191
269
248
221
242
259
300
268
391
268
206
215
200
266
408
310
250
173
251
256
264
268
219
253
288
259
267
262
259
251
293
277
123
289
281
133
519
317
284
236
279
153
281
257
279
288
312
342
270
236
286
386
363
232
254
231
235
254
289
257
347
273
345
319
299
217
253
284
228
233
261
268
252
323
254
258
217
261
233
213
305
181
244
269
277
233
229
242
307
282
268
247
262
207
269
240
315
280
258
219
246
233
226
232
314
315
254
220
246
195
331
272
263
219
390
360
251
245
266
292
270
294
221
250
261
268
262
252
372
262
241
276
244
245
208
259
277
240
240
156
274
264
258
230
274
258
322
271
221
227
250
217
242
252
259
305
245
300
265
282
214
309
270
191
302
308
252
313
272
237
289
536
249
490
280
295
239
293
249
243
238
244
238
260
345
264
241
237
257
253
257
321
470
250
296
267
244
317
126
216
246
248
242
296
255
271
243
230
217
290
215
274
416
544
196
259
193
217
278
490
269
239
268
202
218
360
245
201
268
243
268
248
313
557
228
275
233
258
198
286
282
262
253
254
304
267
208
286
311
230
249
279
223
272
208
309
282
366
228
234
267
266
286
283
664
214
293
266
237
226
316
160
223
321
301
237
323
238
381
252
246
240
199
199
224
652
609
273
290
261
236
214
261
155
243
248
247
215
238
206
185
275
239
268
237
247
274
236
291
137
205
309
269
247
212
270
281
194
243
136
255
207
229
191
490
221
258
273
251
354
233
282
236
212
208
228
219
135
244
124
328
200
298
268
219
184
235
217
267
213
236
185
240
207
355
246
249
239
222
266
237
244
288
244
252
235
240
171
232
238
490
275
261
233
255
276
234
318
210
289
262
260
247
176
252
221
285
245
520
245
259
309
279
297
336
187
225
226
186
184
228
228
222
272
304
189
191
205
226
267
267
227
196
287
219
204
209
268
249
220
209
256
268
182
220
238
226
232
196
275
249
235
240
269
249
246
231
262
175
229
185
251
307
182
1095
279
294
235
148
239
252
217
490
204
259
126
211
208
239
229
281
178
231
235
180
249
490
179
257
215
278
236
254
279
293
231
240
228
167
195
230
214
268
263
175
490
260
242
226
248
378
211
160
237
287
291
255
163
306
143
168
248
207
247
255
252
242
206
309
223
179
247
384
305
258
180
161
266
201
253
232
164
207
235
243
188
227
797
234
490
201
152
122
188
253
189
256
229
254
246
146
239
366
197
249
252
297
255
340
253
241
208
246
233
199
281
256
288
245
188
289
258
243
240
203
334
249
242
271
219
220
244
125
205
135
277
490
297
270
186
211
271
183
248
238
299
262
221
207
199
224
196
257
264
199
248
244
258
251
164
238
282
228
244
210
276
242
267
194
242
206
203
184
221
218
252
201
209
219
247
122
221
260
268
230
269
214
530
268
283
224
246
195
145
262
234
197
252
285
269
244
236
308
145
296
196
227
283
171
251
224
254
235
234
154
183
125
243
245
161
283
232
252
229
163
223
250
193
224
193
200
257
490
925
490
165
246
297
263
199
221
206
239
243
315
384
266
230
519
150
221
200
242
267
223
249
285
128
183
244
213
187
163
276
128
244
215
198
192
490
143
247
206
490
328
230
185
355
278
211
124
211
205
229
169
490
198
234
196
178
218
490
301
247
213
241
218
239
162
385
225
235
129
242
291
170
490
227
159
237
147
252
207
252
221
221
209
199
226
255
204
271
172
221
270
219
238
243
185
198
258
490
249
232
329
230
205
205
201
195
216
257
147
490
252
132
303
245
234
224
253
204
239
293
192
189
247
244
122
273
205
198
198
490
242
216
132
238
159
490
279
216
140
490
179
173
261
201
282
125
254
234
218
280
282
198
224
139
281
127
146
242
193
223
219
189
245
215
250
490
289
235
248
256
197
853
194
243
490
227
294
207
141
186
306
490
243
256
306
490
241
195
259
195
237
227
214
309
190
255
279
226
237
180
234
229
202
490
212
207
490
364
216
253
298
223
239
160
263
189
177
190
202
431
242
167
222
196
262
221
276
207
184
238
223
186
235
192
490
153
256
201
490
180
267
293
249
164
263
273
219
122
220
260
184
236
490
192
490
240
305
137
229
217
490
225
196
245
225
256
490
246
175
241
171
167
214
235
222
248
248
231
224
234
228
245
163
490
255
244
271
197
490
213
277
241
221
193
211
242
220
233
207
217
225
257
310
216
169
490
490
279
269
205
290
174
238
259
490
490
183
234
244
256
289
232
260
147
199
330
210
490
239
230
210
229
226
490
213
286
190
490
179
204
255
219
490
236
140
129
220
287
237
215
213
224
490
208
122
272
345
162
122
283
490
490
205
225
181
490
224
188
251
265
182
239
189
230
216
231
139
244
203
227
128
241
140
217
292
161
218
244
170
242
340
147
158
230
198
287
208
257
150
287
490
490
122
203
299
191
258
265
145
246
200
193
333
176
256
291
131
205
1095
246
490
238
229
490
205
178
167
490
209
198
251
225
207
230
152
339
253
230
238
490
230
517
180
226
490
252
212
364
226
161
490
186
208
151
255
139
266
223
243
209
244
233
316
490
426
490
168
198
223
158
284
220
266
129
302
205
208
319
219
227
222
173
241
224
173
232
490
190
276
281
244
176
151
247
254
197
298
243
202
201
227
238
127
251
193
214
188
201
130
198
201
122
569
198
206
216
152
490
490
650
158
242
186
223
215
266
251
180
145
242
149
490
228
192
127
212
264
163
302
176
175
161
266
200
232
209
490
227
149
257
490
155
490
248
129
217
338
240
177
206
224
181
196
244
139
490
227
199
205
172
134
197
242
490
150
235
490
296
490
270
257
227
258
217
245
490
194
172
157
490
193
200
181
185
217
298
593
242
200
215
206
154
490
180
196
212
186
490
261
195
490
490
215
232
490
248
217
134
280
252
188
202
237
147
185
181
171
277
157
490
173
176
490
490
187
490
238
152
126
490
200
229
257
203
234
169
178
188
282
167
165
178
215
208
490
174
230
189
297
186
256
251
220
122
235
227
254
222
490
206
490
251
490
175
151
173
228
260
240
287
128
324
249
155
234
195
276
131
201
228
203
247
316
485
490
303
164
147
177
199
164
203
199
188
490
490
490
490
239
490
220
174
224
163
238
153
272
245
247
169
179
137
122
490
173
266
226
490
206
226
221
252
232
173
216
490
175
180
155
490
320
490
490
208
174
490
490
244
239
177
158
185
182
249
211
490
147
233
219
490
164
244
133
237
220
197
209
193
157
262
222
167
194
183
199
290
640
490
241
490
273
229
127
490
210
193
490
282
257
172
224
232
122
233
144
490
198
230
167
207
209
268
123
179
164
150
235
490
252
192
176
490
159
180
233
160
238
199
434
218
249
199
208
140
257
166
222
236
207
246
207
490
148
239
235
199
185
213
216
352
122
242
236
490
228
259
267
152
166
490
154
187
193
147
145
490
231
135
134
192
137
182
235
179
215
182
203
199
232
179
490
174
208
122
178
221
188
197
284
185
337
166
296
216
157
221
490
205
222
215
227
263
214
240
275
126
223
151
220
490
490
154
171
225
202
236
490
490
490
135
142
229
226
215
490
221
490
490
220
242
246
490
490
218
124
490
237
235
312
485
131
229
490
230
216
150
230
140
490
490
180
167
259
490
246
212
181
239
262
196
178
310
355
122
281
335
134
150
268
213
490
219
298
490
190
198
126
490
490
248
224
199
176
161
196
134
165
229
124
236
141
490
246
219
490
209
490
167
209
200
217
285
365
198
147
239
218
228
141
136
490
490
490
258
126
490
255
242
490
256
210
194
241
126
178
149
210
245
490
490
490
258
145
185
490
490
129
206
266
204
205
379
173
148
233
213
201
220
490
243
490
490
203
225
490
490
490
247
146
129
202
490
203
490
266
212
490
188
134
256
213
209
490
143
273
215
156
206
206
490
138
519
274
490
216
490
174
122
222
159
198
490
490
490
490
195
170
145
247
202
263
228
152
179
232
490
490
490
201
138
596
490
281
490
218
131
156
234
122
490
490
218
151
154
123
317
260
132
167
158
251
188
490
239
140
490
255
251
490
490
204
216
261
490
195
490
187
185
183
490
201
179
177
490
212
199
490
490
490
490
181
187
490
244
206
198
490
231
490
490
490
160
181
197
212
490
205
211
490
196
261
184
490
249
490
128
490
490
195
490
490
218
251
490
490
274
148
490
140
171
265
216
490
214
224
490
227
235
212
490
199
122
133
161
189
228
490
122
490
125
490
241
176
212
246
490
140
490
161
198
197
490
250
210
152
490
207
490
189
152
231
490
197
490
201
490
184
248
294
257
165
222
724
410
490
490
183
490
275
180
199
490
240
258
490
170
328
490
490
196
213
187
161
490
198
187
154
490
199
158
193
155
223
273
490
191
176
490
198
125
311
155
164
135
123
230
205
202
258
137
183
490
490
199
490
490
200
167
490
191
490
490
490
490
361
188
179
233
490
183
188
279
490
215
490
490
203
169
205
178
254
135
167
129
178
244
490
158
134
122
490
210
490
283
174
205
133
213
186
235
174
490
321
165
155
180
219
172
170
490
258
153
195
215
196
204
186
231
490
143
124
122
174
152
490
202
154
187
139
231
249
236
210
155
239
490
490
122
490
202
248
129
197
490
159
187
201
122
490
205
165
221
239
188
490
229
235
195
220
490
150
173
167
142
490
232
233
490
173
166
210
204
490
490
161
315
209
169
129
490
490
216
262
490
151
185
122
198
212
178
217
490
129
192
215
490
246
217
490
490
154
208
490
174
490
490
218
234
191
247
250
191
490
490
490
124
576
1776
490
178
243
122
136
245
173
529
254
261
212
228
128
490
490
123
490
229
155
178
150
490
276
490
172
190
195
238
490
173
220
490
490
193
194
490
255
490
223
212
208
186
243
122
490
490
147
179
490
194
153
490
178
272
164
490
156
215
126
206
215
795
223
161
490
160
490
490
252
123
144
143
152
490
490
137
490
197
201
189
175
462
210
177
490
195
490
233
490
224
490
490
490
219
490
155
209
122
490
490
147
490
197
172
490
490
158
122
195
180
490
295
426
197
490
490
176
490
130
183
490
198
336
169
166
148
122
490
490
134
490
239
188
490
490
163
490
269
227
188
490
122
247
134
143
122
490
269
162
189
203
490
490
149
197
139
490
490
490
155
490
490
490
490
490
237
123
490
490
248
182
229
181
490
490
490
490
171
129
490
168
490
181
159
173
207
190
127
195
490
167
139
490
151
145
235
141
490
490
490
226
209
490
123
203
130
147
212
247
128
163
135
126
127
490
490
215
172
195
490
183
258
126
490
179
178
490
241
197
490
490
222
174
235
490
174
139
161
490
490
490
490
401
245
230
190
227
490
490
128
125
229
490
198
131
490
166
490
490
490
490
490
490
155
490
490
164
233
490
490
490
490
490
222
266
247
158
490
490
490
490
129
490
246
177
490
122
490
490
160
490
122
152
490
124
221
179
246
124
174
180
209
225
490
169
490
177
490
248
144
170
197
490
122
490
490
131
490
171
251
490
490
163
160
277
183
164
490
197
490
235
490
129
180
490
490
490
163
155
490
168
202
210
490
490
130
279
237
129
162
202
142
184
490
490
490
122
230
194
490
216
128
154
490
227
490
490
214
490
369
138
189
254
490
206
244
122
217
490
490
125
230
490
203
490
490
197
173
490
490
215
128
490
233
222
152
490
490
174
490
490
251
490
490
490
490
180
490
490
236
251
490
490
191
171
153
191
218
259
490
490
184
210
303
227
152
211
138
490
490
490
490
123
178
182
136
192
490
180
490
181
127
149
490
181
133
196
490
490
490
237
239
301
153
490
490
490
176
490
490
490
348
490
490
149
490
490
129
490
133
282
490
188
490
490
483
490
490
276
214
188
490
490
180
247
210
490
122
490
139
148
214
490
170
139
259
138
181
155
191
490
490
490
490
490
136
124
169
122
490
208
178
137
490
490
160
209
490
182
490
124
490
217
137
272
490
198
490
123
179
171
197
490
236
122
127
490
490
149
490
143
148
490
271
126
205
139
216
490
183
268
170
490
212
490
490
490
154
490
490
490
490
237
170
490
490
193
490
299
253
490
227
157
490
490
490
490
145
490
156
137
490
142
490
490
490
171
160
148
222
490
211
187
490
225
172
217
490
231
490
490
172
490
490
490
540
490
177
141
156
155
147
155
490
490
490
490
490
490
490
490
490
490
124
194
211
161
166
186
234
490
490
490
490
490
490
490
490
490
176
490
490
490
140
163
490
490
490
490
175
490
490
490
490
161
128
490
490
490
124
490
490
490
221
490
490
235
174
132
490
136
490
187
337
490
490
490
208
141
172
490
214
490
151
490
157
166
130
490
138
490
131
151
206
165
129
197
195
141
131
490
237
130
490
209
128
240
490
490
490
490
124
490
246
186
490
490
142
164
490
156
199
162
490
123
490
143
490
190
256
490
490
245
490
122
225
490
169
490
138
490
251
490
127
490
490
130
490
490
243
161
133
490
160
148
245
216
490
490
490
166
490
490
490
222
136
200
490
490
168
490
131
140
490
490
490
180
490
490
490
128
490
129
490
490
249
163
490
490
490
254
140
195
490
490
204
490
490
490
208
219
490
137
490
490
490
490
490
122
490
163
490
490
490
490
490
490
490
150
490
490
490
490
490
490
151
141
490
574
490
490
184
129
130
490
490
209
490
230
490
490
490
490
172
490
255
122
175
490
490
224
430
490
189
490
490
490
124
490
490
490
154
124
490
490
490
490
190
490
490
490
490
490
490
490
490
149
490
490
490
335
490
490
134
125
490
131
490
490
153
490
123
490
128
490
490
490
490
490
194
161
139
252
490
134
490
145
490
490
204
732
182
212
490
490
136
189
243
490
490
490
258
188
490
490
124
490
157
154
490
138
131
128
490
490
449
133
490
490
144
490
164
224
169
490
127
201
143
490
490
490
122
490
490
191
490
192
247
167
490
490
202
490
490
136
490
490
490
164
122
124
167
490
490
490
140
490
490
490
171
201
490
490
490
170
261
490
490
123
135
268
490
183
197
490
490
242
490
164
200
490
177
202
490
490
490
490
143
490
149
490
145
135
490
490
167
490
490
216
162
490
490
490
490
134
490
490
200
176
490
841
188
490
490
122
490
490
490
122
490
490
181
184
129
490
490
490
490
490
216
490
490
490
190
177
229
211
219
190
490
166
184
146
490
151
125
198
125
188
490
490
490
324
570
490
253
490
490
125
490
490
152
199
490
490
122
490
177
490
490
490
139
490
124
169
140
490
490
141
179
131
490
490
490
490
490
490
156
133
122
147
180
123
122
168
490
145
490
490
163
490
490
490
490
490
490
209
490
490
490
157
490
490
138
490
130
490
490
490
490
490
490
173
151
490
490
125
148
490
490
490
159
181
123
180
490
234
490
199
490
490
232
490
490
490
225
490
490
490
174
490
180
490
490
178
161
163
490
490
134
122
202
490
136
490
236
490
490
244
490
142
165
490
490
490
490
490
490
490
127
490
490
490
490
192
131
490
490
490
142
490
490
225
490
208
490
490
490
124
490
490
127
490
490
246
164
143
992
490
490
124
490
490
490
217
490
490
490
254
279
490
490
490
134
490
240
490
490
163
185
162
208
178
490
136
226
449
490
490
490
160
490
271
490
210
137
490
168
490
172
490
490
490
490
490
175
490
490
490
490
490
490
490
490
213
490
209
490
490
157
490
490
124
490
490
151
490
490
122
490
490
122
189
153
160
150
218
206
191
490
122
490
273
168
134
490
490
127
490
196
490
490
490
126
444
490
187
490
490
490
490
490
187
490
490
490
490
172
132
490
490
490
490
490
490
146
490
490
122
176
490
490
490
490
490
164
490
490
490
490
490
490
234
490
490
447
137
490
204
490
490
123
490
490
490
490
241
490
490
490
162
193
490
490
213
490
490
490
490
490
490
154
490
490
490
490
490
127
490
490
490
144
165
490
490
490
490
237
490
490
219
490
490
490
490
159
211
201
490
164
185
239
490
240
490
490
490
173
490
490
490
490
147
235
490
490
490
490
490
490
191
140
490
490
146
130
490
134
490
284
490
195
490
490
490
150
123
490
490
490
490
490
490
490
137
490
490
490
490
176
490
490
490
490
490
550
490
490
143
490
490
490
490
144
490
490
212
490
490
146
122
490
490
490
490
490
490
490
490
220
490
490
490
490
490
205
490
490
408
182
490
490
490
122
490
146
490
182
490
490
490
490
166
490
168
490
490
490
490
490
490
490
490
490
173
180
152
490
490
490
490
160
490
490
490
490
490
490
490
490
490
490
162
490
490
490
490
490
195
220
490
490
490
490
490
490
490
217
490
490
490
490
490
241
490
490
490
490
490
490
128
490
490
490
183
202
490
490
490
151
490
490
490
490
230
128
490
490
490
490
490
490
490
490
490
490
490
490
490
490
490
490
490
490
490
327
165
490
264
122
134
195
244
144
122
490
145
160
165
490
490
186
490
490
490
490
123
246
490
490
490
490
354
490
490
175
122
490
490
490
490
490
169
490
143
180
490
490
490
184
490
490
490
134
241
150
490
207
490
490
490
490
490
490
490
221
490
238
490
217
490
490
138
206
490
490
490
183
490
241
209
490
250
490
175
490
490
490
490
490
490
490
490
490
490
490
490
490
490
490
490
490
490
490
490
490
490
122
490
490
239
490
145
490
255
490
490
490
490
490
129
490
490
259
490
490
122
181
490
490
490
180
135
183
490
490
490
490
490
490
490
182
490
490
168
490
490
216
490
490
490
490
379
490
490
212
233
490
490
156
168
490
490
490
191
490
490
127
490
490
490
490
490
490
490
166
490
180
490
490
490
490
204
490
490
490
490
490
123
202
490
490
490
490
490
490
490
490
490
148
490
490
490
490
490
490
490
490
490
123
490
490
140
490
490
490
490
490
490
490
123
490
490
490
490
853
150
490
490
159
490
490
490
490
132
490
490
502
490
490
130
490
490
490
205
490
490
155
490
189
157
490
490
490
490
490
490
157
281
490
490
246
147
490
490
490
490
490
490
151
490
490
155
490
215
490
490
490
152
149
490
194
198
490
490
490
250
490
490
490
490
185
490
490
490
490
490
490
490
490
490
490
490
490
490
490
992
490
167
490
490
490
490
490
490
158
490
490
490
490
490
490
490
490
490
128
490
490
490
490
490
490
490
490
490
490
490
122
149
490
490
490
490
490
182
218
148
490
490
490
490
490
490
490
490
490
490
188
490
490
490
490
490
490
124
490
490
490
157
490
147
490
139
123
490
490
490
157
490
152
128
490
490
490
490
490
490
490
490
157
490
490
490
490
490
146
490
490
490
490
490
153
490
490
490
147
490
122
490
490
199
490
490
490
177
490
490
490
490
490
490
198
490
490
490
490
490
490
490
490
490
490
490
132
490
490
490
490
490
490
181
490
243
490
490
490
490
194
490
199
490
490
490
490
490
490
122
490
490
490
490
197
490
490
490
490
490
490
490
490
490
161
490
490
490
161
145
490
490
490
490
490
490
490
490
184
490
237
490
490
490
490
490
490
490
490
137
490
490
490
490
490
490
490
490
490
255
165
264
490
490
490
181
490
490
490
490
123
218
490
184
490
490
490
490
490
490
490
490
490
187
242
179
490
133
490
248
490
177
490
204
490
490
490
490
490
490
490
490
490
490
490
490
490
490
490
490
490
490
490
490
490
490
490
490
164
490
490
490
490
129
490
206
490
490
490
490
176
177
490
175
490
490
490
490
185
490
490
490
490
490
490
204
490
490
490
490
490
490
490
490
490
122
490
490
490
490
490
130
490
490
490
490
490
490
490
189
138
140
490
490
138
490
490
149
490
490
159
490
490
490
490
188
490
490
490
490
490
490
490
490
155
490
144
490
490
490
490
490
490
490
490
490
490
490
215
490
490
490
126
490
244
490
131
172
490
490
490
189
490
490
490
490
490
490
490
139
490
490
490
490
490
490
123
490
490
490
219
490
132
244
490
186
490
490
490
490
490
490
490
490
490
490
490
490
149
490
490
490
490
180
490
490
308
214
175
490
122
490
277
490
490
490
490
490
490
490
490
490
490
490
182
490
244
490
490
224
490
490
490
490
490
490
490
490
490
657
490
490
202
168
490
490
204
490
490
490
490
490
490
490
126
490
490
170
490
175
490
490
254
129
490
490
490
281
490
490
191
490
490
490
490
490
490
490
490
490
490
490
490
160
490
490
490
490
490
212
183
490
490
490
167
490
490
136
490
490
187
490
490
134
490
490
490
490
490
490
490
490
490
122
490
490
163
490
230
490
490
490
490
490
490
490
490
490
490
490
162
490
490
490
490
490
132
490
490
490
490
239
490
490
490
490
490
490
490
490
205
490
490
490
155
490
490
490
490
139
490
401
159
490
490
490
490
172
153
490
490
490
490
490
166
490
490
490
490
490
173
490
490
490
490
490
490
490
246
490
490
490
490
490
178
490
490
123
490
490
490
245
490
490
490
490
490
490
490
490
490
490
142
149
490
490
490
175
490
490
490
490
490
490
490
490
133
490
490
490
490
490
490
222
490
490
144
490
190
490
490
194
490
490
490
490
490
490
490
490
490
490
490
490
490
490
490
490
490
122
156
490
490
490
490
490
490
490
490
490
490
490
490
490
490
490
490
189
490
490
490
490
490
490
490
127
490
490
490
490
490
490
490
127
490
235
490
490
490
490
490
490
126
490
490
490
148
490
490
490
241
490
490
490
157
490
490
490
490
490
490
490
490
490
490
490
490
490
490
490
490
490
490
213
490
490
490
490
490
490
490
490
490
490
490
490
490
490
490
490
490
490
490
490
490
490
490
490
490
490
490
490
490
490
490
490
490
490
490
490
490
490
490
490
490
490
490
490
490
490
490
157
490
490
227
490
490
490
490
133
146
490
490
490
490
490
490
490
123
490
490
490
186
490
490
490
490
490
490
490
490
490
490
490
490
490
490
490
490
490
490
490
490
490
136
490
490
490
124
490
132
490
490
136
132
490
490
490
490
490
490
490
177
490
490
490
490
122
160
490
490
490
153
490
490
490
490
490
122
490
490
490
130
490
490
490
490
490
490
490
301
490
490
490
490
490
490
490
165
490
490
490
490
490
490
490
490
490
490
152
490
490
490
178
490
490
490
490
490
490
246
490
490
490
490
490
354
161
490
490
490
131
490
490
160
164
490
490
196
490
490
490
490
490
136
490
490
490
490
490
147
490
490
490
490
490
490
490
490
490
490
490
490
490
490
490
490
490
490
490
201
490
490
490
490
490
490
490
134
223
490
490
490
490
490
201
490
490
490
490
490
490
128
490
490
490
490
490
490
490
169
490
490
490
490
197
490
421
490
490
128
490
490
490
175
490
490
490
490
151
490
490
490
490
490
133
490
490
490
490
249
196
490
490
490
490
490
490
490
490
490
490
490
490
490
490
490
490
490
490
490
490
490
278
490
490
490
172
490
490
490
490
214
490
490
490
490
490
490
490
490
155
490
490
490
490
490
490
490
490
490
490
490
490
490
176
490
490
490
490
490
490
490
490
490
145
490
490
490
490
490
493
490
249
490
490
490
490
490
490
193
490
178
490
146
490
154
490
490
490
201
490
490
490
490
490
490
490
490
490
490
490
490
490
490
490
490
490
490
490
490
490
490
147
490
490
490
490
490
490
490
490
490
490
490
490
490
490
490
490
490
490
490
490
490
490
490
490
490
490
490
490
490
196
490
490
490
490
490
490
490
490
490
490
490
490
213
148
194
242
490
490
490
490
490
490
139
490
490
143
490
277
490
183
490
490
490
490
490
490
490
490
490
490
490
490
490
490
490
490
490
490
490
490
490
490
490
490
490
490
490
490
490
490
490
490
490
490
490
490
490
154
490
490
490
490
511
416
490
490
490
490
490
490
490
490
490
490
490
490
490
490
490
490
490
490
490
490
490
490
122
122
490
490
490
490
490
490
178
490
490
490
490
490
490
490
490
490
490
490
490
490
210
490
490
490
490
490
490
490
274
490
490
490
490
490
130
490
490
490
490
122
490
490
490
490
490
490
490
490
490
490
490
490
490
122
490
490
490
490
490
490
490
170
490
240
490
490
490
490
490
490
138
490
490
490
490
490
193
490
490
490
490
490
490
490
490
490
189
490
149
490
490
490
490
490
490
490
180
490
490
252
490
490
490
130
490
490
490
490
490
490
490
490
490
490
490
490
490
490
490
490
490
185
490
490
490
490
490
490
490
490
490
490
490
490
490
490
490
490
165
490
490
490
490
200
490
490
490
490
490
490
490
490
490
122
253
490
214
490
490
490
490
490
490
490
490
490
490
490
490
490
490
490
490
490
490
490
490
154
490
490
490
225
490
490
490
490
490
490
490
490
490
490
490
490
490
490
490
490
163
490
126
278
490
490
490
490
490
490
490
490
490
490
490
490
490
490
490
490
490
490
490
490
130
210
490
152
490
490
490
490
490
490
490
490
490
490
159
490
490
490
490
490
490
490
490
490
490
490
490
490
490
490
490
490
490
490
490
490
490
490
490
490
490
490
490
490
490
490
141
490
490
490
490
490
490
490
169
122
490
490
490
490
441
490
490
490
490
132
384
490
490
490
490
490
490
490
490
490
137
490
490
490
490
490
219
132
490
490
490
490
490
490
490
490
122
490
490
490
434
490
490
490
490
490
490
490
490
490
490
490
490
490
490
490
490
490
490
490
490
490
490
490
490
490
490
490
490
490
490
490
490
490
490
490
490
490
490
490
490
490
490
490
490
490
490
490
490
490
288
490
490
490
490
490
490
490
490
490
490
490
490
490
490
490
490
490
490
490
490
490
490
490
205
490
490
490
490
490
490
490
490
490
490
490
490
490
490
490
490
490
490
490
490
490
490
490
490
490
490
490
490
490
490
490
490
380
158
490
490
490
490
490
490
490
130
490
490
490
490
490
490
490
490
490
490
490
490
157
490
490
490
490
490
490
490
490
490
490
490
490
490
490
490
1776
490
490
490
490
490
166
490
490
490
490
490
490
490
490
490
122
490
490
490
490
490
490
490
490
490
122
490
490
490
490
490
490
490
490
490
490
490
490
490
490
216
490
490
490
490
490
490
490
490
490
490
490
490
205
490
490
490
136
490
490
471
490
490
490
490
490
490
490
490
490
490
490
490
490
490
490
490
490
490
490
125
490
490
490
129
490
490
490
490
490
490
490
490
490
490
490
490
490
490
490
490
490
490
490
129
177
490
490
490
490
490
490
490
490
490
131
490
144
490
490
490
490
203
490
490
490
490
490
490
490
490
490
490
490
490
490
490
180
490
490
490
490
490
490
490
490
490
490
490
490
490
490
606
490
490
490
490
490
490
490
490
490
490
490
490
490
168
490
490
490
490
490
490
490
490
490
490
490
490
490
490
412
472
490
490
490
490
490
490
490
490
490
490
470
490
490
490
490
490
490
490
490
490
490
490
490
490
490
490
490
490
490
490
490
490
490
490
490
490
490
490
490
490
490
490
490
490
490
490
490
490
490
490
490
490
490
490
490
490
490
137
490
490
490
490
490
490
490
490
490
490
490
490
490
490
490
122
490
490
490
213
490
490
490
490
490
490
490
490
136
490
490
490
490
490
490
490
490
490
490
490
490
490
490
490
490
490
490
490
282
490
490
490
271
490
490
490
490
490
490
490
490
490
490
490
490
490
245
490
490
490
490
490
490
490
490
490
490
490
490
241
490
490
490
490
490
490
184
490
490
277
490
490
128
490
490
490
490
490
490
490
490
490
490
490
490
490
490
490
490
490
490
171
490
490
490
490
490
490
249
490
490
490
490
490
490
490
490
490
490
490
490
206
490
490
490
490
490
490
490
490
490
490
490
490
490
137
128
490
490
123
490
490
490
490
490
490
490
127
490
490
490
490
490
184
490
490
490
490
490
490
490
490
490
490
490
490
490
490
490
490
490
490
490
490
490
490
490
490
490
490
490
490
490
490
490
490
490
490
490
490
153
490
490
490
490
151
490
490
490
490
490
490
490
490
490
490
490
490
490
490
490
490
490
490
490
490
490
490
490
490
490
490
490
490
490
490
490
490
490
490
490
490
490
490
490
490
122
490
490
490
490
490
490
490
148
490
490
490
490
490
490
490
490
181
490
490
490
490
490
490
490
490
490
490
490
490
490
490
490
490
490
490
490
490
490
490
490
490
490
490
490
490
490
490
490
490
490
490
490
490
490
490
490
490
490
490
490
490
490
490
490
490
490
490
490
490
490
490
130
490
490
490
490
490
490
490
172
490
490
490
490
490
490
490
490
490
490
1109
490
490
490
490
490
490
490
490
490
490
490
490
490
490
148
490
490
490
490
490
490
490
490
122
490
490
490
490
490
490
490
490
166
490
125
490
490
490
490
490
490
490
490
490
490
490
490
490
490
490
490
490
490
490
490
490
490
490
490
490
490
490
490
490
490
596
490
490
490
490
490
490
490
490
490
172
197
490
490
237
490
176
490
490
490
264
490
490
490
490
490
122
490
490
490
490
490
490
490
490
490
490
490
490
490
490
490
490
490
490
490
490
490
490
490
490
490
490
490
490
490
490
490
490
490
490
490
490
490
490
490
490
206
490
490
490
193
490
490
126
490
490
490
490
490
490
490
490
178
490
490
490
490
490
490
490
490
490
490
490
490
490
490
490
490
490
490
490
490
490
490
490
490
490
490
490
490
490
490
490
490
490
490
490
490
490
490
490
490
490
490
490
490
490
490
490
490
490
490
201
490
490
490
490
490
490
490
490
490
490
490
490
130
490
490
490
490
490
490
490
490
490
490
490
490
490
490
490
490
490
490
490
490
490
490
490
490
490
490
490
490
490
490
490
490
490
490
490
490
490
490
490
490
490
490
490
490
490
490
490
490
490
283
490
490
490
490
490
490
386
490
490
490
490
490
490
490
177
490
490
490
490
490
490
490
490
490
490
490
490
490
490
490
490
490
490
490
490
490
490
490
490
490
490
221
490
490
490
490
490
490
490
490
490
490
490
490
490
490
490
490
490
490
490
490
490
490
490
490
490
490
490
490
490
490
490
490
490
490
490
490
490
490
490
490
490
490
490
490
490
490
490
490
490
490
490
490
490
490
490
490
490
490
490
490
490
490
490
490
127
490
490
490
490
490
490
490
490
490
490
490
490
490
490
490
490
490
490
490
490
490
490
490
490
490
490
490
237
490
490
490
490
490
490
490
490
490
490
490
176
490
490
490
490
490
490
490
490
490
490
490
490
490
490
490
490
490
490
490
490
490
490
490
490
490
490
490
490
490
490
490
490
490
490
490
490
490
490
490
490
490
490
490
490
490
490
490
490
490
490
490
490
490
490
490
490
490
490
490
490
490
490
490
490
490
490
490
490
490
490
490
490
490
490
490
490
490
490
490
490
490
490
490
490
490
143
490
490
490
490
490
490
490
490
490
490
490
490
490
490
490
490
490
202
490
490
490
490
490
490
490
490
490
240
490
490
490
490
490
490
490
490
490
490
490
490
490
490
490
490
490
490
490
490
490
490
490
490
490
490
490
490
490
490
227
177
490
490
490
490
133
490
490
490
146
490
490
490
490
490
490
490
490
146
490
490
490
357
490
490
490
490
490
490
490
490
490
490
490
490
490
490
490
490
490
490
490
490
490
242
490
490
490
490
490
490
490
490
490
490
490
490
490
490
490
490
490
490
490
490
490
490
490
214
490
490
490
490
490
490
490
490
490
490
490
490
490
490
490
490
490
144
490
490
490
490
490
490
490
303
490
490
490
490
490
490
490
490
490
490
490
490
490
490
490
490
490
490
490
490
490
490
490
490
490
490
490
490
490
490
490
490
490
490
490
490
490
490
490
490
490
490
490
490
490
490
490
490
490
490
490
490
490
490
490
490
490
490
490
490
490
490
490
490
490
490
490
490
490
490
490
490
490
490
490
134
490
490
490
490
490
490
490
490
490
490
490
490
490
178
490
490
490
490
490
490
221
490
490
490
490
490
490
490
490
490
490
490
490
490
490
490
490
490
490
490
490
490
490
490
490
490
490
490
490
490
490
490
490
490
171
490
490
490
490
490
490
490
490
490
490
490
490
490
490
490
490
490
490
490
490
490
490
490
490
490
490
490
490
490
490
490
490
490
490
490
490
490
490
490
490
490
137
490
490
490
490
490
490
490
490
490
490
490
490
122
490
166
490
490
490
490
490
490
490
153
490
490
490
490
490
490
490
490
132
490
490
710
490
490
490
490
490
490
490
490
490
490
490
490
490
490
490
490
490
490
490
490
490
490
490
244
490
490
490
490
490
490
490
490
490
490
490
122
490
490
490
490
490
490
490
490
490
490
490
490
490
490
162
490
490
490
490
490
490
126
490
490
490
176
490
220
490
490
490
490
490
490
490
490
490
490
490
490
490
490
490
490
490
490
490
490
490
490
490
490
490
490
490
490
490
490
490
490
490
490
490
490
178
126
490
490
490
490
490
490
490
490
490
490
490
490
490
490
490
490
490
490
490
490
490
490
490
490
490
490
490
129
125
490
490
490
490
490
597
490
490
490
490
490
490
490
490
490
490
490
141
490
490
490
490
490
490
490
490
490
490
490
490
490
490
490
172
490
490
490
490
490
490
490
490
490
490
490
490
490
490
490
490
490
490
490
490
490
490
143
490
490
137
490
490
490
490
490
274
490
490
490
490
490
490
490
490
490
490
490
490
490
490
490
490
490
226
490
490
490
490
490
490
178
490
490
196
490
172
490
490
490
490
490
490
490
490
490
490
490
490
490
490
490
490
490
490
198
158
490
490
490
490
490
490
490
490
490
490
490
490
490
490
490
490
490
490
490
143
490
490
490
490
490
490
490
490
490
490
139
490
490
490
490
490
490
490
490
490
490
490
490
490
490
490
490
490
490
490
490
490
490
490
490
490
490
490
490
490
490
490
490
490
490
490
490
490
490
490
490
490
181
490
142
490
490
490
490
490
490
490
490
490
490
490
490
490
490
490
490
490
490
490
490
490
289
490
490
490
490
490
490
490
490
490
490
490
490
490
231
490
490
490
490
490
490
490
490
490
490
490
490
490
490
490
490
490
490
490
490
490
490
490
490
490
490
490
490
490
490
490
490
490
490
490
490
490
490
490
490
490
490
490
490
490
490
490
490
1320
490
490
974
490
490
490
490
490
490
490
490
490
490
490
490
490
490
490
490
490
490
490
490
490
490
490
490
490
199
490
490
490
490
490
490
490
216
490
124
490
490
490
490
490
490
490
490
490
490
490
490
490
490
490
490
490
490
271
490
490
490
490
490
490
490
490
490
490
490
490
490
129
490
490
490
490
490
490
490
490
490
490
490
490
490
490
490
490
490
490
490
490
490
490
490
490
490
490
490
490
490
490
490
490
490
136
490
490
490
490
490
490
490
490
490
490
490
490
490
490
490
490
490
490
490
490
490
490
490
490
490
490
490
490
490
490
490
490
490
490
490
490
301
490
490
490
490
490
490
490
490
490
490
490
490
490
490
490
490
131
490
490
490
490
490
490
490
490
490
490
490
490
490
490
490
490
490
490
490
490
490
490
490
490
490
490
490
490
181
490
490
490
490
490
490
490
490
490
490
490
490
490
490
490
490
490
490
490
184
325
490
490
490
490
490
490
490
490
490
490
132
490
490
490
490
490
490
490
490
490
490
490
490
490
490
490
490
490
490
490
490
490
127
490
490
490
490
490
490
490
490
490
490
490
490
490
490
490
490
490
490
490
490
490
490
490
190
490
490
606
490
490
490
490
490
490
133
490
490
490
490
490
490
490
490
490
149
490
490
490
490
490
490
490
490
490
490
490
490
490
490
490
490
490
490
490
490
490
490
490
179
490
490
490
490
490
490
490
490
490
490
490
490
490
490
490
490
490
490
490
490
490
490
490
490
490
490
490
490
490
490
490
490
490
490
490
490
490
490
490
490
490
490
490
490
490
490
490
490
490
490
490
490
490
490
490
490
490
490
490
490
490
490
490
490
490
490
490
490
490
490
490
490
490
490
490
490
490
135
490
490
490
490
490
490
490
490
490
490
490
490
490
490
490
490
490
171
490
490
490
490
490
490
490
490
226
490
490
490
123
156
490
490
490
490
490
490
490
490
490
490
490
490
490
490
490
490
490
490
490
490
490
490
490
490
490
490
490
490
490
490
490
490
490
490
490
490
490
490
490
490
490
171
490
490
490
490
490
490
490
490
490
490
490
490
490
490
490
490
490
490
490
490
490
490
490
490
490
490
490
490
490
490
490
490
490
490
490
490
490
490
490
490
490
490
490
490
490
490
168
490
490
490
490
490
490
490
490
490
490
201
490
490
490
490
490
490
490
490
490
490
490
490
490
490
490
490
490
490
490
490
490
490
490
490
490
490
490
490
490
490
490
490
490
490
490
490
490
490
490
490
490
490
490
490
490
490
490
490
490
490
490
490
490
122
490
490
490
490
490
490
490
490
490
490
490
490
490
490
490
490
490
490
490
490
122
490
490
490
490
490
490
490
490
490
490
490
229
490
490
490
490
490
490
490
490
490
490
490
490
490
490
490
490
490
490
490
490
490
490
490
490
490
490
126
490
490
490
490
490
490
490
490
490
490
490
490
490
490
490
186
490
490
490
490
490
490
490
490
490
490
490
164
168
490
490
490
490
490
490
490
490
490
490
490
490
490
490
490
490
490
490
490
490
490
490
490
490
490
490
490
490
490
490
490
490
490
490
490
490
490
429
490
490
490
490
490
490
490
490
490
490
490
490
490
490
490
490
490
490
490
490
490
490
490
490
490
490
490
490
490
490
490
490
490
490
490
490
490
490
490
490
490
490
490
490
490
490
490
490
490
490
490
490
490
490
490
490
490
490
490
490
490
490
490
490
490
490
490
490
490
490
490
490
490
490
490
490
490
490
490
490
490
490
490
490
490
490
490
490
490
490
490
490
490
490
490
490
490
490
490
490
490
490
490
490
490
490
490
490
490
490
490
490
490
490
490
490
490
490
490
490
490
490
490
490
490
490
490
490
490
490
490
490
490
490
490
490
490
490
490
490
490
490
490
490
490
490
490
490
490
490
490
490
490
490
490
490
490
132
133
490
490
490
490
490
490
490
490
490
490
490
490
490
490
490
490
490
490
490
490
490
490
490
490
490
490
490
490
490
490
490
490
490
490
490
490
490
490
490
490
490
490
490
137
490
490
490
490
490
490
490
490
490
490
490
490
490
490
490
490
490
490
170
490
490
490
490
490
490
490
490
490
490
490
490
490
490
490
490
490
490
490
490
490
490
490
490
490
490
490
150
490
242
490
490
490
490
490
490
490
490
490
490
490
490
490
490
490
490
490
490
490
490
490
490
490
490
490
490
490
490
490
490
490
490
490
490
490
490
490
490
490
490
490
490
490
490
490
490
490
490
490
490
490
490
490
490
490
490
490
490
490
490
490
490
490
490
490
490
490
490
490
490
490
490
490
490
490
490
490
490
490
490
490
490
490
490
490
134
490
490
490
490
490
490
490
490
490
490
490
490
490
490
490
490
490
490
490
490
490
490
490
490
490
490
490
490
490
490
490
490
490
490
490
490
490
490
490
490
490
490
490
490
490
490
490
490
490
490
490
490
490
490
166
490
490
122
490
490
490
490
490
490
490
490
490
490
490
490
490
490
490
490
490
490
490
490
490
490
490
490
490
490
490
490
490
490
490
490
490
490
490
490
490
490
490
490
270
490
490
490
126
490
490
490
490
490
490
490
490
490
490
490
490
490
490
490
490
490
490
490
490
490
490
490
490
490
490
490
490
490
490
490
490
490
490
490
490
490
490
490
490
490
490
490
490
490
490
490
490
490
490
490
331
490
490
490
490
490
490
490
490
490
490
490
490
490
490
490
490
490
490
490
490
490
490
490
490
490
490
490
490
490
490
490
490
490
490
490
490
490
490
490
490
490
490
199
490
490
490
490
490
490
490
490
490
490
490
710
490
490
490
490
490
490
122
490
490
490
490
490
490
490
490
490
490
490
490
490
490
490
490
490
490
490
490
490
490
490
490
490
490
490
490
490
490
490
490
490
490
490
490
490
490
490
490
490
490
490
490
490
490
1095
490
490
490
490
490
490
490
490
490
490
490
490
490
490
490
490
490
490
490
490
490
490
490
490
490
490
490
490
490
490
490
490
490
490
490
490
490
490
490
490
490
490
490
490
490
490
490
490
490
490
490
490
490
490
490
490
490
490
490
490
490
490
490
490
490
490
490
490
490
490
490
490
490
490
490
490
490
490
490
490
490
490
490
159
490
490
490
170
490
490
490
490
490
490
490
490
490
490
490
490
490
490
490
490
490
490
490
490
490
490
490
490
490
490
490
490
490
490
490
490
490
490
490
490
490
490
490
154
490
490
490
490
490
490
490
490
490
490
490
490
490
490
490
490
490
490
490
490
490
490
490
490
490
490
490
490
192
490
490
490
490
490
490
490
490
490
490
490
490
490
490
490
490
203
490
490
490
490
490
490
490
490
490
490
490
490
490
490
490
490
490
490
490
490
490
490
490
490
490
490
490
490
490
490
490
490
490
490
490
490
490
490
490
490
490
490
490
490
490
490
490
490
490
490
490
490
490
490
490
490
490
490
490
490
490
490
490
490
171
490
490
490
490
490
490
176
490
490
490
490
490
490
490
490
490
490
490
134
490
490
490
490
490
490
490
490
490
490
184
490
490
490
490
490
490
490
490
490
490
490
490
490
490
208
490
490
490
490
490
490
490
490
490
490
490
490
490
490
490
490
490
490
490
490
490
490
490
490
490
490
490
490
150
490
490
490
490
490
490
490
490
490
490
490
490
490
490
490
490
490
490
490
490
490
490
490
490
490
490
490
490
490
490
490
490
490
136
490
490
490
490
490
490
133
490
490
490
490
490
490
490
490
490
490
490
490
490
490
490
490
490
490
490
490
490
490
490
490
490
490
490
490
490
490
163
490
490
490
490
490
490
490
490
490
490
127
490
490
490
490
490
490
490
490
490
490
490
490
490
490
490
490
490
490
490
490
490
490
490
490
490
490
490
490
490
490
490
490
490
490
490
490
490
490
171
490
490
490
490
490
490
490
490
490
490
490
490
490
490
490
490
490
490
490
490
490
490
490
490
159
490
490
490
490
490
490
490
490
490
490
490
490
490
490
490
490
490
490
490
490
490
490
490
490
490
490
490
490
490
490
490
490
490
490
490
490
490
490
490
490
490
490
490
490
490
490
178
490
490
490
490
490
490
490
490
490
490
125
490
490
490
490
490
490
490
490
490
490
490
490
490
490
490
490
201
490
490
490
490
490
490
490
490
140
490
490
490
490
490
490
490
490
490
490
490
490
490
490
490
490
490
490
490
490
490
490
490
490
490
490
490
490
490
490
490
490
490
490
490
490
490
490
490
490
490
490
490
490
490
490
490
490
490
490
490
490
490
490
490
490
490
490
490
490
490
490
490
490
490
490
490
490
490
490
490
490
490
386
490
490
490
490
490
490
490
490
490
490
490
490
490
490
490
490
490
490
490
490
490
490
490
490
490
490
490
490
490
490
490
490
490
490
490
490
490
490
490
490
490
490
490
490
490
490
490
490
490
490
490
490
490
490
490
490
490
490
490
490
490
490
490
490
490
490
490
490
490
490
490
490
490
490
490
490
490
155
490
490
490
490
490
490
490
490
490
490
490
490
490
490
490
490
490
490
490
490
490
490
490
490
490
490
490
490
490
490
490
490
490
490
490
490
490
490
490
490
490
490
490
490
996
490
490
490
490
490
490
490
490
490
490
490
490
490
229
490
490
490
490
490
490
490
490
490
490
490
490
490
490
490
490
490
490
490
490
490
490
490
490
490
490
282
490
490
490
490
490
490
490
490
490
490
490
490
490
490
490
490
490
490
490
490
490
490
490
122
490
490
490
490
490
490
490
490
490
490
490
490
490
490
490
490
250
490
490
490
490
490
490
490
490
490
490
490
490
490
490
490
490
490
490
490
490
490
490
490
490
490
490
490
490
490
490
490
490
490
490
490
490
490
490
490
490
490
490
490
490
490
490
490
490
490
490
490
490
490
490
490
490
490
490
490
490
490
490
490
490
490
490
490
490
490
490
490
490
490
490
490
490
490
490
490
490
490
490
490
490
490
490
490
490
490
490
490
490
490
490
490
490
490
490
490
490
490
490
490
490
490
490
490
490
490
122
490
490
490
490
490
490
490
490
490
490
490
490
490
490
490
490
490
490
490
490
490
654
490
490
490
490
490
490
490
490
490
490
490
490
490
490
490
490
490
490
490
490
490
490
490
490
490
490
490
490
490
490
401
490
490
490
490
490
490
490
490
490
490
490
490
490
490
490
490
490
490
490
490
490
490
490
490
490
490
490
490
490
490
490
490
490
490
490
490
490
490
490
490
490
490
490
490
490
490
490
490
490
490
490
490
490
490
490
271
490
490
490
490
490
490
490
490
490
490
490
490
490
490
490
490
490
490
490
490
490
490
490
490
490
490
490
490
490
490
490
490
490
490
490
490
490
490
490
490
490
490
490
490
490
490
490
490
490
490
490
490
490
490
490
490
490
490
490
490
490
490
490
490
490
490
490
490
490
490
490
490
490
490
490
490
490
490
421
490
490
490
490
490
490
490
490
490
490
490
490
490
490
490
490
490
490
490
490
490
490
490
490
490
490
490
490
490
490
490
490
490
490
490
490
490
490
490
490
490
490
490
490
490
490
490
490
490
490
490
490
490
490
490
490
490
490
490
490
490
490
490
490
170
490
490
490
490
490
490
490
490
490
490
490
490
490
490
490
490
490
490
490
490
490
490
490
490
490
490
490
490
490
490
490
490
490
490
490
490
490
490
490
490
490
490
490
490
490
490
490
490
490
490
490
490
623
490
490
490
490
490
490
490
490
490
490
490
490
490
490
490
490
490
490
490
490
490
490
490
437
490
454
490
490
490
490
490
490
490
490
490
490
490
490
490
490
490
490
490
490
490
490
490
490
490
490
490
490
490
490
490
490
490
490
490
490
490
490
490
490
152
490
490
490
490
490
490
490
490
490
490
490
490
490
490
490
490
490
490
490
490
490
490
490
490
490
490
490
490
490
490
490
490
490
490
490
490
490
490
490
490
490
490
490
490
490
490
490
490
490
490
490
490
490
490
490
490
490
490
490
490
490
490
490
490
490
490
490
490
490
490
490
490
490
490
490
490
490
490
490
490
490
490
490
490
490
490
490
490
490
490
490
490
490
490
490
490
490
490
490
490
490
490
490
490
490
490
490
490
490
490
490
490
490
490
490
490
490
490
490
490
490
490
490
490
490
490
490
490
490
490
490
490
490
490
490
490
490
490
490
490
490
490
490
490
490
490
490
490
490
490
490
490
490
490
490
490
490
490
490
490
490
490
490
490
490
490
490
490
490
490
490
490
490
490
490
490
490
490
490
490
490
490
490
490
490
490
743
490
490
490
490
490
490
490
490
490
490
490
490
490
490
490
490
490
490
490
490
490
490
490
490
490
490
490
490
490
490
490
490
490
490
158
490
490
490
490
490
490
490
490
490
490
490
490
490
490
490
490
490
490
490
490
490
490
490
490
490
490
490
490
490
490
490
490
490
490
490
490
490
490
490
490
490
490
490
490
490
490
490
490
490
490
490
490
490
490
490
490
490
490
490
490
490
490
490
490
490
490
490
490
490
490
490
490
490
490
490
490
490
490
490
490
490
490
490
490
490
490
490
490
490
490
490
490
127
490
490
490
490
490
490
490
490
490
490
490
490
490
127
490
490
490
490
123
490
490
490
490
490
490
490
490
490
490
490
490
490
490
490
490
490
490
490
490
490
490
490
490
490
490
490
490
490
490
490
490
490
490
490
199
490
490
490
490
490
490
204
490
490
490
490
490
490
490
490
490
490
490
490
490
490
490
490
490
490
490
490
490
490
490
490
490
490
490
490
490
490
490
490
490
490
490
490
490
490
490
490
490
490
490
490
490
490
490
490
490
490
490
490
519
490
490
490
490
490
490
490
490
490
490
490
240
490
490
490
490
181
490
490
652
490
490
490
490
490
490
490
225
490
490
490
490
490
490
490
387
490
490
490
490
490
490
490
490
490
490
490
490
490
490
140
490
490
490
490
490
490
490
490
490
490
490
490
490
490
490
490
490
490
490
490
490
490
490
490
490
490
490
490
490
490
490
490
490
490
490
490
490
490
490
490
490
490
490
490
490
490
490
134
490
490
490
490
490
490
490
490
490
490
490
490
490
490
490
490
490
490
490
490
490
490
158
490
490
490
490
490
490
490
490
490
490
490
490
490
490
490
490
490
490
490
490
490
490
490
490
490
186
490
490
490
490
490
490
490
490
490
490
490
490
490
490
490
490
490
490
490
490
490
490
490
490
490
490
490
490
490
490
490
490
490
490
490
490
490
490
490
490
490
490
490
490
490
490
490
490
490
490
490
490
490
490
490
490
490
490
490
490
490
490
490
490
490
490
490
490
490
490
490
490
490
490
490
490
490
490
490
490
490
490
490
490
490
490
490
490
490
490
490
490
490
490
490
490
161
490
490
490
490
490
490
490
490
490
490
490
490
490
490
490
490
490
490
490
490
490
490
490
490
490
490
490
490
490
490
490
325
490
490
490
490
490
490
490
490
490
490
490
490
490
490
490
490
490
490
490
490
490
490
490
490
490
490
490
490
490
490
490
490
490
490
490
490
490
490
490
490
490
490
490
490
490
490
490
490
490
490
490
490
490
490
490
490
490
490
490
490
490
490
490
490
490
490
490
490
490
490
490
490
490
490
490
490
490
490
490
490
490
490
490
490
490
490
490
490
490
490
490
490
490
490
490
490
490
490
147
490
490
490
490
490
490
490
490
490
490
490
490
490
490
490
490
490
490
490
490
173
490
490
490
490
490
490
490
490
490
490
490
490
490
490
490
490
490
490
490
490
167
490
490
490
490
490
490
490
490
490
490
490
490
490
490
490
490
490
490
490
490
490
490
490
490
490
490
166
490
490
490
490
490
490
490
490
490
490
490
490
490
490
490
490
490
490
490
490
490
490
490
490
490
490
490
490
490
490
490
490
490
490
490
490
490
490
490
490
490
490
490
490
490
490
490
490
490
490
490
490
490
490
490
490
490
490
490
490
490
490
490
490
490
127
490
490
490
490
490
490
490
490
490
490
490
490
490
130
490
490
133
490
490
490
490
490
490
490
490
490
490
490
490
490
490
490
490
490
490
490
490
490
490
490
490
490
490
490
490
490
490
490
490
490
490
490
490
490
490
490
490
490
490
490
490
490
490
490
490
490
490
490
490
490
490
490
490
490
490
490
490
490
490
490
490
490
490
490
490
490
490
490
490
490
490
490
490
490
490
490
490
490
490
490
490
490
490
490
490
490
490
490
490
490
490
490
490
490
490
490
490
490
490
490
490
490
490
174
490
490
490
490
490
490
490
490
490
490
490
490
490
490
490
490
490
490
490
490
490
490
490
490
490
490
490
490
490
490
490
490
490
490
490
490
490
490
490
490
490
490
490
490
490
490
490
490
490
490
490
490
490
490
490
490
490
490
490
490
490
490
490
490
490
490
490
490
490
490
490
490
490
490
490
490
490
490
490
490
490
490
490
490
490
490
490
490
490
490
490
490
490
490
490
490
490
490
490
490
490
490
490
490
490
490
490
490
490
490
490
490
490
490
490
490
490
490
490
490
490
490
263
490
490
490
490
490
490
490
490
490
490
490
490
490
490
490
490
490
490
490
490
490
490
490
490
490
490
490
490
490
490
490
490
490
490
490
490
490
490
490
490
490
490
490
490
490
490
490
490
490
490
490
490
490
490
490
490
490
490
490
490
490
490
490
490
490
490
490
490
490
490
490
490
490
490
490
490
490
210
490
490
490
490
490
490
490
490
490
490
490
490
490
490
490
490
490
490
490
490
490
490
490
490
490
490
490
490
490
125
490
490
490
490
490
490
490
490
490
490
490
490
490
490
490
490
490
490
490
490
490
490
490
490
490
490
490
490
490
490
490
490
490
490
490
490
490
490
490
490
490
490
490
490
490
490
490
490
490
490
490
490
490
490
490
490
490
490
490
490
490
490
490
490
490
490
490
490
490
490
490
446
490
490
490
490
490
490
490
490
490
490
490
490
490
490
490
490
490
490
490
490
490
490
490
490
490
490
490
490
490
490
490
490
490
490
490
490
188
490
490
490
490
490
490
490
490
490
490
490
490
490
490
490
490
490
490
490
490
490
135
490
490
490
490
490
490
490
490
490
490
490
490
490
490
490
490
490
490
490
490
490
490
490
490
490
490
490
490
490
490
490
490
490
490
490
490
490
490
490
490
490
490
490
490
490
490
490
490
490
490
490
490
490
490
490
490
490
490
490
490
490
490
490
490
490
490
490
490
490
490
490
490
490
490
490
490
490
490
490
490
490
490
490
490
490
490
490
490
490
490
490
490
190
490
490
490
490
490
490
490
490
490
490
490
490
490
490
490
490
490
490
490
490
490
490
490
490
490
490
490
490
490
490
490
490
490
490
490
490
490
490
490
490
490
490
490
490
490
490
490
490
490
490
490
490
490
490
490
490
490
490
490
490
490
490
490
490
490
490
490
490
490
490
490
490
490
490
490
490
490
490
490
490
490
490
490
490
490
490
490
490
490
490
490
490
490
490
490
490
490
490
490
490
490
490
490
490
490
490
490
490
490
490
490
490
490
490
490
490
490
490
490
490
490
490
490
490
490
490
490
490
490
490
490
490
490
490
490
490
490
490
490
490
490
490
490
490
490
490
145
490
490
490
490
490
490
490
490
490
490
490
490
490
490
490
490
490
490
490
490
490
490
490
490
490
490
490
490
490
490
490
490
490
490
490
490
490
490
324
490
490
490
490
490
490
490
490
490
490
490
490
490
490
490
490
490
490
490
490
490
490
490
490
490
490
490
490
490
490
490
490
490
490
490
490
490
490
490
490
490
490
490
490
490
490
125
490
490
490
490
490
490
157
490
490
490
490
490
490
490
490
423
490
490
490
490
490
490
160
490
490
490
490
490
490
490
490
490
490
490
490
490
490
490
490
490
490
490
490
490
490
490
490
490
490
490
490
490
490
490
490
490
490
490
490
490
490
490
490
490
490
490
490
490
490
490
490
490
490
490
490
490
490
490
490
512
490
490
490
490
490
490
490
490
490
490
490
490
490
490
490
490
490
490
490
490
490
490
490
125
490
490
490
490
490
490
490
490
490
490
490
490
490
490
490
490
490
490
490
490
490
490
490
490
490
490
490
490
490
490
490
490
490
490
490
490
490
490
490
490
490
490
490
490
490
490
490
490
490
490
490
122
490
490
490
490
490
490
490
490
490
490
490
490
490
490
490
490
490
490
490
490
490
490
490
490
490
490
490
490
490
490
490
490
490
490
490
490
490
490
490
490
490
490
490
490
490
490
490
490
490
490
490
490
490
490
490
490
490
490
490
490
490
490
490
490
490
490
490
490
490
490
490
490
490
490
490
490
490
490
490
490
490
490
490
490
490
490
490
490
490
490
490
490
490
490
490
490
490
490
490
219
490
490
490
490
490
490
490
490
490
490
490
490
490
490
490
490
490
490
490
490
490
490
490
490
490
490
490
490
490
490
490
490
490
490
490
490
490
490
490
490
490
490
490
490
490
490
490
490
490
490
490
490
490
490
490
490
490
490
490
490
490
490
490
490
490
490
490
490
490
490
490
490
490
490
490
490
490
490
490
338
490
490
490
490
490
490
490
490
490
490
490
490
490
490
490
490
490
490
490
490
490
490
490
490
490
490
490
192
490
490
490
490
490
490
490
490
490
490
490
490
490
490
490
490
490
490
490
490
490
490
490
490
490
490
490
490
490
490
490
490
490
490
490
490
490
490
490
490
490
490
490
490
490
490
490
490
490
490
490
490
490
490
490
490
490
490
490
490
490
490
490
490
490
490
490
490
490
490
490
490
225
490
490
490
490
490
490
490
490
490
490
490
490
490
490
490
490
490
490
490
490
490
490
490
490
490
490
490
490
490
490
490
490
490
490
490
490
490
490
490
490
490
490
490
490
490
490
490
490
490
490
490
490
490
490
490
490
490
490
490
490
490
490
490
490
490
490
490
490
490
490
490
490
490
490
490
490
490
490
490
490
490
490
490
490
490
490
490
490
490
490
490
490
490
490
490
125
235
490
490
490
490
490
490
490
490
490
490
490
490
490
490
490
490
490
490
490
