619
851
563
507
606
988
482
959
661
599
789
1138
569
541
572
652
498
970
512
546
763
627
556
676
529
493
983
500
499
507
631
1306
524
584
472
1128
569
521
901
1091
1020
579
733
1037
930
561
941
1143
864
1245
1140
532
561
702
796
532
2905
1599
1298
478
476
731
2254
560
553
502
1046
499
660
494
509
1580
708
493
459
963
2139
1657
512
769
1411
524
565
506
527
504
1941
907
831
618
2053
486
1557
528
493
523
559
491
841
1203
494
484
524
777
532
465
1141
489
1146
467
941
736
529
1917
773
1134
1337
1383
653
491
633
1037
549
1635
653
688
820
784
1031
489
594
1151
707
555
1303
464
2238
541
970
1396
473
954
506
505
467
782
511
1527
486
1316
1025
2277
466
686
616
498
463
2632
465
949
525
1394
762
457
2277
515
563
457
1829
1978
503
518
480
1529
1380
633
1090
800
1271
4519
993
1244
738
545
504
889
568
483
4968
558
472
489
649
1323
507
502
654
954
468
436
740
493
449
588
529
5747
1048
1599
443
5190
537
1140
913
524
527
1510
905
1323
2213
482
1113
489
1393
804
1980
885
454
889
1015
1451
485
558
653
539
469
903
481
483
696
463
510
965
1074
463
2480
467
557
538
1525
505
542
532
450
428
815
535
706
1671
1198
1483
458
1932
809
644
488
439
474
491
514
489
897
502
796
488
5966
645
473
532
680
513
437
730
460
487
2000
478
488
714
648
1070
458
1196
471
494
659
436
468
709
1331
767
538
555
437
511
482
449
465
665
848
1053
447
492
440
980
549
595
4393
491
534
2665
438
476
510
451
463
441
544
804
852
489
529
1068
471
443
463
477
535
978
453
439
780
510
464
435
1088
1072
3542
479
1375
531
506
480
466
943
447
448
1161
686
408
452
445
434
598
519
444
1880
640
451
580
451
445
429
1254
438
1419
439
472
649
670
454
429
452
425
762
446
500
873
441
1812
563
448
448
480
427
740
465
890
629
1821
433
476
463
575
1172
619
459
1859
1616
443
431
429
442
479
1019
684
483
494
485
4981
514
542
975
1529
424
563
681
448
529
489
669
687
488
698
444
478
434
676
437
1025
436
432
674
1385
472
553
975
598
456
434
533
482
1257
877
1052
420
522
423
524
1280
509
687
466
424
401
881
912
438
464
464
463
564
1988
488
453
489
455
1007
617
479
461
455
448
1436
452
508
477
491
453
458
3171
440
432
417
457
619
421
659
466
416
476
2122
746
439
1744
413
4393
638
461
408
709
1340
427
458
670
450
538
566
438
457
489
414
589
703
421
459
437
446
929
8477
493
442
928
1611
427
438
644
428
582
409
505
650
478
522
596
914
1040
425
716
475
773
452
1745
445
492
4981
510
448
452
433
544
813
523
1594
946
423
446
430
1376
433
445
468
436
601
699
535
1393
434
5966
1047
1064
531
1061
468
1031
465
440
443
458
428
975
469
11161
411
467
649
690
436
1390
400
461
3315
1091
419
729
467
388
472
418
686
404
3811
426
441
918
450
462
597
476
425
4422
482
1657
449
661
426
425
435
684
453
565
803
1134
405
414
835
444
411
2929
1283
1296
568
658
1821
428
409
473
493
608
429
426
522
437
471
479
477
538
2058
600
426
5217
1349
644
436
1253
1151
758
4981
438
441
402
1525
431
653
601
566
512
1657
433
451
420
467
449
446
591
427
853
1451
693
411
491
436
877
404
415
440
424
835
448
432
1235
649
428
420
427
412
536
521
708
1352
439
659
412
568
472
557
415
454
591
451
420
434
676
387
513
764
424
781
500
447
552
677
2826
412
401
842
1340
437
413
437
1988
5217
439
475
479
682
417
607
504
523
606
432
424
403
711
5076
512
539
569
493
867
723
893
438
428
1384
436
479
413
1070
406
436
432
465
449
419
431
478
742
925
435
437
468
472
462
424
407
954
655
502
568
467
737
1205
407
389
491
732
463
453
463
469
425
542
422
409
792
551
720
455
414
414
419
353
744
426
450
567
444
406
720
567
731
656
450
560
696
456
437
399
450
657
395
1130
668
4981
484
446
417
448
443
614
434
757
1883
603
423
1805
437
808
413
456
508
985
955
441
478
414
429
403
484
428
1387
440
413
1976
466
930
2837
457
693
430
685
444
617
422
539
434
808
413
502
510
468
407
397
534
468
406
412
662
439
455
3385
410
424
419
415
1015
477
413
460
909
423
2215
1056
498
546
614
383
706
432
1077
419
512
467
672
450
635
630
421
927
563
423
608
1672
426
473
522
429
2776
645
423
536
6806
505
4519
663
450
2395
818
1248
890
500
425
534
1358
744
912
1744
429
583
3317
474
423
410
412
477
1242
975
416
436
416
450
410
424
1161
409
392
510
435
505
417
485
465
8477
408
826
579
473
355
418
415
669
433
484
435
1171
596
750
420
502
605
427
567
437
796
500
437
557
413
410
450
919
609
419
503
390
646
469
1733
1190
498
649
466
1287
482
454
719
410
3183
625
388
441
413
443
432
372
668
556
468
887
483
418
424
2417
430
882
413
458
730
4519
479
469
816
3916
593
472
620
2164
640
440
655
620
1056
711
487
771
428
481
429
429
510
406
1208
452
700
401
592
415
3811
987
1656
389
466
381
385
414
718
448
431
416
439
664
444
428
471
412
1912
451
517
421
830
494
392
620
680
438
878
490
427
928
398
498
427
700
431
404
444
1198
515
475
675
408
469
398
416
462
450
1529
693
431
377
408
382
429
506
726
522
377
398
414
1404
568
1487
408
902
479
419
446
403
1145
500
414
725
4393
769
407
438
2164
409
452
472
437
551
1932
665
475
364
399
408
587
413
412
1656
478
429
405
366
1382
799
395
403
1213
626
466
1069
408
412
744
699
2213
692
476
419
964
394
628
1397
393
455
418
414
682
451
416
395
626
756
402
427
404
400
461
407
446
658
535
460
460
564
524
873
1396
400
394
387
481
800
397
461
439
543
1096
1219
423
500
387
672
398
601
640
692
487
809
627
398
366
380
399
387
815
1697
467
727
403
461
580
384
400
436
362
401
1021
429
404
559
584
2632
2422
401
1025
374
1658
396
512
411
924
382
443
579
414
402
578
434
410
382
2395
727
479
509
407
400
390
421
959
588
440
841
874
388
729
433
549
542
571
652
817
490
412
1462
1017
1975
507
515
399
590
408
474
421
399
418
729
434
421
406
441
406
775
435
374
441
440
407
1280
469
732
461
432
768
388
440
393
1459
1240
919
439
2438
366
390
444
396
491
388
474
483
395
439
800
452
439
433
389
456
517
554
1286
409
479
466
638
451
374
799
604
389
1083
458
424
448
494
948
493
387
540
405
398
676
842
372
413
497
508
826
2177
1008
382
437
1113
408
448
375
442
861
425
392
682
392
1306
650
372
379
464
599
950
382
395
484
434
410
444
480
547
394
882
548
442
400
548
1238
391
372
424
618
425
449
412
425
571
510
516
614
467
619
428
774
364
385
566
1138
363
377
429
1141
406
376
537
402
410
428
389
407
442
739
383
380
420
895
1074
425
714
410
470
403
710
1352
648
734
358
414
387
408
377
426
396
375
426
381
380
1978
1212
427
1805
337
3183
388
1672
413
390
444
677
366
401
714
398
617
393
394
454
383
492
570
410
1320
391
483
407
393
389
410
568
461
470
412
390
393
389
996
470
433
415
411
576
496
691
367
375
610
669
592
399
463
3043
399
4968
1620
1785
561
377
1337
407
492
415
515
409
380
418
414
497
544
457
479
809
426
376
568
2217
408
454
1142
446
403
896
579
461
591
619
412
568
459
586
665
876
455
1880
422
410
439
484
460
418
405
453
758
654
2064
430
375
376
959
334
538
437
463
487
395
476
415
389
388
423
660
685
895
421
457
777
377
411
430
535
416
374
436
428
971
741
400
1269
396
395
386
444
396
391
380
898
5217
435
523
422
395
335
505
673
378
496
429
2053
808
1528
749
834
542
421
408
2503
515
367
845
394
778
391
859
1283
1704
672
464
513
1287
395
387
413
395
462
396
1478
495
409
410
471
455
555
666
407
358
417
721
423
478
393
389
403
766
414
382
371
362
392
365
419
659
3043
391
667
345
406
975
468
1976
593
411
834
412
488
373
414
347
483
641
511
2220
517
693
507
385
567
382
940
448
419
364
573
519
369
518
405
567
478
409
418
667
462
615
381
796
387
648
400
727
373
443
675
375
416
448
476
421
368
380
420
363
400
403
391
393
617
365
365
533
386
1150
1103
583
419
1400
411
391
394
446
417
377
402
551
430
395
376
450
1358
423
423
438
407
526
387
501
411
500
869
397
416
470
415
751
410
8477
1413
1000
420
414
421
447
347
598
406
373
336
346
353
384
344
396
779
371
502
462
353
420
482
1188
900
422
475
563
465
445
427
446
432
382
595
436
388
525
364
454
427
379
454
395
434
343
585
424
909
408
480
462
706
439
470
431
396
820
352
380
400
408
362
480
428
398
430
370
405
1877
415
390
402
421
1851
406
642
420
446
423
407
416
654
416
438
448
1619
392
409
334
451
386
531
520
365
369
497
392
418
2003
402
425
512
428
404
662
468
375
397
454
392
399
686
406
509
369
374
930
583
404
3183
601
641
626
415
760
371
632
417
422
405
514
379
372
436
388
1123
395
545
943
413
412
382
354
510
369
374
354
712
456
564
407
533
1231
677
6806
341
388
1103
575
504
456
412
517
1109
431
427
555
718
404
427
429
705
431
376
380
367
1785
4981
663
402
413
1446
366
437
399
346
359
406
398
410
393
2177
452
312
573
434
358
423
435
381
390
379
358
500
356
1145
416
368
744
391
464
367
463
1081
796
511
329
1707
348
423
568
347
1328
454
541
416
2563
400
423
954
488
446
383
339
356
347
420
376
536
401
1859
970
468
471
399
397
412
591
417
1248
599
1502
910
383
361
406
393
444
470
406
334
453
401
425
450
437
629
434
364
562
403
285
398
429
369
423
337
390
466
451
740
383
368
418
429
536
456
575
356
656
890
332
367
670
461
407
468
371
478
408
409
384
2983
453
346
384
420
378
578
771
900
467
630
393
383
379
416
1292
475
529
843
531
555
366
361
327
617
2031
420
481
315
377
971
444
3100
863
502
355
704
383
398
420
575
400
525
823
409
422
429
388
3183
1171
405
890
422
340
379
373
1080
449
3595
397
372
349
361
394
339
398
424
687
565
337
801
362
460
356
399
409
363
411
374
589
408
3100
388
485
1421
570
412
407
389
386
1767
402
374
388
525
612
387
326
2958
414
498
1103
561
367
809
408
395
882
677
1448
416
399
398
369
550
1502
873
366
449
517
383
407
425
363
534
392
440
558
478
638
444
398
412
384
352
395
415
450
429
800
394
504
462
394
779
440
742
386
402
408
867
715
342
551
435
324
419
475
665
661
539
360
323
396
799
316
405
418
355
344
461
366
369
384
363
593
346
413
419
367
434
644
1395
512
919
455
438
422
1641
354
402
315
415
910
458
617
684
1149
372
531
374
383
422
341
384
384
403
399
460
419
459
364
374
349
1614
390
967
846
410
403
405
373
1719
749
919
459
378
364
349
343
875
397
357
488
361
488
577
388
756
436
896
466
389
378
491
580
421
438
411
373
348
1436
359
356
1444
599
890
395
1548
385
373
400
435
371
650
378
303
380
407
589
385
345
349
364
444
589
353
362
1042
372
406
423
439
351
555
352
377
424
681
446
414
347
1046
1068
411
401
437
449
418
329
395
367
375
337
457
388
574
378
613
419
353
624
792
415
408
592
337
531
364
1156
430
1390
403
417
860
381
11161
377
397
311
919
626
351
359
595
763
667
365
367
366
804
393
391
1049
1969
375
414
368
389
984
446
414
2490
503
344
695
348
347
285
367
405
959
414
1074
407
633
343
362
374
574
523
365
640
348
388
3317
496
365
388
369
438
374
363
2983
370
403
407
381
402
396
575
429
324
381
385
356
415
400
630
441
2929
554
659
347
667
413
426
443
382
1912
390
368
382
583
431
599
819
353
421
1021
386
469
727
428
1231
712
397
1309
356
632
495
1246
445
334
694
412
401
356
481
396
422
400
491
281
492
383
343
3171
390
668
420
5966
361
486
385
585
420
349
372
365
925
1032
1074
561
989
329
364
369
801
322
451
661
443
374
747
1292
408
355
532
481
327
370
3811
357
685
454
341
672
315
352
554
2238
361
750
342
357
416
640
368
313
508
390
586
332
490
717
459
667
357
414
376
358
334
346
305
360
499
362
575
602
438
450
832
436
597
649
411
379
328
471
318
956
469
316
344
425
345
728
427
357
873
386
373
334
355
557
3402
417
4199
607
1594
344
389
682
352
427
322
350
1662
829
378
460
351
998
5966
393
394
402
332
380
1000
893
2665
351
407
355
456
740
348
3595
373
553
391
383
316
2438
551
317
471
673
363
772
326
430
398
329
533
1291
368
1668
394
370
371
1419
1229
413
339
372
8477
374
361
385
463
617
396
387
351
388
602
448
318
337
1823
595
317
426
439
383
1594
334
460
529
356
727
1866
349
435
324
441
337
688
477
334
373
326
454
369
575
783
408
476
339
362
613
5076
383
350
2131
5747
348
3027
473
396
342
421
5190
349
344
346
398
369
320
900
345
959
370
319
307
364
374
376
368
365
294
599
358
400
394
408
344
453
410
667
306
351
439
385
335
1146
608
1072
382
347
544
328
396
318
342
867
630
1720
984
331
1074
980
417
335
694
319
344
1043
390
436
1478
611
509
378
433
344
392
417
337
353
391
360
345
482
373
379
405
401
333
350
465
454
321
722
584
324
356
332
667
1255
340
950
328
1510
445
366
397
446
468
411
425
1298
779
327
393
585
672
325
370
286
1021
318
310
352
1242
407
424
384
347
640
440
2422
283
420
620
346
397
369
1591
334
492
463
859
1149
2837
325
719
335
663
310
354
378
362
310
542
331
367
286
378
368
318
354
424
370
821
353
337
328
350
513
421
844
1841
766
334
461
571
635
525
321
946
420
387
420
2070
346
635
1753
355
359
384
1177
741
487
329
455
408
382
378
404
398
373
372
420
554
376
1980
768
450
363
1265
292
346
615
744
1857
413
341
337
433
384
390
405
650
796
373
1019
1413
365
426
877
659
326
1277
364
452
383
783
430
567
376
354
372
475
416
347
8477
411
896
342
689
512
820
313
362
393
659
708
364
428
368
354
435
373
389
316
366
674
458
319
356
331
417
452
317
358
610
308
324
339
371
356
402
347
352
492
562
1462
633
399
1126
328
729
990
432
366
595
1276
289
369
421
529
317
392
366
591
320
301
353
418
368
425
1829
369
474
357
314
398
387
393
357
324
305
1134
388
390
334
537
386
361
379
453
410
384
272
359
331
1038
3315
356
444
370
378
400
395
332
753
396
1745
517
379
458
385
628
578
351
1102
1448
1418
315
291
316
381
339
492
311
401
387
426
640
408
357
340
709
429
646
439
368
387
357
387
396
335
361
371
561
378
328
607
353
308
372
519
403
355
341
433
319
339
340
380
424
1284
431
388
631
301
375
516
333
339
5217
752
473
455
393
425
520
336
405
391
502
372
577
401
313
1785
423
1020
539
360
616
339
370
319
419
433
307
440
684
318
682
387
329
315
291
1462
368
426
1131
458
364
409
612
314
352
490
358
581
433
355
402
472
332
343
384
673
320
548
370
338
336
411
693
1276
564
779
622
380
316
291
448
308
796
482
331
347
360
503
395
361
401
729
370
330
483
430
431
317
354
1462
379
382
371
341
440
394
360
319
351
400
303
3542
479
397
315
366
398
405
309
363
1387
5190
925
1096
822
530
689
1421
382
418
1199
341
396
444
396
649
298
307
387
374
383
395
420
327
474
1795
417
387
820
691
300
382
975
389
357
335
349
364
319
538
401
374
360
412
309
321
706
6806
380
385
1037
337
252
374
1421
366
390
385
372
350
380
304
321
814
417
276
305
375
287
1073
321
475
403
313
403
459
389
383
382
312
320
327
349
325
504
2958
464
421
324
302
463
439
356
411
499
370
383
569
358
326
416
337
311
360
312
368
465
434
319
352
511
457
713
321
580
1141
391
347
3337
346
328
3317
380
307
385
324
340
306
323
508
2251
509
366
348
352
938
388
321
376
365
635
5217
322
523
375
336
731
360
349
328
348
354
340
354
359
293
332
611
384
489
338
358
1015
567
413
422
906
774
440
3600
380
404
380
548
304
411
429
400
317
680
344
323
503
404
412
308
317
552
362
314
544
1976
301
386
827
441
360
431
863
695
358
959
653
316
475
390
326
338
352
408
400
3179
288
358
357
606
2721
491
456
321
437
492
317
882
1527
264
405
371
575
368
334
909
600
332
542
365
357
312
414
330
751
323
338
348
361
385
342
1120
343
3306
592
370
429
300
395
425
302
312
343
377
387
325
359
321
294
293
375
2341
1036
506
385
333
366
363
323
658
1042
706
368
369
191
304
448
467
1506
349
344
367
2438
714
429
2227
297
1478
621
346
3500
305
519
366
582
334
437
362
387
454
11161
286
1396
374
340
371
585
420
345
318
510
357
1969
978
418
475
356
410
771
317
353
341
1269
787
428
402
1857
623
450
334
348
315
398
570
407
329
379
430
390
345
356
334
349
1198
418
344
716
681
376
681
346
351
404
424
864
980
425
650
676
1446
342
327
639
385
331
418
282
410
332
317
514
331
544
986
381
291
474
469
312
381
388
318
339
440
377
342
375
511
518
281
315
410
440
1591
343
419
386
352
299
797
337
959
412
478
902
239
637
3542
998
326
611
5747
329
347
393
307
370
370
794
381
471
363
784
3595
350
539
352
499
437
304
348
501
1864
518
577
304
353
320
2983
350
307
341
738
329
397
504
321
312
330
304
654
369
672
443
279
322
307
1623
355
331
355
351
302
326
275
345
376
382
729
368
608
718
312
305
1123
352
394
866
363
360
337
400
339
615
362
445
738
855
308
876
365
764
292
469
420
404
7875
304
1306
335
247
311
379
337
376
1641
330
303
480
1023
402
1238
662
366
2251
349
309
273
386
348
251
374
372
1671
342
341
438
523
353
371
922
1074
381
2333
314
1117
508
391
307
823
337
1121
1444
1461
447
380
313
353
3179
368
575
338
600
463
301
403
340
392
377
383
396
331
457
388
297
728
350
607
1941
360
358
275
298
282
426
643
376
310
1823
411
369
316
357
397
289
334
345
408
418
366
283
399
362
2772
347
1231
985
697
318
484
1975
276
642
355
369
301
192
471
752
238
333
324
329
297
339
338
265
398
714
288
355
370
325
304
311
281
3916
371
246
449
401
384
352
720
352
363
653
415
549
317
303
410
446
595
387
324
333
351
673
472
304
323
305
298
358
309
666
318
348
441
371
343
399
302
274
582
334
493
544
334
399
354
471
350
1074
352
319
909
987
975
1880
404
356
260
834
322
285
360
426
440
394
1839
306
654
298
337
362
1121
368
306
365
449
366
336
307
1038
331
561
314
415
268
345
288
647
321
610
397
750
338
354
316
1081
344
326
341
306
354
2490
729
981
600
666
295
564
346
417
378
376
290
350
307
405
501
647
350
800
458
347
357
276
595
411
303
294
299
259
347
400
780
430
399
290
358
408
304
475
285
1109
380
386
402
3600
274
784
335
349
2000
571
279
414
543
321
422
407
325
334
397
345
535
198
503
341
322
1527
420
301
2149
436
278
526
325
318
318
653
339
307
391
296
313
516
445
381
3171
370
361
376
316
308
345
1042
401
859
203
389
357
382
528
466
393
278
324
304
272
375
362
340
534
312
325
324
348
315
375
266
332
286
709
334
1306
303
332
1334
438
386
308
553
344
895
412
422
363
355
381
507
435
574
378
638
302
294
416
394
432
300
320
385
277
417
352
314
321
313
318
1110
349
406
542
316
414
595
355
282
346
411
334
1398
397
294
317
377
923
291
2333
267
296
366
324
419
807
404
380
637
291
389
598
282
1229
304
401
332
503
294
338
662
745
318
296
381
394
235
342
8477
410
223
567
319
310
316
291
347
393
379
413
254
275
322
480
231
417
337
637
329
473
290
289
3600
2220
305
317
407
382
527
924
347
301
308
339
314
353
281
354
353
363
610
637
299
772
320
321
318
341
307
289
328
610
385
239
367
335
1284
287
340
329
292
320
388
1866
368
360
303
304
865
314
374
719
388
531
307
1296
245
319
352
285
442
329
1227
793
339
325
242
349
337
452
371
295
405
852
290
481
287
472
347
305
492
454
282
330
2632
423
635
537
152
332
403
421
316
1153
384
2763
324
285
332
900
309
282
716
310
727
464
420
567
610
2149
340
340
305
245
246
629
518
326
287
392
297
322
254
372
334
278
623
829
650
1877
279
1256
1185
272
1581
368
371
307
363
301
261
354
334
310
400
340
309
290
289
318
6806
655
322
475
358
416
320
1795
296
307
511
356
379
399
473
361
3337
314
389
978
326
300
616
313
365
448
780
315
301
3595
420
339
345
308
271
273
599
2064
306
317
343
304
338
372
384
244
2958
351
288
322
303
7875
400
320
334
352
347
432
248
389
393
308
481
309
395
413
289
264
203
348
420
283
530
334
344
618
414
296
401
338
387
351
456
598
411
370
591
249
288
395
253
309
413
275
365
638
383
321
449
288
363
322
372
564
361
460
364
276
286
291
314
321
565
366
1591
491
400
298
319
295
282
435
308
317
335
336
295
349
385
910
1307
382
533
330
257
356
432
314
270
352
251
352
261
320
374
653
296
333
314
300
335
283
338
249
309
382
293
292
395
2431
356
610
263
577
380
319
468
556
285
364
340
291
411
334
365
623
350
376
2361
294
318
223
408
457
300
791
356
412
243
367
273
323
274
294
518
649
502
366
318
339
232
353
252
318
441
2070
308
255
1394
358
325
320
335
374
292
709
323
436
352
289
270
371
372
525
278
226
313
746
284
349
421
822
279
279
331
326
297
272
501
241
370
272
448
498
434
313
411
309
322
325
295
815
334
319
1926
348
738
246
369
391
610
380
306
330
245
283
310
310
245
309
248
397
386
355
397
356
562
689
341
417
363
300
312
240
610
493
600
323
295
287
454
354
325
808
326
332
382
306
575
334
395
1255
373
414
498
1052
389
348
238
249
624
280
362
295
292
546
325
313
403
294
2000
551
472
195
330
1595
206
1524
336
346
398
271
413
2058
389
328
390
215
361
304
976
281
343
221
347
235
380
521
527
278
425
1253
549
382
380
442
329
489
1567
355
316
11161
1006
489
487
315
285
331
926
293
200
837
424
384
392
285
590
497
269
289
398
393
295
313
323
334
263
311
294
562
256
375
3315
348
299
226
323
404
345
822
406
1217
389
293
302
610
706
332
669
356
421
277
1163
1390
313
861
333
286
1451
290
2031
268
346
2277
622
300
369
382
2003
409
368
672
383
291
195
339
276
307
753
374
329
406
360
803
432
303
322
993
610
393
259
304
330
286
3837
249
254
266
392
329
413
323
1008
280
320
315
390
514
5076
435
460
264
3542
319
423
338
630
323
383
256
408
1849
738
280
223
294
992
416
11161
176
362
299
700
274
731
315
243
336
288
292
336
300
288
270
301
1289
345
320
322
287
278
967
331
380
290
327
364
404
303
292
317
319
369
1238
224
296
292
359
343
530
265
372
622
399
306
302
310
348
306
922
226
269
389
1123
276
278
584
283
702
323
3315
390
319
322
291
304
1320
1049
358
423
943
1976
288
341
452
610
277
268
383
1404
168
372
912
314
265
2503
369
297
284
343
352
326
359
422
249
444
635
469
348
257
280
339
303
286
429
250
700
1236
531
354
285
263
276
551
263
370
242
237
329
236
321
392
418
406
516
337
394
306
285
249
310
437
367
288
2563
251
311
353
281
330
346
278
352
416
610
422
274
380
364
303
295
344
640
347
344
265
315
599
610
361
656
345
434
308
248
261
269
318
194
341
324
301
244
311
298
299
568
320
252
339
387
333
297
215
316
349
301
275
191
326
516
298
1529
277
3837
223
268
278
355
311
275
549
339
350
262
365
460
219
233
295
458
398
366
273
294
320
247
346
334
317
1552
340
423
710
305
940
298
226
300
610
314
461
352
470
311
218
239
296
352
395
557
347
283
181
292
364
280
467
4393
393
304
250
269
329
281
435
238
299
371
315
291
308
338
715
3120
431
202
294
274
294
382
438
288
286
1543
301
242
317
440
436
2291
610
270
442
269
471
256
1633
306
263
780
844
1034
321
351
281
312
277
278
287
217
568
235
709
406
380
324
2217
289
254
352
7875
367
927
270
930
223
319
300
298
304
454
323
283
610
254
356
958
1620
901
543
2122
335
2215
277
342
283
716
340
656
329
7875
338
431
362
314
275
696
248
498
307
195
308
385
314
299
344
325
385
168
2826
828
339
361
224
276
230
340
196
712
261
312
320
338
2171
338
329
260
306
304
331
276
187
267
290
265
299
312
313
336
337
421
356
263
336
307
216
385
256
336
258
276
288
534
249
1208
264
217
312
224
248
332
317
2254
2215
289
212
327
335
300
610
501
376
270
381
276
470
1096
231
223
610
311
617
298
456
235
301
253
510
342
976
253
239
258
372
286
253
282
847
447
649
255
203
286
610
353
304
1850
304
658
366
267
287
281
287
482
354
1120
282
329
259
304
397
263
306
304
352
4199
256
297
641
1679
376
832
220
293
309
353
270
310
356
274
298
339
316
274
3179
278
342
277
254
221
336
328
431
376
610
412
322
277
278
329
378
474
400
274
254
322
463
323
259
292
780
312
328
310
595
203
681
325
598
581
171
331
266
439
248
283
305
263
271
196
319
750
804
316
1046
1380
455
360
210
366
359
384
731
272
210
297
291
241
303
305
288
610
338
233
258
304
527
183
283
1271
353
290
404
234
337
861
239
432
356
290
363
293
258
299
248
327
241
1633
300
234
340
780
848
369
280
242
1781
1156
270
270
249
299
393
1291
246
250
441
349
581
305
214
754
450
948
1049
269
297
226
276
489
367
302
250
203
280
215
214
237
2438
659
265
368
307
245
279
316
246
309
312
344
338
343
352
1396
408
373
271
304
352
367
292
450
278
295
271
337
568
332
284
281
296
354
391
665
633
196
282
344
217
859
11161
198
422
275
217
366
377
583
321
323
271
369
327
331
883
203
282
637
392
255
470
391
563
344
328
152
245
270
439
610
369
877
290
345
321
266
194
223
267
299
227
194
327
541
1459
317
459
757
354
154
229
327
395
1398
224
289
305
294
491
728
296
303
350
296
339
1565
320
732
206
184
291
288
345
428
610
182
276
221
410
1324
3317
373
807
227
387
385
289
407
201
3595
229
423
255
1398
308
3402
229
189
1190
348
258
295
275
267
243
236
1616
182
347
207
531
261
353
1704
372
307
271
206
905
271
255
628
289
1697
248
263
539
267
381
370
267
203
289
340
275
258
370
329
274
266
518
281
332
337
243
232
239
269
357
303
302
204
211
1719
218
315
280
1969
396
273
375
265
342
237
304
368
251
278
622
331
207
525
320
610
298
249
385
244
357
371
414
417
490
279
324
394
358
2425
340
535
287
1148
267
294
1524
339
260
610
195
256
264
225
311
1543
814
305
271
155
213
777
1109
543
264
446
290
771
644
610
315
941
316
344
322
234
556
341
253
251
610
246
499
373
222
359
249
289
263
324
633
274
1926
929
287
525
270
8477
339
222
312
453
1851
280
310
267
2170
385
278
599
301
279
172
169
255
306
300
326
487
348
297
297
318
471
943
343
610
276
292
395
222
221
422
227
377
4199
173
445
610
610
2490
317
248
610
527
281
1978
303
248
374
1330
610
430
281
364
234
282
271
422
721
505
232
377
377
396
315
332
279
202
227
266
610
991
420
419
307
410
392
156
286
263
281
379
1081
152
264
237
1068
184
309
347
220
288
324
329
781
321
426
297
264
354
300
339
860
315
1138
273
1707
198
360
677
313
356
1226
319
279
261
1218
220
226
597
1138
504
610
388
272
404
231
291
312
348
554
346
371
334
298
330
253
264
437
197
190
362
304
610
407
245
271
610
235
207
152
322
357
335
204
199
601
502
262
208
258
221
610
247
610
273
194
2837
245
253
984
302
162
348
293
11161
212
290
291
4519
610
196
401
233
610
474
482
281
308
1493
190
274
384
249
265
276
576
196
338
299
245
804
340
274
303
597
340
1248
610
184
326
423
277
170
610
665
287
268
315
1544
610
303
624
526
266
381
760
218
312
280
258
610
319
263
200
404
638
304
610
610
283
274
939
282
259
397
376
251
610
811
243
211
1240
210
299
335
319
610
1543
292
6806
369
343
168
373
302
502
311
245
758
274
327
1331
316
183
303
296
439
272
404
237
226
610
271
291
874
286
311
263
276
956
239
312
239
363
682
345
243
608
258
378
279
306
325
318
331
432
243
311
238
242
302
256
1236
219
295
358
331
3385
381
712
314
610
325
610
415
154
472
320
376
1418
305
610
299
277
369
285
425
321
315
253
307
282
246
605
409
282
387
192
220
421
640
618
375
375
3542
468
612
376
324
311
289
286
173
475
281
906
287
186
257
574
374
243
281
282
384
262
602
371
563
377
610
190
610
297
297
445
610
509
304
5190
546
355
291
895
532
297
233
242
291
244
318
284
234
299
555
247
309
246
268
467
209
202
194
315
247
1595
321
297
321
268
200
272
610
245
610
255
344
249
291
502
295
155
261
321
2958
3306
380
303
358
177
252
331
288
348
263
291
363
247
271
335
413
365
382
237
420
284
610
282
585
265
323
310
295
415
277
243
197
828
422
610
356
298
370
610
282
257
229
332
277
182
313
434
610
676
679
251
340
278
296
610
352
237
610
300
266
610
610
1183
383
610
324
273
310
610
348
699
379
266
248
285
506
568
424
346
318
610
676
453
251
238
324
316
152
264
2300
306
255
294
317
299
249
300
272
638
610
258
227
1277
333
304
1390
263
325
281
318
821
797
265
351
659
376
361
240
271
225
310
640
440
325
327
592
335
261
4199
315
250
273
260
347
649
461
610
285
587
358
5747
291
293
232
610
277
278
152
2291
990
392
343
277
361
406
390
965
227
159
190
448
313
250
274
363
168
321
610
241
288
287
418
289
371
254
289
218
293
305
830
321
364
335
2905
299
564
408
270
302
227
255
349
269
575
336
364
202
169
157
290
218
610
610
311
368
1049
422
257
363
338
289
676
313
259
610
610
179
587
308
610
610
610
231
658
318
458
221
610
329
1113
178
324
488
222
304
610
369
226
322
429
169
295
3385
282
446
345
1307
336
312
610
217
374
306
297
694
176
250
793
245
1668
360
305
189
269
244
152
285
388
242
580
292
1187
152
339
650
445
307
261
235
257
205
1349
313
228
282
610
279
731
212
382
610
267
259
317
469
705
275
281
246
460
300
271
280
192
610
610
217
610
226
531
230
329
1053
226
610
349
289
278
152
1110
610
340
610
153
1073
2170
8477
221
179
330
313
610
319
286
346
344
640
359
405
208
280
222
231
180
575
210
399
259
610
351
1284
237
274
262
153
327
322
216
610
301
353
247
251
232
316
322
711
354
940
320
258
610
664
1092
152
295
389
657
625
193
1188
233
610
369
309
292
273
304
278
1403
263
801
267
610
672
610
1309
250
610
283
226
610
233
339
257
1131
283
235
1088
333
775
345
252
279
251
3811
219
323
274
153
587
235
417
610
349
274
211
610
834
207
361
276
1478
590
245
304
383
610
610
240
323
2772
275
610
282
209
161
610
400
354
284
204
338
245
917
348
396
273
2341
260
610
282
270
255
333
667
249
360
610
307
330
284
313
313
270
289
610
255
220
1912
432
643
186
371
237
331
363
233
270
610
302
2912
323
622
407
319
241
276
247
181
261
295
313
614
271
191
2300
278
337
287
564
11161
2826
610
302
270
359
425
528
254
401
662
279
295
304
237
402
284
264
250
253
176
2361
610
2912
166
348
232
163
298
323
200
610
257
610
424
329
485
520
365
259
221
229
292
195
1792
818
610
610
213
363
281
334
222
357
181
220
266
610
453
802
364
246
426
292
647
354
292
250
610
396
321
152
183
1733
327
233
351
359
822
301
254
978
610
610
610
610
331
666
610
669
610
247
300
901
411
981
610
985
610
215
3595
191
175
296
610
689
323
347
311
610
340
610
399
273
208
296
559
551
1658
188
2621
258
1284
231
522
241
330
610
165
235
702
279
162
376
293
331
157
187
205
174
313
254
181
610
318
213
610
327
342
501
1977
610
250
322
285
610
237
260
197
259
258
285
198
498
1073
290
268
263
196
765
287
318
426
1671
244
477
610
248
214
272
353
610
290
224
254
610
300
197
222
194
610
557
185
183
356
243
572
347
1461
152
371
768
610
610
300
2149
215
265
214
315
400
387
355
610
610
376
444
497
193
610
155
300
202
216
610
846
224
152
488
1017
546
296
410
364
223
282
355
1851
196
226
234
224
183
296
255
247
363
210
262
244
321
255
251
252
262
610
610
232
222
610
1177
559
254
230
1286
268
192
610
329
380
993
163
290
304
465
867
600
450
277
295
161
378
610
319
1580
246
299
796
317
610
172
180
488
610
208
279
288
610
610
301
954
610
610
2431
208
298
917
303
303
204
263
506
262
239
376
331
242
424
161
258
738
243
336
271
173
295
192
346
610
253
268
610
243
610
358
682
317
214
220
297
610
610
262
271
327
167
231
440
300
610
244
324
357
610
610
184
172
1413
186
804
344
289
263
610
209
203
610
179
315
610
610
610
161
199
281
250
256
254
313
250
610
210
375
610
659
288
297
328
610
174
253
216
570
582
398
179
285
1395
237
277
610
358
318
176
315
610
241
288
177
367
202
232
301
294
2341
527
303
302
610
509
157
351
284
242
379
209
258
451
8477
358
292
241
228
347
663
998
252
679
511
215
216
324
278
312
156
3100
11161
610
189
470
212
253
330
171
389
315
610
158
257
258
287
356
3317
278
153
247
154
666
158
163
284
610
273
610
610
592
163
324
284
610
294
310
851
152
413
270
462
192
610
8477
266
428
312
252
321
202
304
275
304
353
196
210
306
1614
239
610
1976
192
610
204
398
610
255
359
372
298
302
328
159
253
413
340
215
305
330
160
649
610
287
610
289
244
276
2826
195
213
257
287
266
281
456
425
400
610
610
250
276
298
207
185
256
243
265
305
398
610
235
610
290
279
1287
329
610
203
301
1566
610
610
610
205
173
610
300
229
352
237
387
213
674
610
234
253
782
165
311
610
757
331
210
837
161
251
448
259
610
261
905
610
440
233
152
259
184
610
222
238
229
300
380
625
610
401
387
311
393
280
277
287
169
272
356
610
610
220
229
610
610
301
178
1376
610
227
368
485
312
749
224
610
223
323
610
288
610
283
325
610
294
610
303
279
610
267
1975
281
610
224
317
470
610
610
610
276
308
304
222
254
1115
610
226
241
564
350
549
284
315
264
348
605
235
610
183
461
312
610
275
256
864
322
272
610
610
275
610
610
219
163
199
610
246
293
715
324
381
206
302
338
196
610
304
244
259
222
214
711
317
213
308
610
274
210
312
287
610
300
427
245
610
295
610
610
267
610
189
610
275
223
610
197
891
345
244
292
310
262
256
1529
678
207
568
610
496
313
297
253
343
1324
579
165
610
610
797
766
181
610
259
610
217
610
768
777
610
183
437
207
217
290
610
610
336
253
453
305
158
309
633
152
161
221
326
610
645
157
610
367
610
610
610
240
463
192
240
233
610
1080
480
610
281
610
691
152
409
172
438
1567
199
210
610
682
268
610
610
566
772
2667
360
175
3317
307
984
270
248
2480
157
1269
306
610
307
232
395
344
240
269
610
185
294
287
610
229
610
369
154
191
344
1753
610
237
234
273
240
192
271
610
186
211
251
333
346
610
438
1656
266
610
235
397
461
610
370
224
463
238
184
610
306
181
610
328
610
243
205
268
610
244
1567
224
190
335
187
610
289
610
759
304
231
220
309
610
365
610
241
610
964
392
447
610
261
272
260
338
4968
202
208
429
217
285
287
610
322
610
217
610
197
446
5217
2251
610
610
380
368
283
182
610
206
332
153
305
610
610
282
393
297
335
225
273
293
288
852
302
252
610
239
644
291
199
448
241
300
1581
757
364
283
254
233
3120
279
1413
610
347
230
610
1506
387
610
361
318
188
268
2776
226
282
893
610
181
257
237
1614
194
188
207
304
610
155
404
388
610
610
1790
178
610
482
367
499
490
610
194
202
610
366
610
610
610
610
231
193
265
610
284
380
295
191
367
324
283
610
448
295
180
221
282
197
1074
610
319
517
254
213
256
395
610
181
318
939
610
975
157
152
610
610
359
610
207
401
812
610
158
152
193
186
338
610
479
204
448
286
371
429
1658
336
239
304
255
178
314
610
799
610
469
242
364
342
267
435
610
610
290
270
610
286
294
221
3026
266
278
273
610
202
628
300
170
610
1113
180
272
155
249
265
3120
414
184
682
610
280
610
610
318
323
272
191
610
532
245
610
161
610
2425
610
302
610
610
610
299
172
319
610
257
327
610
610
295
749
610
338
610
610
610
304
279
344
654
610
187
610
308
254
318
820
213
188
610
232
239
610
519
436
610
205
164
170
641
197
610
221
269
233
1149
610
152
258
775
300
472
3317
406
235
343
344
610
610
194
610
610
338
260
294
610
165
2480
1368
610
237
180
1309
610
1149
184
940
610
610
350
268
610
304
220
610
1528
177
275
610
340
478
213
253
610
251
177
610
224
610
1198
610
661
368
304
332
288
168
289
610
161
610
919
610
313
449
163
364
185
610
331
152
610
610
605
890
252
340
301
610
267
208
610
658
379
610
164
289
1932
610
227
610
152
610
313
271
336
228
169
340
610
305
227
310
528
610
641
610
610
610
610
259
307
225
309
199
453
610
270
610
269
466
610
610
610
610
252
212
610
471
610
207
256
610
256
389
571
532
264
278
302
2132
610
187
329
1488
610
203
1049
299
241
610
281
174
189
226
881
610
229
269
610
685
304
610
288
1227
261
194
2501
332
238
610
609
610
610
318
169
229
418
610
610
610
559
610
640
399
610
278
610
610
157
610
221
261
211
392
194
335
275
539
291
310
165
610
250
152
555
610
311
156
610
251
610
610
326
200
298
161
610
610
610
274
228
610
240
610
477
198
610
610
610
610
610
275
779
312
214
610
289
535
610
268
610
209
351
342
2227
164
610
258
227
610
198
379
664
230
3402
610
610
154
241
170
610
364
610
236
610
287
295
162
632
358
245
610
153
365
610
610
283
610
610
320
330
152
167
610
152
294
301
185
229
610
302
610
610
610
301
157
610
610
212
407
610
610
610
240
358
664
812
219
235
610
1417
314
610
340
277
170
610
1023
610
249
610
306
610
246
621
274
369
610
393
313
225
610
206
268
438
311
610
610
255
168
283
786
152
610
282
610
193
1134
215
610
264
363
215
276
2254
610
375
186
203
610
1340
267
220
2170
181
509
254
610
295
610
203
638
610
533
433
232
610
277
625
190
273
1046
610
322
330
314
169
610
610
177
610
269
232
460
170
610
610
610
276
610
610
187
366
183
610
214
610
610
610
866
610
248
5190
316
610
236
654
369
610
610
416
1043
153
240
311
332
610
211
610
550
213
610
285
610
305
306
299
610
170
212
610
273
610
152
177
610
610
247
244
269
345
219
162
301
152
820
610
259
327
534
610
610
610
301
353
256
610
255
252
610
288
610
610
686
272
487
191
267
499
225
610
384
610
318
3171
610
610
610
610
280
329
470
610
312
228
313
333
479
281
246
265
247
610
295
801
573
163
610
610
284
163
194
164
502
610
167
927
610
459
212
610
1662
163
610
610
316
610
178
257
248
304
468
215
610
193
377
610
4199
161
219
610
242
305
262
333
207
610
237
424
356
610
409
610
248
610
331
373
610
262
583
243
404
500
610
3837
620
1269
243
993
355
610
536
337
255
773
610
355
610
225
610
610
610
842
610
511
160
610
610
177
448
326
186
807
610
478
610
297
158
467
610
248
610
177
258
7875
3385
163
184
533
157
306
1397
208
610
396
610
159
229
155
309
238
233
610
416
316
610
661
318
610
610
197
297
610
610
558
153
998
366
877
610
275
1328
324
643
219
201
368
262
1446
610
168
288
806
236
610
264
213
152
185
900
300
1619
293
610
610
248
226
610
610
222
321
610
215
158
177
180
279
239
325
574
422
202
270
185
198
610
610
199
158
610
941
610
383
152
610
610
610
610
242
191
610
219
544
268
280
261
507
610
177
277
249
297
610
610
485
342
166
374
200
160
610
336
152
292
283
184
241
610
491
332
255
256
1941
523
596
610
238
610
1324
258
601
202
272
610
610
610
244
199
610
285
294
4422
459
330
610
610
610
372
2132
316
610
610
610
610
342
311
610
235
170
610
610
177
610
217
610
225
219
610
165
610
387
2667
622
610
705
258
610
278
205
610
475
257
301
610
186
610
637
610
610
610
859
8477
610
310
610
174
156
610
200
305
217
287
1021
258
211
558
1107
610
294
610
610
370
2621
153
237
610
610
193
157
610
338
7875
565
610
610
294
610
610
211
2341
202
610
2132
160
610
244
610
1027
401
455
610
227
5747
177
244
610
610
328
610
227
610
159
610
610
187
175
166
312
251
264
610
268
1149
348
343
610
665
610
338
610
635
222
315
610
238
610
610
308
307
159
201
610
330
274
610
610
610
276
154
610
315
610
253
185
335
286
174
610
610
252
610
152
220
152
610
610
334
610
296
737
234
241
239
226
610
317
610
610
610
610
216
177
262
610
610
610
266
610
610
610
1199
252
367
272
250
610
364
317
266
211
610
610
610
399
610
384
304
610
177
278
153
610
152
334
610
197
277
610
245
606
610
610
610
153
585
245
610
277
219
413
610
610
190
216
230
610
165
1240
275
154
152
464
1234
200
252
270
303
176
1641
1349
267
610
257
201
610
610
362
352
610
610
610
4981
733
291
1218
250
610
610
204
337
280
610
370
610
610
172
2375
343
337
610
293
248
610
610
212
273
610
178
610
610
323
408
262
278
2438
610
566
610
168
152
384
216
610
200
255
610
531
1987
610
610
211
610
684
223
619
223
231
610
610
625
483
610
1071
610
176
610
610
610
280
5076
610
610
610
610
328
760
261
182
334
344
610
610
610
311
267
157
610
490
610
169
610
610
422
610
209
610
610
2022
298
246
551
293
610
178
610
610
610
284
628
443
367
3027
610
610
610
326
281
610
610
163
1037
610
676
160
303
610
301
610
610
366
610
377
153
267
152
223
1671
305
257
192
213
254
610
610
251
323
303
489
610
348
641
610
162
610
610
1478
610
324
610
152
610
1378
1977
270
465
668
224
152
610
265
593
610
610
610
610
610
610
219
241
610
566
241
610
174
326
723
610
3120
218
328
287
160
221
610
339
610
610
610
610
610
610
610
315
349
166
610
209
610
374
610
192
253
610
610
212
388
234
2227
610
610
610
258
234
610
610
158
349
610
716
823
157
610
610
238
610
172
396
303
610
525
250
375
212
610
610
610
610
610
152
395
262
317
510
610
610
271
610
610
610
610
610
329
610
610
610
273
178
610
350
288
610
610
325
243
202
155
250
610
457
610
610
610
253
299
152
610
207
610
610
610
317
610
2621
610
610
610
209
610
1253
610
275
279
200
610
610
610
610
216
610
231
577
2000
467
502
202
610
610
610
610
610
763
258
2375
610
610
296
1941
610
610
610
560
610
271
610
160
165
610
610
494
323
610
332
610
610
281
264
610
277
610
183
278
610
233
549
610
279
263
292
195
610
610
236
274
293
610
222
266
610
605
1296
221
610
230
610
610
278
545
223
218
192
610
278
610
677
221
249
327
610
610
223
522
1851
610
610
610
610
610
180
881
610
610
610
610
212
610
610
320
610
376
399
610
610
610
610
610
292
172
610
305
252
237
610
926
610
206
610
610
727
256
198
234
345
610
350
214
610
610
610
610
610
177
610
610
610
610
786
610
610
610
610
610
610
219
610
610
414
301
781
179
610
226
610
927
610
610
610
614
273
610
401
610
231
347
152
263
166
257
506
610
610
610
312
610
610
610
166
176
610
330
610
610
395
243
268
577
610
386
152
610
1478
2122
610
293
610
243
610
247
160
451
215
610
610
169
290
448
377
4519
610
610
154
263
160
610
236
610
190
610
655
250
610
615
183
289
610
610
179
610
610
610
610
251
274
331
213
276
610
610
263
241
499
176
610
610
610
199
371
610
278
265
610
227
720
610
610
957
294
631
610
218
175
700
610
610
239
259
610
220
311
610
610
624
642
610
610
610
159
610
204
541
553
610
250
610
610
172
197
214
610
610
246
610
525
175
610
610
610
610
610
610
610
610
610
610
273
3026
152
610
224
610
242
1280
610
610
610
610
610
610
340
455
163
414
264
610
161
225
610
610
610
213
262
610
610
537
610
610
610
246
635
245
610
610
251
254
280
456
665
396
610
1978
610
610
286
177
610
3500
610
191
457
170
152
610
610
610
230
610
326
236
610
610
610
212
610
610
610
152
308
202
610
610
924
804
610
610
1284
610
852
610
315
1156
203
610
395
610
209
303
281
610
610
610
246
610
188
179
160
610
1510
152
610
168
185
297
610
207
610
610
155
610
610
610
152
610
323
610
700
610
610
11161
614
610
375
304
610
610
610
610
152
610
610
861
610
925
283
216
2171
610
1240
610
610
1595
610
240
1148
610
610
212
418
610
157
610
610
610
610
679
335
610
610
610
610
687
335
231
610
168
178
330
610
192
194
610
822
211
282
610
5217
610
610
375
203
303
170
610
200
610
610
610
163
477
610
218
266
268
610
273
364
191
610
217
465
610
356
370
610
610
255
246
610
610
610
230
305
693
709
381
610
610
337
334
610
610
610
401
207
751
610
610
610
405
610
152
271
152
206
285
744
223
408
610
610
610
610
1656
610
610
177
610
610
610
610
172
168
610
274
221
290
300
610
610
610
610
226
319
675
217
610
717
260
275
610
1107
212
6806
602
610
610
610
610
159
219
661
610
955
610
610
610
610
610
266
610
610
610
610
292
610
250
153
243
610
200
610
610
251
610
189
169
610
610
610
673
610
256
610
292
610
610
166
157
610
610
610
610
610
610
610
610
610
244
226
610
610
610
610
152
610
610
173
195
610
610
610
610
436
295
610
610
235
562
200
610
610
4519
610
250
539
202
610
363
294
182
610
278
610
610
610
610
610
224
610
610
153
610
610
170
386
610
217
526
610
224
610
273
320
610
610
610
610
610
158
610
610
198
610
5747
610
610
309
610
610
416
877
610
330
249
610
610
268
290
485
191
610
610
610
610
196
385
271
610
610
610
610
208
285
340
197
2131
610
610
205
610
610
152
610
610
207
255
271
162
183
526
196
240
199
618
610
472
610
5190
610
280
306
4519
610
270
336
610
610
321
610
610
305
196
610
455
610
610
610
546
610
610
157
657
610
336
610
610
610
610
610
610
610
610
610
399
394
277
219
610
610
322
610
610
610
464
153
610
196
306
506
188
1623
631
168
610
610
152
248
610
210
225
161
153
715
610
571
247
391
610
610
610
610
610
610
610
610
610
161
268
610
610
170
610
610
350
221
610
221
610
610
610
610
945
610
178
610
274
189
184
178
610
610
610
610
610
610
610
610
610
610
610
152
610
293
610
610
311
610
610
152
610
610
219
610
189
610
476
2361
644
610
610
357
154
244
243
610
213
610
610
610
610
640
610
610
610
610
610
254
610
610
275
610
274
214
610
269
353
610
169
610
205
610
610
610
610
610
176
610
610
610
203
249
610
610
610
356
610
299
610
610
610
306
610
610
610
308
610
241
610
610
152
187
610
251
167
610
610
906
610
229
610
610
218
610
406
1565
610
584
3837
251
610
610
1403
610
610
212
610
610
610
289
610
242
610
610
158
610
3179
342
610
610
610
309
8477
610
292
300
610
610
610
610
610
610
610
880
610
1042
610
610
610
610
610
2058
610
610
610
610
176
610
610
610
610
610
610
610
1084
610
610
276
245
306
874
610
610
610
610
610
610
233
204
516
610
610
297
239
260
343
610
294
178
610
246
201
310
610
610
618
285
610
450
205
614
610
293
208
375
610
170
610
398
610
557
610
610
610
397
610
610
275
610
610
610
2425
610
280
610
197
610
1097
610
610
610
229
174
610
185
610
213
610
208
610
355
204
610
242
246
208
610
610
1183
610
610
610
610
610
610
610
610
610
610
610
422
237
254
610
198
158
203
610
401
410
265
610
610
610
610
610
610
610
1289
610
610
254
246
610
158
230
610
152
287
610
344
610
610
610
317
610
205
610
199
308
206
610
421
610
1978
610
610
280
610
610
610
183
610
576
610
261
467
610
610
610
610
349
610
295
321
610
610
610
610
610
610
610
257
610
305
610
283
155
610
174
610
513
155
610
610
165
610
610
610
610
159
610
610
610
610
610
725
169
610
610
610
346
610
610
610
610
610
559
610
286
307
902
610
438
610
243
190
610
610
249
610
234
610
610
610
610
186
610
610
227
610
610
610
610
226
610
610
201
277
295
610
610
610
2665
487
610
610
610
610
610
610
610
610
610
610
287
610
610
610
1620
610
610
610
610
610
380
610
307
610
305
610
610
610
610
223
610
610
610
610
246
610
610
243
7875
285
610
205
610
610
610
610
610
610
1385
610
809
1980
610
405
610
405
296
244
610
211
610
424
610
610
610
610
610
228
610
314
181
610
610
182
610
610
273
188
802
610
610
241
610
610
958
259
1977
295
610
610
610
2227
610
321
610
610
610
610
153
610
610
245
610
610
610
610
610
610
242
610
610
224
209
610
610
610
610
207
610
610
610
211
201
610
610
177
677
153
610
610
610
275
610
610
350
727
610
610
610
348
610
610
610
610
243
610
610
610
610
610
610
249
610
218
610
610
601
610
2220
300
610
302
282
610
306
189
263
610
288
215
610
307
610
610
610
734
610
610
610
367
610
610
610
167
610
610
236
713
192
331
610
610
265
610
1941
272
610
327
610
302
610
260
156
610
207
167
610
610
610
875
610
1091
610
610
1679
197
610
279
222
610
610
610
232
610
610
610
610
361
687
610
610
1403
329
610
280
248
159
610
610
300
610
610
305
610
231
610
610
610
610
289
253
844
326
341
610
182
610
610
178
287
610
460
431
610
610
610
610
610
610
610
610
610
610
610
610
152
592
195
610
610
465
315
1284
610
2031
610
394
610
610
610
198
610
610
161
610
314
610
610
610
152
610
610
181
660
610
610
610
610
610
610
283
152
610
610
299
610
610
214
610
180
610
610
610
610
226
440
254
610
330
610
610
610
610
610
260
706
610
610
326
610
4981
460
610
289
383
226
190
188
610
610
227
610
610
610
610
610
610
188
610
610
610
610
664
610
610
610
301
610
610
176
610
610
610
568
610
1115
610
610
610
610
610
171
610
610
312
263
610
610
610
245
610
610
610
610
610
610
610
177
288
610
155
237
998
610
610
610
610
593
610
610
421
610
408
610
230
610
206
610
157
610
905
610
610
610
610
610
610
610
610
610
610
610
162
334
610
610
610
524
610
320
299
610
535
610
610
338
610
610
804
610
610
405
610
610
610
2333
610
610
203
390
879
610
288
610
610
610
610
610
610
610
266
610
247
610
610
179
165
610
610
1134
610
2251
610
226
610
1988
610
610
610
610
610
171
309
610
610
610
610
610
610
328
610
662
610
258
610
610
1977
610
610
610
610
216
566
610
610
758
287
610
220
610
610
377
610
610
610
610
610
610
610
610
610
610
1034
610
610
679
610
370
610
264
254
295
610
610
204
610
250
610
610
610
610
610
610
397
610
610
610
610
610
610
580
610
152
293
1254
610
610
166
610
278
370
610
368
610
610
287
610
229
253
610
610
610
1478
610
354
610
382
610
167
610
610
771
172
610
408
610
610
610
610
610
610
610
610
610
610
725
610
610
610
610
252
610
610
267
1382
610
610
610
610
610
610
610
610
610
610
610
610
610
610
610
610
610
249
610
252
610
610
276
1323
610
270
610
610
610
610
610
610
610
610
338
610
610
1619
610
610
174
610
610
610
610
274
610
204
280
610
610
329
610
610
610
2501
610
352
610
253
1493
610
202
333
315
157
610
610
610
610
610
610
610
610
610
224
610
610
517
610
281
266
226
249
610
610
610
610
226
610
610
610
610
2217
152
199
235
610
198
276
153
610
198
610
610
420
1256
319
610
415
610
610
259
610
321
610
334
610
610
610
610
312
169
318
610
305
610
209
610
610
757
251
205
678
1059
392
610
610
228
218
610
610
610
610
610
169
188
220
610
610
610
610
254
304
384
610
610
610
610
153
452
404
485
610
610
610
178
610
610
304
634
441
236
610
610
610
610
610
610
610
649
610
610
222
153
610
610
251
610
610
610
610
610
610
610
610
882
610
610
610
610
610
610
229
610
610
610
610
610
610
610
610
610
610
248
246
610
610
268
610
610
318
610
376
610
492
610
1368
231
610
610
336
610
402
610
521
1657
682
610
658
444
209
252
610
610
610
165
610
610
610
610
610
240
610
610
610
610
610
610
610
610
610
336
198
1330
676
610
610
610
610
610
610
610
610
610
610
610
610
610
610
171
610
842
610
610
433
610
610
610
610
191
250
318
610
2929
610
610
329
610
610
304
294
610
2291
610
610
610
610
610
808
610
610
610
220
234
610
610
601
610
610
252
610
610
610
610
528
582
610
610
610
610
189
610
610
610
610
376
610
610
610
610
610
610
610
610
298
387
826
610
295
267
383
610
718
610
610
610
610
610
250
200
259
610
610
610
394
512
342
610
910
610
955
610
232
610
857
610
610
610
610
610
610
738
610
257
610
261
610
610
610
610
610
219
610
610
352
298
327
235
610
250
610
610
182
220
247
610
610
610
610
610
610
232
610
610
610
1328
610
610
610
610
610
610
610
936
610
610
167
610
610
610
365
610
190
267
298
610
610
668
610
308
610
302
610
610
2213
610
610
195
323
234
610
610
610
610
610
170
610
610
498
610
610
610
159
610
345
610
610
610
610
610
196
610
197
610
231
610
610
610
610
610
610
610
152
213
610
275
610
329
610
610
610
610
610
610
744
209
610
251
610
610
610
205
268
610
610
610
517
610
290
610
610
610
610
610
610
188
172
610
610
610
610
610
610
381
610
610
610
256
610
499
610
610
610
610
610
610
610
610
610
610
610
610
610
250
610
610
610
610
610
610
7875
610
610
610
610
610
610
610
610
610
264
610
610
610
610
1850
215
152
408
610
610
2375
343
610
152
610
610
170
159
610
610
610
610
167
610
610
489
610
610
610
610
610
610
610
610
610
610
610
610
610
610
610
267
610
610
610
610
610
610
610
1527
297
610
610
306
325
610
610
610
610
610
610
381
575
610
610
610
610
706
610
610
225
157
610
176
312
610
610
610
351
610
610
610
610
610
253
610
764
610
258
244
610
610
610
610
610
324
153
241
259
610
610
204
610
610
610
610
610
610
610
610
610
610
610
610
178
610
156
610
198
167
610
610
328
610
2064
610
610
610
224
610
610
282
302
610
188
610
610
610
610
218
610
610
610
610
671
295
152
610
610
610
610
2501
310
208
610
352
610
610
610
610
610
610
610
286
311
610
579
190
1021
199
610
610
610
610
353
259
610
610
610
610
610
214
610
610
152
610
610
610
610
211
329
610
610
610
357
610
610
1976
610
610
610
186
610
402
610
610
610
610
610
610
610
610
366
610
610
610
166
610
610
610
610
287
610
558
610
438
192
610
610
610
610
610
610
338
645
610
174
610
610
333
610
610
610
610
420
610
718
610
610
610
610
206
610
610
610
610
298
610
610
610
242
152
610
610
235
610
426
232
1061
610
610
350
366
156
239
309
610
430
610
610
610
610
1753
2300
263
610
610
610
610
1122
610
189
610
610
610
313
610
591
610
152
880
610
610
610
610
189
1253
610
610
610
610
191
236
610
610
513
263
208
610
610
610
610
610
610
610
221
302
610
610
610
610
610
610
610
610
318
610
610
610
610
610
161
610
268
421
610
610
283
441
566
610
610
610
222
610
610
386
610
610
592
610
610
156
610
610
610
610
610
165
572
610
1021
610
328
610
610
1218
610
610
610
2983
610
610
610
610
240
186
610
610
610
610
302
610
610
554
610
610
199
339
610
584
2721
610
610
610
610
163
610
610
610
610
321
610
610
610
568
610
610
610
610
610
610
610
610
610
610
610
269
610
610
191
528
610
610
610
322
173
610
610
205
610
610
610
610
263
270
267
610
2905
610
206
610
610
610
610
1316
4519
610
610
610
610
444
610
610
610
152
610
610
610
610
610
610
610
610
610
247
250
610
3337
206
610
610
610
610
610
703
275
610
284
610
296
610
610
610
227
155
229
610
610
238
478
610
610
610
200
610
152
610
157
260
295
610
610
300
610
610
610
166
165
610
152
610
404
695
228
610
610
322
610
610
610
610
314
610
610
610
610
293
610
201
610
610
212
610
367
610
610
307
610
610
610
610
610
430
1978
610
533
610
610
610
553
610
610
331
610
610
2341
610
376
610
164
610
610
406
610
610
610
610
610
208
610
610
610
610
610
610
610
610
610
257
162
610
610
610
247
152
216
610
610
610
610
610
437
610
610
610
610
610
610
334
610
610
610
610
610
610
199
610
610
610
276
330
610
610
158
610
610
610
255
610
610
610
610
610
611
610
378
610
282
223
305
610
482
610
610
610
610
610
610
610
610
152
183
319
610
610
610
610
610
610
610
257
198
610
162
610
610
610
329
660
610
610
610
610
610
610
610
610
610
610
845
610
186
610
181
249
610
610
610
610
610
610
610
610
1226
201
610
309
610
610
610
610
610
610
806
610
610
610
610
610
610
610
222
574
333
610
610
239
610
610
610
610
1257
174
610
610
610
610
610
493
610
250
610
610
610
610
610
487
610
610
610
610
233
610
613
434
610
746
610
191
610
387
355
284
610
610
610
610
610
610
610
610
580
610
610
610
4422
610
610
610
610
610
610
610
610
610
153
610
610
610
610
610
2341
610
155
610
610
612
610
610
610
610
610
535
206
610
610
610
610
610
610
610
311
610
610
610
610
610
610
610
610
610
170
698
610
610
249
610
610
610
666
610
304
610
2837
410
610
610
610
610
610
465
610
957
610
610
610
707
610
610
610
301
610
610
215
3385
610
248
610
610
610
610
610
610
610
610
610
1969
610
610
199
610
610
610
610
610
610
610
610
282
182
610
610
519
610
241
273
610
246
298
610
533
610
610
331
610
610
610
610
610
591
610
610
195
610
610
610
1941
610
474
628
610
610
610
610
372
610
610
610
315
610
610
610
610
610
610
152
610
610
610
610
610
610
610
610
610
270
610
321
233
610
323
293
610
152
610
610
1269
610
695
610
610
610
610
610
191
610
610
610
610
610
610
610
153
610
1242
152
610
610
719
2905
244
273
321
610
610
610
610
610
610
610
786
610
610
258
610
482
610
610
610
491
610
610
610
610
610
610
610
610
610
610
610
610
610
255
610
610
610
610
300
610
610
610
356
610
610
661
175
610
610
610
610
610
610
610
610
610
192
169
610
610
610
610
610
610
822
610
610
263
610
610
610
243
610
610
610
610
610
610
610
610
620
610
610
610
610
610
1413
244
610
610
610
286
610
610
459
610
610
610
610
610
610
610
610
179
610
610
610
610
2361
2978
610
610
333
610
610
610
304
610
610
610
610
610
610
610
610
610
610
610
152
610
610
1291
610
610
610
610
1417
506
610
610
286
610
610
610
610
610
610
610
610
610
610
610
610
610
610
610
405
610
610
275
610
302
165
610
610
610
610
610
610
610
610
280
327
610
610
610
610
610
610
610
610
610
610
610
1400
610
610
610
610
610
262
610
610
219
610
610
610
610
610
610
212
610
610
819
610
610
610
616
610
610
610
610
728
610
610
610
1413
610
610
610
610
304
610
610
610
610
198
610
610
610
610
586
610
243
178
282
610
610
610
610
610
244
7875
610
610
610
610
610
610
610
610
610
610
610
610
610
610
610
954
610
610
610
610
254
610
610
610
610
610
610
442
295
610
610
738
610
220
152
610
610
610
289
610
610
610
233
610
610
610
610
610
610
610
565
610
610
610
742
610
610
610
610
610
610
610
610
610
1051
610
610
610
728
610
610
610
610
610
610
610
610
610
610
731
610
268
610
610
173
610
294
610
610
610
610
610
1857
1662
610
482
610
610
422
610
610
610
287
186
610
610
610
610
610
610
610
610
187
610
610
610
610
1006
610
610
610
610
610
610
229
610
610
610
681
610
610
610
610
610
610
610
610
331
164
610
610
610
610
706
610
610
195
610
610
610
610
610
297
610
361
195
610
610
610
610
610
610
283
610
610
415
610
610
187
610
610
610
610
610
610
167
157
2983
345
610
610
610
610
610
610
610
610
260
610
610
610
610
610
610
610
610
610
610
610
610
610
298
610
610
610
359
343
610
610
610
610
236
187
610
610
226
610
610
610
230
1040
277
610
292
610
610
224
610
610
610
610
371
217
610
610
610
610
610
610
152
610
610
610
610
610
610
164
571
1253
610
610
610
230
610
610
610
610
199
610
610
610
610
1821
610
610
610
320
552
361
610
396
610
610
610
610
610
525
610
610
434
610
610
169
610
610
610
610
610
610
610
610
366
610
255
610
610
610
610
610
610
248
610
610
610
610
610
428
610
342
610
610
610
610
610
297
610
610
610
610
610
610
610
610
610
191
610
610
610
610
610
610
610
1213
610
253
610
610
304
610
293
610
316
610
312
610
328
610
610
610
263
610
610
610
610
302
610
610
610
610
610
610
172
610
256
610
511
610
610
368
610
5076
152
610
229
610
610
610
610
610
213
217
610
610
610
610
610
154
217
610
610
610
610
610
610
610
610
610
610
610
245
610
711
610
610
610
610
610
562
610
610
153
610
346
258
610
610
610
610
610
610
610
610
610
610
610
1115
610
610
610
610
610
610
610
152
610
610
610
610
610
610
610
697
610
610
341
610
610
335
610
610
610
1781
610
615
191
789
610
610
610
610
610
610
610
610
610
929
173
610
610
663
610
610
187
610
610
610
610
166
338
610
610
610
252
323
610
610
610
610
234
610
610
610
610
610
361
196
610
610
610
610
610
610
610
610
610
610
592
610
610
301
610
610
610
610
610
610
610
271
610
610
358
610
610
610
610
273
610
610
610
169
259
610
610
339
610
610
610
2177
610
610
610
363
610
610
610
11161
610
610
610
271
610
610
610
610
610
294
261
475
199
276
157
1218
610
610
610
610
610
610
610
610
610
152
610
610
610
610
610
610
321
175
610
610
159
610
610
610
610
610
156
610
610
162
610
610
610
610
610
164
610
689
610
610
610
164
610
610
610
610
610
772
610
610
610
610
610
610
610
504
610
738
610
434
610
763
198
610
610
1641
270
610
610
610
610
610
610
190
610
610
570
610
610
610
610
610
515
610
610
285
160
610
610
610
610
610
284
610
610
195
610
397
610
610
610
610
610
663
610
610
222
610
610
1087
610
175
246
610
610
610
241
610
274
610
610
610
610
387
302
234
313
610
610
610
610
610
250
610
610
610
610
610
574
610
610
610
610
221
610
610
153
610
610
610
610
610
610
610
243
610
610
610
610
610
610
1198
610
610
610
610
190
610
610
238
610
610
610
610
610
165
1015
1510
679
610
610
610
949
610
610
422
610
610
610
610
610
610
610
610
610
610
610
610
1229
610
610
164
1448
610
610
610
339
610
610
610
503
610
190
610
610
610
610
610
610
610
610
610
610
610
924
610
610
186
610
808
610
610
610
610
610
610
610
287
610
610
1029
154
610
610
610
170
610
610
610
610
610
610
162
610
610
610
610
224
375
610
610
610
610
610
610
610
610
610
610
610
610
610
610
610
610
610
610
278
610
262
180
610
610
326
610
610
610
610
610
610
610
610
610
610
200
610
610
610
610
610
610
610
610
154
610
610
227
610
403
406
610
610
610
610
610
610
610
610
610
610
610
610
610
610
610
610
238
610
610
610
610
610
610
610
610
610
610
459
610
610
610
610
610
610
610
275
610
610
610
446
610
610
610
610
610
610
610
610
610
610
610
225
221
610
610
288
610
610
180
610
187
152
610
610
344
610
610
610
610
610
4422
610
610
194
610
610
610
210
398
316
610
610
610
610
610
610
610
480
610
610
610
610
610
610
610
610
610
242
610
610
610
610
589
224
610
610
610
273
610
610
610
546
610
610
610
610
610
610
610
610
610
610
610
308
417
610
610
210
610
288
610
610
610
610
610
163
610
610
264
610
331
610
610
610
610
610
610
423
186
155
610
610
610
610
610
591
224
610
274
311
610
548
610
610
153
610
703
610
259
159
610
610
459
610
610
610
175
610
610
610
610
610
610
610
610
183
610
279
610
610
737
610
199
610
610
610
563
610
610
610
194
610
610
610
610
610
610
314
610
610
610
610
610
610
610
209
152
610
266
610
610
282
610
312
610
610
610
610
610
610
610
1017
610
610
610
610
610
610
610
610
610
610
251
152
568
610
610
610
1795
610
610
610
610
610
610
246
610
610
610
610
157
610
610
374
610
610
610
610
610
610
196
370
610
176
610
610
211
610
610
610
610
610
610
1185
610
412
610
610
610
321
610
610
610
610
610
610
249
373
610
610
1190
610
167
610
610
610
610
610
610
610
610
610
610
610
610
610
586
610
610
610
610
610
610
610
610
302
610
610
610
610
1557
610
286
610
610
610
610
610
610
610
610
610
581
610
610
610
610
610
610
610
3315
610
220
610
152
610
610
610
610
610
610
610
610
504
610
231
610
610
610
610
610
610
610
449
266
610
610
610
610
610
610
610
610
610
610
610
610
662
610
610
610
610
610
610
610
610
610
610
239
610
210
610
610
610
610
303
1216
258
610
610
621
610
610
610
610
610
610
610
610
610
372
155
610
610
270
610
610
610
610
610
610
610
610
160
654
610
610
610
610
250
610
271
610
610
284
610
610
161
610
610
1016
610
587
610
610
610
610
610
610
610
610
610
170
610
323
610
290
610
610
610
610
610
214
610
610
610
610
610
247
610
610
216
580
610
610
610
610
610
610
469
610
610
610
610
220
610
295
1091
610
610
509
610
610
590
230
610
610
610
610
610
1611
1926
610
610
610
610
610
610
610
197
610
610
610
610
610
610
610
610
610
610
610
610
610
610
610
610
970
164
610
301
610
610
610
610
610
610
610
610
610
610
610
610
610
610
610
610
610
610
610
610
610
610
610
610
610
610
295
610
159
610
368
610
610
610
610
152
610
226
610
610
610
610
202
247
610
610
610
610
610
398
610
610
610
204
610
610
610
610
610
610
610
610
154
211
610
610
372
610
610
610
610
610
610
610
610
610
610
730
610
610
610
610
610
219
610
610
610
209
610
610
484
220
610
1394
610
610
610
610
610
610
188
610
610
11161
610
610
387
610
263
610
610
610
610
610
610
610
610
637
153
610
222
249
610
610
160
610
152
610
610
610
610
170
610
610
698
610
610
610
610
260
610
610
610
610
610
610
610
164
610
610
610
202
610
610
610
610
610
610
610
610
610
610
610
304
610
610
610
216
610
610
610
610
610
610
304
295
610
610
610
718
610
610
610
610
641
610
610
610
610
203
610
610
610
343
610
610
610
610
610
610
244
610
610
610
177
610
610
610
610
551
610
610
610
278
610
610
610
610
610
321
890
610
610
610
2022
610
610
610
610
610
245
610
200
610
610
212
610
155
610
610
610
610
367
610
349
610
610
610
335
610
610
610
610
610
610
610
610
610
435
596
3027
610
610
610
610
610
610
610
276
1115
610
172
610
610
610
610
403
610
610
257
610
610
610
296
2721
610
211
610
805
610
610
610
771
304
610
158
610
610
610
610
610
610
610
2763
690
610
309
230
610
302
610
610
610
610
2978
610
610
610
610
610
610
610
610
2220
306
610
610
610
610
610
610
610
610
610
610
610
610
610
610
610
610
610
610
304
610
610
610
610
298
610
610
610
463
610
610
610
610
610
610
610
610
610
610
610
610
635
610
610
610
610
610
610
281
610
610
610
610
610
610
610
610
996
610
610
610
610
610
167
610
1398
610
610
610
295
325
259
610
610
610
236
610
303
209
610
610
11161
610
610
610
610
610
610
374
610
610
610
610
610
610
610
610
610
203
610
610
254
333
350
610
610
155
610
245
610
610
163
610
610
610
610
610
610
209
610
610
610
610
610
610
172
611
610
610
610
705
670
610
1016
610
1178
227
610
610
610
610
347
610
672
610
619
610
610
610
610
158
610
610
610
1384
610
610
610
436
610
610
610
610
610
610
610
188
610
610
549
610
153
610
610
610
610
205
610
610
610
610
252
235
610
159
610
610
610
1851
610
610
610
610
610
610
610
610
610
280
610
610
610
610
211
610
610
610
610
610
610
610
610
610
610
610
610
610
610
610
610
610
610
610
610
610
610
610
610
610
220
610
610
610
610
610
234
396
610
610
289
610
610
610
737
610
610
610
610
186
610
610
610
610
610
610
610
610
610
610
610
610
610
610
610
610
1883
224
398
610
222
610
610
610
610
610
198
610
501
610
610
610
610
610
757
610
610
610
610
610
610
610
610
499
610
610
251
392
610
610
381
459
610
610
610
610
303
610
610
610
610
610
610
610
1309
610
610
171
610
364
610
610
610
610
610
610
610
610
610
427
172
610
610
152
3027
610
610
610
610
610
196
617
190
610
610
197
610
610
610
610
610
610
610
610
610
610
610
386
610
1265
361
610
369
610
610
610
610
610
610
610
610
610
234
610
610
610
610
610
610
610
610
610
610
610
610
378
610
610
610
610
610
610
316
610
610
610
610
610
610
610
610
610
610
610
610
610
610
610
610
610
480
160
610
610
610
610
7875
610
867
610
610
310
245
610
610
610
610
473
238
610
313
610
610
280
610
610
610
610
610
610
610
610
526
610
610
610
610
610
610
610
610
610
610
773
610
591
610
610
610
249
309
610
171
610
610
610
610
610
1226
610
610
610
610
610
269
610
610
610
610
610
251
610
610
610
610
610
610
610
610
610
610
319
610
610
610
516
752
610
610
192
610
610
610
610
299
610
610
610
610
610
610
610
296
610
610
610
610
610
610
610
610
610
607
610
610
610
610
610
610
610
610
610
610
610
610
610
610
610
610
610
610
610
298
610
271
610
610
610
610
610
1431
215
610
610
610
610
610
610
610
610
610
244
610
610
610
610
610
610
610
260
610
610
468
610
610
610
155
610
610
610
610
610
610
282
610
610
610
610
247
610
610
610
271
468
610
610
610
610
610
610
610
610
610
610
610
610
610
610
223
610
264
610
610
742
610
610
175
610
610
610
610
610
610
610
610
229
610
610
610
386
610
610
610
610
610
220
610
610
610
610
1223
610
610
610
610
610
610
610
610
610
153
610
610
610
325
610
610
610
610
610
610
610
610
238
610
610
610
620
610
610
610
610
610
610
610
610
610
610
610
610
610
610
610
610
292
610
610
610
610
610
610
343
610
610
610
610
610
610
610
610
610
343
610
610
610
610
610
610
610
610
610
610
610
610
610
610
610
1034
610
610
289
610
2171
610
610
610
610
610
610
610
610
610
610
610
610
610
610
610
610
610
610
610
610
610
610
610
164
513
610
610
610
610
610
610
610
610
610
248
610
202
610
610
610
310
610
610
610
610
610
610
610
610
610
610
378
610
610
610
610
610
627
610
610
610
610
610
610
610
610
610
610
610
610
610
610
610
610
610
610
610
610
610
610
610
610
610
610
280
167
610
610
610
610
610
610
610
610
610
610
610
610
484
610
359
610
269
610
610
610
610
610
610
610
610
610
610
610
610
392
610
610
610
610
610
610
610
610
610
610
610
610
610
610
610
610
610
998
610
1148
610
610
610
610
610
211
1218
610
250
855
610
610
610
610
610
610
610
610
610
168
559
610
610
610
610
610
610
610
610
395
610
296
610
610
610
610
610
610
610
610
610
610
212
610
610
610
610
292
610
298
199
3837
610
610
610
301
226
827
610
610
155
610
610
610
610
186
610
610
610
610
610
606
155
610
610
610
610
610
610
435
610
610
1177
610
610
610
610
610
247
610
610
610
610
610
610
610
610
610
610
271
181
316
610
359
334
610
610
280
610
610
610
610
610
610
610
610
610
610
610
610
610
610
610
610
610
610
202
610
610
193
610
610
610
610
153
610
610
610
610
610
240
610
610
610
227
610
245
610
610
610
610
610
610
610
610
346
610
610
155
610
610
610
610
610
464
610
610
610
610
610
610
610
174
610
610
1349
540
610
610
610
610
610
610
610
610
610
684
610
610
610
209
233
610
593
610
610
610
610
610
610
414
610
610
610
610
610
610
610
610
610
610
610
610
610
610
610
610
353
610
561
610
610
610
610
610
610
610
610
610
610
610
433
610
610
610
610
610
610
610
610
610
610
610
610
610
610
610
538
610
610
610
610
610
610
610
610
610
610
610
610
152
213
610
610
610
610
610
610
610
610
192
610
152
610
610
610
176
610
610
610
342
610
610
610
610
610
158
610
610
610
296
342
610
204
610
610
610
610
610
610
610
610
610
610
6806
610
610
610
610
610
610
610
610
610
610
610
610
234
610
610
610
610
610
610
610
610
610
610
610
610
610
610
610
610
610
610
610
230
610
610
184
610
610
610
610
610
610
610
610
610
610
610
610
610
214
705
226
610
610
2438
610
610
610
610
610
610
610
610
161
610
610
610
614
610
610
1240
610
610
610
610
610
610
610
610
610
240
610
610
610
610
261
610
610
610
610
610
610
610
610
610
610
224
610
610
610
610
424
610
610
610
610
610
610
610
610
610
610
152
610
610
610
610
610
610
610
610
610
610
610
610
610
610
610
610
1866
610
610
610
610
610
610
610
159
610
610
610
610
610
610
610
610
610
610
610
610
610
222
610
610
610
610
610
610
610
610
1196
610
610
610
610
610
610
610
809
610
610
610
610
610
610
610
610
610
610
610
610
610
369
267
610
610
610
610
610
210
461
610
1330
610
152
610
610
610
610
610
610
610
610
610
610
610
610
610
152
610
610
610
610
242
237
610
610
610
610
610
204
610
610
610
610
610
610
610
610
610
610
435
610
797
610
466
229
610
610
610
610
610
610
610
610
610
222
610
610
576
610
610
160
610
302
610
610
610
610
610
610
610
610
610
610
610
610
610
610
610
610
610
610
610
610
297
610
610
610
610
610
610
610
610
610
610
610
610
610
610
610
610
610
450
610
610
153
1792
610
610
610
610
610
610
610
590
610
610
610
610
304
610
610
610
610
314
222
610
610
610
610
610
610
610
610
238
610
284
610
610
610
610
610
610
610
610
610
610
610
610
610
610
402
610
610
610
610
610
610
610
219
610
610
610
610
610
194
610
610
610
610
610
208
610
291
256
610
610
610
610
610
610
610
610
610
610
610
153
610
1097
240
610
610
610
610
610
610
610
610
1126
610
610
610
610
610
610
610
610
610
610
610
321
618
610
610
610
610
610
196
610
610
241
610
610
610
209
610
610
610
610
610
610
625
610
610
610
610
610
610
610
610
610
610
610
610
610
610
610
610
610
610
610
610
610
610
610
610
610
610
610
610
290
3500
610
610
610
610
610
610
610
610
610
610
610
610
610
610
610
610
610
610
610
192
224
610
610
610
610
610
610
566
610
610
610
610
610
610
169
610
610
1978
610
610
610
610
610
229
610
610
610
610
610
173
610
610
610
610
610
610
610
610
610
667
610
610
632
610
610
511
610
610
610
610
1912
610
610
610
610
610
610
610
610
610
1234
610
309
3337
610
610
610
389
610
610
731
610
610
241
610
610
610
610
583
610
610
610
610
610
610
610
610
610
610
610
457
610
610
610
610
1932
610
610
610
610
610
236
610
610
610
610
610
610
610
610
610
610
610
610
610
610
610
610
610
610
610
610
610
610
610
610
342
610
610
610
610
610
610
610
610
610
610
1236
610
610
610
610
610
610
610
610
394
610
610
610
610
610
610
610
610
610
290
731
610
610
610
610
610
610
610
610
610
610
610
610
610
244
610
610
610
610
610
610
610
610
610
610
348
610
610
610
610
610
319
2978
610
213
610
610
610
268
610
249
610
610
610
610
610
610
610
610
610
610
387
610
610
610
610
1012
610
610
610
610
610
610
610
610
610
610
610
610
610
610
610
610
610
610
610
610
610
610
610
610
610
610
327
187
610
610
610
610
610
610
610
610
152
167
610
610
1524
610
610
610
610
610
610
610
610
610
610
207
610
237
610
199
339
610
610
610
610
610
610
610
610
610
610
610
155
610
610
610
610
610
610
610
610
477
610
610
152
610
610
610
610
610
610
610
610
610
610
610
610
610
610
610
610
610
610
610
610
610
155
610
205
610
610
610
166
610
610
610
610
610
610
610
610
610
610
494
610
610
610
610
610
610
610
610
610
610
610
610
610
320
610
610
610
610
610
610
610
610
610
610
610
610
610
610
610
610
610
610
737
303
610
429
610
610
610
610
610
610
610
610
610
610
610
610
610
610
610
610
610
371
388
389
610
610
610
610
610
610
610
610
196
610
601
610
610
610
610
209
610
610
610
610
610
610
610
610
610
610
610
610
610
610
610
610
610
610
158
610
610
610
610
610
610
610
610
610
610
610
610
610
610
610
610
610
610
610
610
610
610
610
610
610
610
610
610
610
610
610
610
610
610
610
610
610
610
610
610
1187
610
610
610
610
610
610
610
610
610
610
610
610
610
610
610
610
610
610
610
576
610
610
437
610
610
610
610
610
610
610
610
610
610
610
610
610
610
610
610
436
610
610
610
610
178
610
610
610
610
610
610
610
610
209
610
610
610
610
610
610
610
171
610
610
610
200
610
610
610
610
610
610
610
610
610
610
610
610
610
610
610
610
610
610
610
610
610
610
187
610
610
610
610
610
610
610
610
610
610
610
610
610
610
610
262
610
610
610
610
610
610
610
610
610
610
610
321
610
610
610
610
610
610
610
610
610
610
610
610
610
610
610
190
610
610
610
610
610
610
610
208
610
610
610
610
610
610
610
610
610
610
610
610
228
610
610
610
610
610
610
610
610
610
610
610
610
194
2978
610
610
610
610
610
610
610
610
610
610
610
610
610
610
610
270
610
262
610
610
610
255
610
610
610
610
610
917
610
252
610
610
320
610
610
610
610
610
610
534
610
610
610
610
610
610
264
610
610
610
610
610
610
610
633
610
610
610
610
610
610
610
610
610
893
2227
610
610
610
610
290
610
341
1668
610
610
610
610
186
610
610
610
610
610
610
610
610
5966
610
610
610
610
504
610
239
610
610
610
610
610
610
610
610
610
610
610
610
610
610
610
610
152
163
610
610
610
610
610
610
610
610
610
610
610
610
610
610
609
610
610
610
610
610
610
610
610
610
610
610
610
610
647
610
610
610
167
610
610
610
610
610
610
610
882
610
610
610
254
610
304
610
610
610
610
610
610
610
610
610
610
610
610
610
314
610
610
610
442
610
251
610
610
610
610
610
321
610
610
610
610
610
610
610
610
610
610
610
610
1107
610
610
610
610
1823
610
610
610
610
610
610
610
610
610
610
610
152
610
610
610
610
610
610
610
610
610
610
610
610
610
610
610
610
610
610
610
610
610
610
610
152
610
610
610
610
610
610
610
610
610
610
610
610
175
610
610
610
610
610
610
610
610
610
610
610
610
610
610
610
610
610
610
610
610
610
610
610
610
1671
610
610
610
610
610
610
610
610
610
610
346
610
610
610
610
610
610
610
610
610
383
610
610
610
610
610
610
610
610
610
610
610
933
610
193
610
610
610
610
610
610
845
610
610
610
610
610
610
610
610
610
610
610
610
1812
610
1530
610
610
610
610
610
610
610
610
253
610
610
610
610
610
610
610
610
610
610
610
189
610
610
610
166
610
335
610
610
610
610
610
304
610
610
610
610
342
610
610
610
610
610
610
610
517
610
610
2238
610
610
152
204
610
610
447
610
159
610
610
610
610
610
610
610
610
610
610
980
681
610
610
610
610
610
610
610
610
610
173
610
610
610
610
610
610
610
610
610
610
610
610
610
610
610
610
610
610
610
610
610
610
610
610
186
610
338
610
610
610
610
2667
610
610
610
610
610
610
610
610
610
610
610
610
159
610
610
610
610
208
328
610
610
610
610
610
610
610
610
610
610
610
610
610
610
610
247
610
610
1567
610
610
799
610
610
610
610
610
302
610
610
610
610
295
610
837
448
610
610
610
610
610
610
610
610
610
610
610
443
610
610
610
610
2395
610
610
610
610
610
610
290
610
610
610
610
610
610
610
610
610
610
1387
610
610
610
610
610
465
610
610
610
282
610
610
610
610
610
610
610
610
710
713
610
610
610
610
610
610
610
610
610
610
610
610
610
610
3600
610
610
1087
610
632
610
610
610
610
610
610
610
610
610
610
610
610
1049
610
610
610
610
610
610
610
610
610
610
610
610
610
610
610
610
610
610
610
610
610
610
610
610
388
610
610
610
610
610
610
610
610
610
610
2772
610
610
228
3179
610
610
610
610
610
610
610
610
652
610
610
610
610
610
11161
610
610
271
610
610
610
610
610
610
610
610
610
610
610
610
610
610
257
610
610
296
610
610
610
610
610
610
610
610
610
610
610
610
224
610
610
610
152
610
610
610
610
156
610
610
610
222
164
610
610
610
610
610
610
439
737
610
610
940
610
610
610
610
152
610
610
521
643
610
610
610
610
610
396
610
610
1123
434
610
610
1980
610
610
610
610
610
610
610
610
610
610
610
273
610
610
199
610
725
610
610
369
610
610
610
610
610
