923
487
865
532
576
649
471
514
804
543
416
436
606
453
724
595
492
623
466
661
534
471
430
427
414
378
461
459
406
436
448
761
539
505
538
727
642
605
778
387
474
388
452
428
629
422
711
411
602
481
447
457
839
538
445
461
444
637
545
436
551
458
1067
409
485
442
630
696
397
469
455
653
397
369
437
670
715
425
459
440
422
417
402
453
705
762
628
574
412
387
389
842
1208
654
1482
1113
832
429
598
395
456
398
465
681
554
556
1130
591
425
450
416
790
513
417
424
446
432
434
386
386
372
399
408
409
425
545
392
406
558
445
395
870
392
630
578
426
413
673
427
548
418
495
380
609
621
389
438
402
418
417
613
1081
435
927
545
431
396
383
535
1200
641
469
379
437
558
565
421
742
450
1058
985
404
426
653
553
1416
411
401
405
367
457
747
389
376
411
400
411
1044
441
597
383
383
549
1188
385
416
416
407
2527
407
1074
365
852
372
464
716
376
1015
592
711
446
593
382
422
397
404
390
401
407
639
396
418
369
382
385
377
430
349
389
409
583
575
419
635
387
702
377
450
385
1113
605
694
391
403
378
413
359
396
889
359
417
379
555
914
338
664
475
389
674
394
441
386
359
375
353
394
391
601
691
376
358
668
770
380
387
670
367
388
701
420
572
724
690
389
581
391
429
749
428
369
397
376
654
403
378
370
630
385
375
354
379
716
387
731
417
604
376
385
366
394
673
429
732
397
542
410
517
393
394
401
384
414
390
439
389
631
748
556
555
379
504
570
398
1018
1012
385
1125
373
344
384
637
554
508
545
496
558
442
375
366
362
577
563
815
339
386
391
348
552
471
368
369
366
520
394
525
371
645
889
563
564
373
416
375
517
511
910
598
365
395
401
545
617
417
375
747
375
374
379
387
388
356
612
529
1720
354
842
393
515
362
380
385
356
910
392
377
387
349
351
557
492
418
375
372
352
679
373
433
332
421
563
382
375
403
366
354
421
427
628
424
363
515
447
367
576
557
2527
388
521
431
875
352
551
416
541
393
367
587
375
417
375
449
381
370
368
432
367
377
416
380
439
538
355
359
390
492
593
657
461
541
369
369
370
610
579
382
373
363
553
388
644
366
357
389
531
431
386
385
767
389
414
438
597
528
381
323
567
413
377
508
459
371
384
339
481
373
383
372
512
532
603
404
379
525
408
383
622
460
544
635
346
343
346
588
529
381
381
342
504
392
375
340
368
582
365
339
375
557
383
378
609
398
374
554
372
563
396
355
537
578
367
345
605
375
387
350
361
358
399
540
413
414
444
382
744
697
447
391
353
370
412
349
513
2527
374
444
346
437
517
750
363
598
331
361
359
367
731
354
592
647
340
374
542
379
391
547
548
490
500
533
396
404
500
596
385
378
360
378
539
407
381
393
397
377
673
358
516
361
514
363
413
362
356
384
466
364
373
440
400
450
379
504
379
371
381
413
586
341
342
390
447
398
383
383
399
367
366
483
401
616
506
627
669
445
365
602
554
391
355
536
350
460
589
361
383
385
509
700
643
414
380
373
410
514
389
388
608
362
509
510
433
345
486
451
366
601
408
553
329
616
389
385
331
392
395
456
354
354
359
310
396
342
352
553
350
352
498
478
399
379
350
365
537
366
381
528
379
353
357
367
372
605
716
394
341
471
356
360
812
359
394
358
367
391
459
342
375
389
355
365
341
377
355
366
550
373
380
575
380
371
360
520
1256
355
357
372
1075
565
341
361
535
510
391
337
355
350
574
549
329
385
376
377
573
409
363
358
428
1200
354
373
363
482
516
392
579
533
356
557
512
420
360
582
389
349
577
429
468
372
450
356
370
505
337
757
619
380
517
361
366
326
529
405
433
377
482
371
451
342
574
574
812
408
354
539
408
540
369
342
471
569
365
606
355
499
460
339
376
374
414
613
350
331
384
382
356
349
541
333
582
564
320
381
342
770
347
402
449
523
369
424
361
535
504
335
563
355
367
345
376
365
355
463
354
573
391
423
368
462
581
551
517
368
684
341
344
365
382
375
543
519
381
483
355
359
366
347
373
604
353
370
358
622
491
344
667
524
365
349
378
394
334
361
343
616
366
520
591
338
367
653
340
671
314
535
355
333
358
356
576
542
353
409
378
404
343
545
347
565
496
1747
546
369
332
486
325
595
367
366
565
376
372
374
343
603
401
380
353
339
339
355
360
579
612
366
331
365
507
351
409
363
358
326
354
367
343
363
353
352
328
367
396
356
370
569
502
358
345
397
701
422
359
569
384
352
439
331
393
354
522
628
577
691
365
610
570
333
633
358
361
411
352
341
710
770
429
555
350
536
581
364
355
338
365
557
513
782
527
564
354
329
337
555
461
341
346
332
812
518
532
388
407
419
587
336
390
508
356
346
371
350
359
365
471
543
357
358
619
360
342
399
331
375
525
357
394
379
357
352
343
558
452
357
303
366
364
341
385
533
460
384
350
360
571
488
356
471
366
400
472
354
379
376
350
518
499
341
323
475
403
374
565
348
439
386
588
334
618
525
331
348
1747
370
514
489
320
515
388
466
360
346
336
363
380
660
671
575
333
358
711
346
544
512
523
327
398
566
393
373
383
929
368
357
612
367
374
334
344
552
446
487
346
348
401
478
395
404
368
453
337
387
630
370
333
351
366
356
317
405
628
504
530
353
362
336
371
536
546
559
350
359
352
349
587
604
447
503
353
593
337
625
360
473
581
371
341
407
681
366
744
524
348
349
342
346
543
340
383
453
346
367
641
379
329
392
379
330
334
340
329
519
530
487
472
340
797
342
365
387
388
624
346
685
347
340
318
388
757
541
358
514
726
549
490
387
360
367
319
466
373
388
342
668
361
554
506
619
425
350
489
382
561
354
352
347
499
323
532
562
352
516
322
422
355
581
344
346
341
351
353
365
370
643
554
310
536
420
303
391
538
397
297
330
375
334
447
626
365
404
366
407
338
334
406
339
387
430
344
379
399
343
572
399
343
367
336
373
389
337
360
307
345
366
542
353
497
586
361
599
835
504
338
342
367
648
353
365
383
336
364
703
358
551
318
356
350
462
416
348
335
337
343
329
371
604
298
354
447
380
352
373
577
388
336
775
344
486
328
554
337
391
334
588
516
518
338
338
372
322
357
353
343
338
348
432
551
349
470
516
339
345
519
460
337
339
308
342
575
365
520
393
502
534
489
350
364
326
519
456
341
331
356
463
451
456
560
330
561
399
518
558
646
387
812
372
325
343
335
376
616
357
604
392
515
610
355
352
359
387
517
557
632
556
365
554
538
344
342
394
378
403
544
524
374
529
648
406
348
365
360
323
339
621
384
349
340
623
374
329
336
476
429
374
568
357
376
533
306
371
349
307
363
464
347
434
376
383
478
341
334
369
618
405
345
320
358
356
351
395
343
536
342
606
484
376
390
365
536
346
568
351
489
377
554
366
331
494
313
470
328
510
439
316
360
547
339
329
340
348
632
487
592
333
493
495
517
341
538
342
369
340
424
374
365
305
342
353
342
417
363
557
538
355
353
538
669
333
354
331
335
537
343
457
432
333
324
524
332
518
330
557
512
352
537
351
351
368
383
588
346
319
328
481
350
328
587
418
462
450
334
357
540
333
545
351
336
360
332
350
434
334
417
366
346
480
373
318
359
509
484
355
527
521
328
373
514
407
366
424
365
755
529
338
354
362
315
584
371
358
514
420
357
355
321
355
493
338
378
348
361
666
358
540
367
355
342
623
347
338
339
296
422
372
554
403
386
698
716
378
364
481
369
389
373
353
544
648
394
381
380
372
467
541
455
541
354
526
512
325
382
329
333
354
337
374
437
478
330
444
396
340
333
326
351
399
360
351
593
347
370
350
390
645
335
428
371
364
336
337
330
646
356
589
308
320
425
364
325
509
313
369
564
375
404
341
317
359
335
327
370
342
338
361
354
538
362
317
550
357
363
334
550
528
521
362
348
349
335
353
349
310
719
317
478
362
335
369
618
338
341
317
333
330
582
359
463
341
572
352
312
425
344
326
340
335
416
334
333
323
588
463
546
513
356
506
422
346
799
397
516
327
340
368
345
436
328
733
463
335
335
577
643
318
346
383
310
339
341
372
589
341
341
324
317
572
417
522
366
328
363
577
362
460
399
668
544
485
322
347
512
470
367
343
286
418
344
324
335
333
496
346
581
339
320
340
393
351
588
369
400
612
333
482
544
319
318
411
326
564
528
514
320
330
617
349
320
513
515
318
371
361
354
349
565
469
349
345
328
397
368
326
318
397
498
336
484
568
604
338
502
328
718
747
369
325
455
359
407
347
534
372
593
506
335
426
587
508
393
328
356
391
563
328
342
377
345
624
602
292
589
328
335
362
581
406
346
497
335
300
336
323
340
366
494
366
476
372
331
335
509
312
540
435
605
352
339
325
327
360
912
665
309
333
353
372
390
340
353
348
375
589
449
372
345
276
328
379
313
594
546
578
362
349
728
423
319
472
630
412
379
360
338
508
460
395
356
358
931
367
350
351
327
322
374
363
478
398
333
349
358
328
323
377
352
391
339
308
335
311
573
572
508
469
411
331
889
322
342
477
376
329
420
582
328
345
799
539
323
354
506
332
480
360
559
403
338
330
630
346
329
348
326
328
316
338
342
415
300
337
471
345
517
342
321
298
706
369
350
372
368
423
358
576
341
575
543
335
352
527
319
305
368
317
305
349
335
419
354
492
360
646
593
342
341
529
337
347
369
318
950
382
491
367
332
482
526
338
315
381
345
366
305
339
330
483
311
344
334
316
471
329
352
300
330
322
376
330
369
380
347
330
374
330
809
300
321
292
337
384
622
554
381
454
335
368
396
357
307
718
391
530
385
328
355
555
336
329
420
314
304
300
336
423
341
361
337
340
541
332
514
359
367
516
326
478
349
348
565
387
277
340
336
355
329
331
315
438
475
446
355
337
324
334
366
299
302
356
365
550
397
370
311
380
334
371
588
336
378
333
591
343
352
577
319
395
313
348
345
323
401
340
312
570
336
442
319
456
346
340
369
525
538
317
374
638
459
346
322
326
701
404
613
670
293
341
333
299
589
378
525
348
645
354
355
285
435
330
358
308
380
459
359
482
470
374
333
319
330
341
501
446
364
325
296
389
532
348
359
345
300
352
489
388
360
525
354
346
320
328
371
367
356
510
717
405
340
331
567
615
322
346
324
326
1821
298
599
540
672
437
339
355
304
769
350
331
356
338
424
347
410
361
360
310
337
484
335
374
537
530
316
325
355
356
331
558
364
535
324
329
310
283
351
330
321
359
340
352
347
335
365
524
347
501
302
332
497
595
339
359
315
326
239
315
337
344
325
430
331
435
505
340
296
341
592
307
327
418
287
354
726
310
411
333
330
329
330
311
332
344
516
455
487
327
435
386
521
449
418
330
325
373
357
580
326
355
342
358
311
316
538
495
402
511
413
354
390
387
349
354
314
349
579
590
429
401
384
311
344
344
460
351
329
311
542
311
504
300
330
333
308
324
412
335
439
341
286
335
332
370
324
340
324
367
283
359
349
348
350
351
497
320
318
341
719
320
334
346
301
338
448
335
724
373
364
393
576
399
303
443
326
329
523
353
369
423
460
534
386
306
316
629
320
471
317
690
747
518
367
312
445
284
320
388
315
505
483
2527
385
332
560
454
316
318
491
354
349
315
504
301
335
324
326
383
596
342
495
346
313
576
312
619
327
335
317
376
567
364
457
334
312
309
484
469
429
316
512
356
335
360
337
316
332
313
884
323
464
383
458
314
352
325
313
484
336
332
541
489
432
328
463
335
357
529
410
379
459
559
389
273
317
702
585
416
578
346
436
340
595
354
527
389
339
457
528
484
335
411
314
390
477
318
313
354
359
321
368
623
350
317
315
386
467
312
609
358
505
350
321
506
329
532
312
353
309
490
313
576
339
492
324
321
329
467
308
356
317
324
303
526
449
317
341
312
329
430
328
343
472
662
330
516
298
313
364
505
320
334
663
362
285
581
347
594
311
322
327
532
337
668
356
428
329
303
333
303
515
536
383
299
516
295
438
1151
347
495
339
376
329
307
281
422
316
314
649
348
342
332
630
309
313
309
761
452
316
313
380
541
503
552
286
316
344
411
511
360
310
560
522
525
370
355
380
619
343
571
389
589
318
324
307
692
459
368
292
361
702
347
336
535
322
842
387
307
352
715
357
338
334
525
373
308
341
315
335
625
555
323
304
457
315
321
561
298
328
354
621
588
299
353
480
354
309
300
643
371
338
565
312
554
578
358
285
320
529
347
328
304
586
332
359
335
613
328
309
358
321
301
331
366
337
331
406
491
315
347
312
303
305
453
371
313
349
343
382
332
367
335
400
337
302
521
377
421
320
673
367
394
280
351
332
329
345
331
346
306
316
350
401
316
336
600
328
339
344
322
495
343
321
595
343
539
331
384
348
325
284
423
308
593
638
632
332
370
371
340
471
507
424
495
523
360
361
529
373
353
303
644
322
311
275
320
515
336
307
502
352
342
447
518
313
804
277
429
323
442
560
463
334
301
309
326
326
334
332
333
461
338
330
276
304
333
366
294
318
323
570
314
327
767
302
326
403
317
318
357
322
530
494
535
523
360
363
326
345
335
292
350
307
529
479
314
312
471
343
338
372
288
316
303
352
326
281
541
364
441
452
315
452
342
342
485
525
381
356
319
313
318
351
307
327
427
313
344
370
319
295
345
329
518
491
322
319
683
329
403
313
337
332
329
324
343
490
333
351
288
280
416
309
300
604
383
462
364
528
289
318
381
285
324
353
294
670
284
385
450
423
449
316
336
302
304
327
320
317
389
382
358
357
415
315
339
287
432
325
334
270
349
354
442
503
321
619
329
543
474
316
311
308
367
316
1208
359
315
303
342
547
344
294
396
292
331
384
296
333
767
336
283
338
479
302
340
327
379
333
329
328
538
286
539
354
406
700
318
313
291
308
345
451
352
403
1256
347
366
519
367
362
308
309
366
297
299
367
345
295
334
529
353
332
353
291
476
303
335
446
329
227
365
275
286
465
499
491
309
332
338
303
613
337
362
317
311
334
350
854
337
343
326
289
299
306
400
456
323
331
493
290
350
382
363
344
335
312
340
359
460
451
340
312
401
299
337
315
377
302
344
281
524
630
307
306
365
323
405
514
355
385
307
362
303
291
330
306
349
348
336
285
351
339
322
339
354
308
508
306
569
552
312
322
351
323
250
350
333
358
512
315
340
300
697
382
479
464
378
312
319
502
313
285
307
324
599
511
626
334
295
268
346
306
361
323
306
338
667
320
358
490
377
501
313
329
671
344
578
319
273
308
550
285
321
299
326
294
606
519
283
307
366
317
371
426
556
286
512
355
298
320
310
460
333
336
547
316
346
296
473
351
628
574
298
481
1720
277
340
296
331
329
373
376
380
311
602
569
311
633
319
369
318
344
443
312
287
519
639
434
346
359
322
628
301
308
299
296
357
590
370
327
417
312
314
306
349
312
298
468
299
294
344
552
322
345
444
322
281
355
300
505
589
552
329
303
311
489
323
336
347
328
304
339
673
317
375
327
319
394
453
927
451
325
312
562
313
804
504
429
474
335
301
658
440
318
356
331
326
394
357
322
613
299
323
526
337
411
386
294
303
327
334
343
322
272
572
322
484
327
305
291
322
316
292
483
322
353
345
489
337
354
293
335
419
348
265
337
372
519
358
375
344
299
380
346
632
366
407
340
344
351
315
380
390
348
346
365
299
442
494
317
578
323
343
382
347
356
346
364
311
313
664
496
544
305
334
380
370
687
319
319
325
372
305
515
589
347
453
349
551
396
646
300
257
387
289
322
558
315
343
307
579
708
390
319
335
847
377
584
307
328
314
370
334
302
346
325
311
330
332
324
334
288
358
334
319
295
650
316
682
346
327
328
368
267
515
576
285
302
308
308
293
278
328
381
346
716
287
337
1075
356
477
346
299
364
304
301
412
298
326
519
329
289
277
613
321
317
286
289
338
306
518
339
306
435
306
343
308
292
337
342
566
298
334
342
306
313
330
354
314
337
386
293
407
298
322
282
451
509
274
300
440
337
501
365
286
691
336
356
276
348
319
303
544
274
303
324
387
287
368
395
324
444
323
359
412
334
295
294
534
633
348
358
334
353
325
354
377
282
270
483
364
490
300
330
347
275
610
299
332
381
323
310
438
319
359
1821
302
373
372
327
320
269
296
672
619
345
334
292
540
306
348
285
318
309
299
315
351
569
368
305
316
308
326
338
294
612
383
715
531
324
335
340
308
308
309
506
597
428
303
319
321
324
326
299
314
339
275
314
345
359
341
285
442
301
342
326
278
329
321
331
471
343
362
320
363
311
326
261
535
312
451
305
302
313
577
324
590
269
522
286
324
386
300
354
357
321
264
311
350
447
325
306
353
444
854
302
472
350
335
307
556
300
521
412
354
379
604
289
467
339
259
322
326
311
283
323
331
392
256
312
282
478
242
326
335
336
358
341
431
391
308
295
363
454
313
305
362
299
354
327
338
371
364
304
554
385
283
496
364
297
288
342
519
311
277
602
380
301
329
343
320
297
392
294
529
331
358
361
466
270
342
370
282
277
279
329
291
486
289
297
461
273
368
377
355
325
604
364
304
312
592
529
561
282
299
364
663
327
312
332
285
644
282
289
346
330
309
348
383
349
328
380
287
269
336
329
284
340
400
294
386
311
365
607
323
334
410
329
325
462
564
491
287
290
299
588
423
368
277
328
419
294
309
455
312
842
447
335
310
347
310
522
494
312
453
342
290
309
296
438
333
483
558
342
314
342
342
393
286
448
427
456
502
343
499
342
341
326
321
305
323
342
307
430
323
268
397
304
533
303
314
347
405
270
405
360
317
316
302
341
305
355
280
317
339
265
292
271
339
322
334
564
326
266
296
399
603
550
314
284
347
573
307
285
417
295
305
333
410
405
247
344
285
302
382
365
1502
352
305
389
494
300
351
322
330
357
483
320
661
328
329
464
334
576
340
347
300
355
284
315
293
286
350
443
276
320
325
340
1821
355
330
276
287
440
339
357
306
434
284
291
538
332
378
316
281
314
589
312
342
370
317
559
338
301
299
1042
337
314
403
321
480
289
281
294
310
443
294
290
571
299
320
294
292
302
292
332
277
310
338
351
346
457
355
389
319
396
338
349
267
312
430
307
536
420
338
298
307
326
470
310
277
409
288
301
299
310
360
370
366
325
506
309
195
255
319
305
315
293
313
320
308
352
342
366
304
310
327
331
865
546
330
348
342
386
339
335
306
378
277
322
291
319
305
325
238
320
308
576
373
459
269
290
290
1437
295
307
270
325
315
332
653
316
323
370
354
331
316
329
460
565
285
315
575
311
554
288
340
636
607
359
333
650
283
279
294
292
313
301
292
318
325
328
280
379
299
324
281
301
359
463
326
479
293
619
320
335
293
256
263
276
552
293
300
700
281
290
337
326
314
387
344
296
471
359
347
368
363
297
480
335
316
483
389
261
379
283
346
308
459
318
331
354
494
294
313
303
391
321
291
329
379
291
294
349
305
331
631
472
467
316
285
263
633
487
326
576
285
338
369
272
299
290
264
308
272
340
386
306
333
285
419
486
403
282
415
337
313
356
397
303
348
337
285
398
267
312
290
251
304
290
326
636
386
531
333
279
671
280
293
295
359
286
341
273
303
412
324
368
328
455
336
300
314
357
309
281
377
417
310
307
454
305
569
265
516
310
333
290
279
295
310
296
287
297
386
309
332
477
292
270
322
273
324
422
257
335
384
372
251
294
334
294
329
338
320
331
288
487
318
268
342
428
303
389
311
337
284
277
300
354
343
889
483
263
348
319
394
263
368
309
604
295
557
595
265
332
267
302
320
323
313
260
308
489
301
445
407
278
453
536
368
278
302
361
461
498
329
355
327
317
298
708
287
357
433
326
279
493
330
347
283
424
276
251
266
268
309
287
330
473
1482
865
296
572
347
335
309
299
354
395
331
317
593
294
344
302
283
289
307
403
299
329
496
405
295
273
436
296
314
509
281
294
343
270
435
329
305
341
366
372
287
380
673
567
279
452
291
291
364
318
362
362
435
547
377
325
389
313
326
292
566
811
301
487
454
304
541
457
333
355
290
318
308
288
314
293
298
317
313
346
301
297
305
294
255
427
299
367
299
457
298
270
317
594
317
550
363
330
419
382
292
323
300
757
294
270
309
533
313
304
350
310
277
376
248
284
288
314
500
437
277
310
454
315
293
512
328
264
306
340
284
290
305
269
314
342
398
566
277
221
418
323
285
423
488
332
290
339
322
269
289
303
302
242
422
386
361
348
278
341
441
344
289
344
279
271
279
309
258
272
258
417
353
278
301
338
301
325
257
434
326
300
273
299
480
327
320
496
317
355
279
628
331
265
341
266
272
702
303
317
298
337
304
286
305
306
354
368
602
307
268
331
303
322
263
239
321
361
289
295
265
489
277
398
355
511
545
451
316
325
360
375
315
314
323
386
295
296
312
362
549
558
321
569
333
490
305
304
285
279
335
334
281
439
308
822
303
308
364
333
313
291
323
564
281
303
297
275
374
295
539
258
510
411
314
317
288
318
346
281
287
287
332
272
319
423
292
305
430
417
335
391
309
293
290
380
249
371
307
288
272
312
352
504
273
308
297
365
469
320
280
328
568
265
312
321
283
310
267
290
332
499
542
391
835
321
278
298
286
527
332
383
527
320
312
589
261
335
341
283
336
243
477
604
490
468
285
283
678
311
417
329
273
266
291
295
282
311
356
338
422
308
759
300
377
348
310
548
243
334
352
305
410
291
276
649
355
292
290
292
344
593
305
273
302
351
298
281
585
434
550
334
328
273
271
281
328
273
522
314
513
255
368
300
370
295
286
280
320
277
340
501
385
273
307
300
299
301
312
248
386
297
301
289
330
285
285
407
312
310
648
262
309
342
245
316
480
308
272
304
277
382
357
323
362
478
346
295
312
269
340
406
301
343
300
304
578
577
311
308
277
320
258
337
357
331
383
326
312
342
306
263
544
311
379
311
731
428
309
356
358
293
300
327
600
336
254
254
324
379
304
296
253
343
284
269
678
275
437
262
277
314
275
266
328
337
702
227
289
442
315
299
300
345
242
581
355
304
267
331
374
283
264
249
268
306
290
308
326
321
296
249
310
335
309
309
389
254
274
336
302
396
281
232
256
294
309
263
307
314
270
717
324
286
284
318
315
272
276
524
286
305
365
301
330
308
314
343
402
295
271
443
330
290
404
352
254
355
302
303
508
422
295
232
306
328
334
273
288
451
274
276
291
406
366
527
392
198
325
299
286
581
429
376
355
262
1747
275
319
337
395
290
301
272
278
282
264
282
322
280
272
555
268
298
219
283
277
283
302
323
343
298
297
308
267
265
337
474
512
298
265
237
262
271
331
298
292
255
308
239
287
505
331
322
458
288
338
498
282
304
290
723
261
358
541
260
273
400
302
314
315
439
457
331
267
253
529
301
315
350
275
329
261
293
260
496
382
445
530
318
309
309
364
334
329
368
288
285
400
609
235
285
314
295
260
426
481
379
265
222
252
352
275
274
333
449
298
296
338
314
350
328
249
636
288
279
438
270
608
328
280
275
271
480
323
422
394
367
376
254
287
403
267
345
266
263
339
279
318
309
267
338
1018
318
312
503
309
264
294
275
581
311
326
624
534
348
264
645
546
545
250
337
812
333
367
291
409
254
302
279
364
604
302
292
343
293
313
276
261
474
399
282
424
319
296
597
289
375
525
224
436
318
345
283
250
266
286
314
557
285
335
279
254
427
293
334
270
449
354
332
278
381
260
254
326
343
279
224
307
296
362
281
288
299
323
307
358
286
266
335
254
225
325
331
316
337
244
298
254
300
581
333
257
328
227
584
357
330
318
312
273
294
330
640
296
267
220
325
328
288
286
355
327
284
270
351
319
451
352
252
541
381
305
268
323
269
319
274
434
301
288
276
294
305
352
342
495
258
251
251
336
269
319
318
320
272
269
268
293
347
359
241
268
642
576
527
282
387
296
1502
249
267
613
330
324
254
296
454
304
306
265
330
272
265
334
306
453
291
262
310
273
323
259
352
300
295
581
414
301
306
283
344
336
659
295
311
165
569
331
410
326
302
294
370
316
319
304
272
597
253
298
329
273
267
250
311
261
278
307
270
238
288
294
317
399
354
315
421
338
302
281
289
343
289
366
306
258
298
322
244
329
406
298
322
520
309
565
259
297
225
201
271
272
373
341
293
286
258
473
356
500
517
303
221
332
288
492
317
303
268
319
343
292
342
316
305
252
325
329
414
397
293
276
283
280
340
387
303
260
288
333
330
334
279
260
406
263
268
352
295
356
540
251
316
246
289
329
507
618
353
336
275
663
294
322
296
875
223
277
305
352
325
242
273
295
269
504
349
335
703
306
317
302
515
251
260
494
294
264
267
262
241
356
278
414
293
338
259
525
344
767
339
302
258
249
264
266
386
248
327
230
293
281
291
299
338
272
276
331
319
256
252
363
469
299
316
416
338
569
270
327
338
340
319
249
333
405
873
239
332
235
343
336
267
286
262
268
314
308
366
478
294
349
346
233
293
308
255
273
327
297
345
288
339
376
312
254
318
482
266
302
283
288
313
293
265
701
294
345
535
280
334
280
397
278
318
260
255
272
274
311
323
336
281
304
307
292
465
262
313
147
271
265
767
484
950
379
323
349
360
262
226
511
322
204
310
234
499
245
504
313
279
274
272
349
368
301
260
269
237
302
661
309
309
565
355
261
276
277
319
304
439
272
275
296
276
338
286
324
498
273
314
291
321
296
923
277
339
273
262
284
336
267
406
289
316
356
258
281
499
309
343
570
227
282
289
298
317
295
296
311
265
248
515
279
252
305
276
263
384
662
287
288
338
263
309
298
270
254
210
230
249
349
276
383
252
341
299
360
376
491
301
342
268
316
264
435
274
304
242
295
275
541
313
277
297
383
238
270
322
256
272
324
250
912
351
280
453
292
292
306
458
300
708
427
262
276
315
235
221
395
724
253
261
243
247
303
425
292
263
376
359
278
381
291
264
324
731
262
358
229
301
403
285
433
329
293
302
461
355
292
337
274
401
276
282
322
600
297
295
330
283
257
323
268
263
274
328
310
291
368
269
289
372
482
229
576
298
420
267
310
239
466
247
350
180
292
350
257
187
269
363
591
301
277
337
275
291
285
373
317
275
272
260
229
329
203
297
267
252
264
498
305
799
317
245
314
305
722
309
326
281
237
295
315
467
333
218
263
277
280
267
457
400
302
294
267
255
343
388
267
623
320
284
240
285
364
237
262
571
494
252
480
263
287
313
366
370
294
575
289
255
328
432
297
329
267
352
367
298
295
290
335
319
336
503
368
279
239
285
275
285
562
267
350
296
318
602
234
296
397
302
212
308
244
315
242
285
234
345
265
272
356
368
231
303
264
305
359
407
220
306
508
409
602
250
258
240
235
343
497
433
255
307
554
325
286
248
303
279
331
473
388
200
357
289
306
279
251
301
518
257
285
256
458
438
267
296
323
438
330
414
308
312
320
301
302
283
304
266
309
378
246
466
254
330
305
286
239
324
247
300
319
273
507
183
272
316
287
270
305
262
246
272
299
291
429
261
351
365
268
398
258
405
282
251
280
475
557
271
318
277
274
248
235
294
307
272
304
406
268
267
281
269
320
281
292
257
220
479
505
457
356
466
390
297
288
241
267
214
285
336
198
458
382
271
267
334
328
226
275
527
325
281
219
235
295
360
317
271
354
238
301
263
333
317
235
276
322
223
628
274
295
220
258
220
238
255
288
264
286
228
259
432
360
294
322
354
297
254
237
516
253
272
346
314
233
285
321
423
623
346
285
246
299
231
267
247
183
388
285
286
243
400
447
249
297
270
432
274
291
812
351
299
314
288
281
238
299
231
294
348
309
245
327
522
274
368
471
303
306
257
261
283
219
288
287
267
306
404
258
413
280
283
223
347
228
327
334
421
322
315
556
259
561
302
255
274
314
300
276
266
373
448
330
307
582
251
224
249
522
468
284
364
357
260
367
747
301
258
368
291
277
260
371
371
1333
330
292
605
310
274
261
309
303
282
289
282
249
354
314
222
842
456
414
244
290
311
287
554
433
279
292
274
277
429
251
225
312
259
436
284
270
275
308
417
298
276
259
544
279
635
297
394
264
490
459
416
325
288
472
307
516
299
240
270
287
402
367
276
306
276
572
386
267
294
449
294
240
302
498
592
336
258
476
254
305
264
282
308
550
225
312
239
281
329
350
281
301
253
332
308
256
517
259
266
234
280
487
294
344
299
254
268
258
268
287
391
260
218
243
290
206
621
310
316
328
351
147
307
261
261
544
272
283
558
254
334
318
365
756
255
253
277
275
266
360
230
292
227
649
339
289
521
314
307
204
312
300
605
239
621
321
317
247
616
315
151
278
690
297
249
307
330
286
465
258
211
263
276
192
315
446
343
247
327
265
192
181
261
303
273
277
291
295
274
542
243
224
240
233
243
568
577
252
308
307
241
391
289
315
250
480
313
254
266
562
324
319
220
251
1363
334
264
324
329
264
295
554
262
243
221
266
301
307
251
216
249
1333
529
344
283
293
593
273
300
301
279
322
333
391
322
236
351
255
513
264
225
239
289
255
184
363
318
247
288
305
260
270
343
313
421
280
289
273
357
238
284
265
366
285
290
305
242
258
331
251
280
291
273
570
487
342
308
265
215
312
288
281
358
292
250
270
344
318
256
269
277
245
384
330
267
522
324
284
256
332
327
273
286
242
197
309
243
255
328
284
289
490
258
306
318
344
342
266
360
229
294
247
248
209
315
171
221
491
259
336
306
319
338
205
277
366
218
226
321
324
228
290
240
241
251
311
237
389
168
269
229
313
242
275
276
313
281
317
273
244
302
530
266
236
267
311
276
768
257
334
246
340
300
277
342
470
595
225
317
339
256
491
301
248
342
342
226
269
282
246
234
283
281
240
403
269
333
242
280
334
417
222
280
250
264
263
242
313
310
273
263
240
263
253
273
276
241
283
291
252
252
328
304
311
283
292
272
258
286
178
218
263
342
320
278
274
588
250
232
324
217
242
480
629
245
245
242
222
232
325
257
288
235
222
295
308
328
346
240
308
276
263
327
266
298
254
333
515
267
298
1720
266
401
322
630
193
249
263
308
527
250
246
330
289
333
250
195
238
332
320
264
323
394
230
297
260
287
175
283
232
296
333
223
340
207
250
283
240
193
245
238
223
261
275
344
192
284
266
231
345
322
355
252
271
476
279
930
407
279
374
248
285
607
468
318
260
265
691
277
267
469
236
277
297
221
279
402
322
297
363
539
222
270
517
472
233
211
295
246
306
235
342
544
192
220
270
310
259
249
300
267
288
270
619
261
373
585
290
254
254
539
311
479
240
268
303
535
221
235
210
242
261
277
249
303
318
344
281
322
220
503
246
261
516
286
248
386
431
201
269
267
298
273
181
282
215
397
267
234
283
265
255
346
294
240
288
264
309
197
297
250
263
223
308
267
232
242
253
366
251
322
214
271
237
306
334
277
240
267
282
258
295
308
251
291
323
234
269
309
230
298
251
245
283
251
277
489
302
289
230
237
283
251
295
248
283
209
605
273
232
239
316
246
265
349
186
342
243
194
298
226
133
260
381
315
230
313
245
208
285
329
267
147
330
313
273
269
256
266
365
227
246
474
251
250
290
265
246
303
324
331
241
227
277
286
253
548
574
295
698
286
264
311
314
300
259
253
264
330
306
249
267
299
510
299
276
284
275
298
289
301
914
343
254
266
246
340
282
324
376
265
265
239
309
505
223
231
310
179
258
228
223
242
293
524
253
301
339
251
287
280
287
268
286
239
328
237
480
191
201
480
276
295
515
229
277
263
253
132
418
852
243
217
341
267
351
272
325
285
195
289
238
242
275
270
190
256
302
301
264
228
260
274
169
228
221
244
268
281
559
250
231
292
354
276
339
252
294
260
436
218
242
248
281
359
273
248
281
279
368
612
282
235
345
229
273
286
265
349
564
275
289
282
296
260
259
239
233
321
334
293
480
244
240
322
506
343
259
323
277
187
382
255
353
438
236
236
502
320
251
313
309
256
261
240
245
342
265
245
298
330
246
224
234
229
265
361
352
336
367
258
287
327
242
366
262
285
596
278
249
260
198
302
253
332
532
301
307
296
224
236
259
247
266
529
233
322
444
152
422
496
245
245
590
245
466
122
480
311
235
253
296
199
268
229
636
309
295
257
582
266
543
263
330
429
195
307
220
214
286
240
244
263
535
341
221
258
217
480
306
261
255
236
254
242
281
495
283
284
304
270
639
244
285
194
263
281
300
236
311
315
247
307
432
287
246
366
243
287
198
414
240
325
276
349
537
290
255
429
325
285
240
293
247
275
309
271
241
319
298
325
336
259
260
237
575
470
294
289
251
480
258
245
215
179
425
343
258
568
267
480
281
221
480
286
543
461
229
258
470
306
241
273
558
235
286
343
299
288
237
309
227
190
239
250
242
334
342
480
164
280
196
317
291
251
292
215
278
240
175
224
284
269
253
250
498
211
326
294
274
220
279
445
288
225
540
283
230
238
225
240
564
154
237
389
333
250
379
309
246
249
235
212
240
275
234
432
701
291
263
256
284
233
288
212
355
1044
259
222
284
261
233
344
221
230
489
317
294
244
176
210
632
453
244
274
230
380
227
319
153
339
240
257
533
297
163
338
277
311
246
249
245
316
243
279
178
239
224
480
272
199
281
228
265
251
386
239
592
249
241
480
607
271
249
211
252
247
266
269
200
275
674
289
205
203
213
317
167
220
159
442
226
235
550
274
231
496
348
367
193
248
494
249
228
232
416
232
279
164
574
316
260
312
308
277
506
283
271
190
537
326
239
247
279
294
517
251
204
289
301
277
301
220
614
238
238
196
168
234
248
296
207
210
234
222
242
253
274
291
259
376
448
289
769
236
277
226
182
461
197
249
267
257
277
266
443
303
240
256
358
281
221
255
244
299
212
223
201
473
303
227
217
181
248
240
274
535
420
351
309
240
248
262
309
237
276
251
214
605
178
268
274
312
218
484
379
239
231
276
270
267
190
304
317
255
221
220
190
374
267
278
194
480
313
230
311
264
286
211
309
162
235
235
1502
227
314
342
298
252
316
239
251
199
240
274
275
304
206
256
236
480
480
238
184
454
480
271
289
246
318
306
309
310
244
208
333
233
385
539
252
236
250
302
242
244
349
275
228
294
277
272
245
573
389
365
212
268
302
325
284
220
241
294
366
251
316
309
359
246
268
202
172
237
260
250
248
241
227
220
222
511
262
202
493
228
285
198
246
213
246
288
317
292
264
278
382
313
265
351
169
229
290
284
287
260
271
306
393
317
249
212
626
594
269
215
313
664
243
220
223
279
243
252
537
543
242
281
352
225
244
308
261
330
258
284
460
272
198
251
269
256
219
411
225
261
189
548
291
203
210
341
304
282
279
541
336
174
231
153
241
227
256
248
207
150
185
296
308
281
293
224
292
220
423
154
227
360
328
258
230
262
234
233
207
236
669
226
275
536
266
332
230
262
480
201
226
272
240
290
267
427
278
286
258
271
302
314
380
296
222
480
278
297
254
201
321
330
325
252
327
258
200
284
238
198
154
290
325
458
453
244
317
373
277
296
496
225
345
127
280
185
292
227
230
286
438
220
280
480
175
306
276
797
240
160
303
296
250
219
182
303
227
230
212
267
252
251
216
307
263
272
178
248
278
302
258
235
141
271
268
385
222
268
305
209
194
243
317
249
426
370
325
222
244
476
187
299
602
247
201
246
188
213
266
362
292
515
294
280
468
271
300
241
286
480
275
185
204
273
234
239
507
307
271
517
296
180
264
150
281
159
250
228
211
230
124
340
313
496
349
190
256
267
146
238
284
223
213
220
134
499
266
309
271
198
480
268
298
379
480
289
480
452
181
324
279
351
386
215
304
256
298
290
200
173
316
480
307
235
480
277
328
306
272
291
546
220
135
275
497
231
193
302
221
295
351
230
291
238
334
328
232
193
512
335
284
238
261
560
351
268
286
233
365
217
275
240
744
252
597
255
245
304
475
398
323
239
164
372
480
225
296
257
202
480
544
234
216
337
461
281
232
295
198
249
221
211
307
307
235
224
325
248
570
230
220
182
323
296
199
290
262
230
327
510
224
157
345
231
276
236
182
244
302
480
157
300
287
318
285
301
263
257
206
267
297
353
260
235
189
270
273
480
232
242
176
187
175
244
357
422
234
1437
262
197
480
186
308
265
233
428
380
275
579
234
219
310
524
282
231
277
222
359
269
212
237
267
303
248
360
215
282
273
480
499
211
471
255
279
480
236
150
233
213
212
259
330
539
201
459
197
181
189
189
222
407
247
525
215
233
197
207
244
264
211
487
194
320
242
367
508
480
236
578
217
176
206
258
480
334
367
240
259
178
211
233
345
290
538
296
653
304
235
247
386
218
480
1012
242
303
282
261
799
322
218
190
230
221
251
270
238
170
309
317
302
300
177
238
262
230
229
202
365
209
229
195
443
306
250
480
285
263
458
241
245
230
288
243
168
293
181
206
182
480
222
124
867
139
317
154
326
229
299
178
281
265
480
181
194
215
237
288
516
269
306
356
265
242
260
237
204
132
269
292
239
264
252
197
242
225
235
244
252
269
316
229
225
300
256
225
236
245
299
208
239
277
248
482
275
234
485
226
220
318
191
242
308
480
284
150
284
310
218
586
172
529
215
283
328
416
272
214
261
219
339
270
239
388
206
338
303
308
205
248
605
265
204
270
286
322
480
238
257
166
261
230
463
331
255
276
207
494
573
546
263
198
190
221
226
614
480
269
212
328
226
194
480
253
357
253
269
480
134
315
245
229
205
220
550
565
252
265
265
218
286
235
210
409
303
236
223
260
194
268
333
234
205
177
321
254
212
267
276
236
292
208
302
239
147
353
334
325
480
177
270
258
289
258
215
136
218
245
407
250
145
200
255
277
192
215
480
275
214
532
465
232
222
203
238
234
308
480
229
299
208
336
265
231
257
331
271
247
320
480
270
172
271
218
220
122
220
243
306
701
203
126
268
292
224
269
153
291
480
264
420
245
243
311
535
198
298
480
743
561
264
237
549
525
228
301
261
241
209
360
216
176
811
259
257
283
327
263
196
254
137
292
240
306
267
197
353
480
329
480
480
247
260
219
250
266
203
498
277
366
269
362
216
243
153
158
202
228
192
286
408
314
250
384
729
337
217
239
269
275
312
684
270
266
246
296
523
202
309
269
870
258
301
442
228
217
480
225
247
300
263
480
334
170
235
222
148
437
210
339
227
149
314
216
182
201
240
199
480
238
283
198
291
236
126
129
480
233
216
199
214
237
480
325
182
370
207
178
221
222
229
393
230
163
298
218
201
242
195
186
480
480
294
244
264
262
224
249
188
460
159
160
480
223
314
658
306
202
247
130
156
209
231
197
422
274
289
204
251
202
271
186
249
302
246
254
201
332
374
285
273
286
343
525
196
241
235
266
480
203
224
267
480
231
208
404
372
228
311
152
200
480
263
158
243
336
321
242
282
171
346
268
480
203
233
223
209
266
248
205
217
162
253
234
210
240
242
304
282
483
169
315
189
168
298
480
425
166
349
278
146
236
243
201
194
256
120
160
565
220
189
218
480
480
252
278
189
241
305
234
243
311
204
216
467
424
480
130
273
149
205
217
155
480
227
215
260
206
273
240
500
298
179
480
209
277
264
212
309
683
263
176
120
302
146
166
268
207
480
380
178
206
257
294
231
341
239
245
285
210
333
209
179
233
199
244
233
267
196
303
268
318
178
272
280
277
190
203
127
296
236
267
237
257
286
312
711
295
325
273
480
929
196
256
262
171
480
228
251
295
212
207
400
241
484
174
223
212
212
480
143
205
480
232
157
221
278
220
309
480
219
255
211
137
251
212
150
245
310
685
264
259
313
252
447
141
178
140
233
306
123
226
227
480
280
329
256
170
255
480
293
215
211
198
251
224
283
238
480
238
264
196
272
287
239
296
125
600
480
315
327
228
268
279
152
158
315
332
212
376
747
187
373
360
480
531
480
222
217
230
166
274
240
322
278
240
278
272
155
209
164
266
480
249
184
236
164
368
268
486
347
147
256
630
198
175
320
271
273
190
297
284
183
480
405
286
314
480
201
244
262
237
162
342
237
207
480
289
244
594
194
220
223
190
142
285
150
566
480
233
368
1151
230
480
247
258
235
220
292
217
278
216
199
302
238
208
179
195
241
480
294
516
480
212
235
213
196
480
178
299
290
471
228
275
480
176
269
188
213
480
180
174
154
176
200
197
286
321
229
197
236
281
480
348
136
196
314
220
266
196
289
242
192
683
409
301
480
217
248
480
247
278
242
170
289
241
588
250
515
173
249
269
344
209
204
295
227
254
238
162
330
141
215
157
480
248
200
263
156
225
198
490
149
325
189
480
232
268
273
480
238
254
166
301
241
180
242
555
320
233
480
239
228
153
153
247
258
480
231
161
136
140
480
241
263
210
137
295
429
194
131
188
316
247
224
228
240
258
300
480
263
316
480
518
195
317
246
236
247
292
304
245
210
196
306
192
714
304
295
125
194
171
197
480
553
523
549
339
161
260
153
480
276
480
480
218
129
490
200
260
185
236
182
210
233
210
223
215
361
216
167
179
130
202
170
149
312
224
244
237
142
188
539
258
480
226
225
151
423
325
204
198
183
234
310
254
480
260
273
182
480
295
234
528
211
321
279
238
279
228
193
231
262
319
480
231
151
183
276
309
178
337
298
286
139
165
209
246
480
169
132
222
141
274
480
213
211
480
480
305
235
227
136
480
231
204
227
168
296
183
228
240
513
269
253
149
235
239
297
167
240
216
174
207
314
317
229
165
329
480
242
149
141
241
480
136
214
314
270
240
277
388
216
238
278
288
255
227
245
218
222
166
480
265
222
577
529
241
201
242
203
480
283
223
224
212
555
202
518
147
144
133
120
351
142
480
233
267
145
181
212
226
231
210
223
245
231
480
188
480
216
162
120
267
323
216
226
480
238
201
271
232
362
225
179
241
274
340
120
217
173
304
235
240
480
221
157
252
246
480
123
164
480
480
213
136
148
201
480
480
254
565
131
194
442
181
770
480
224
249
541
318
480
256
222
261
256
281
270
480
424
239
480
281
250
480
232
562
480
145
304
157
185
261
480
243
202
241
197
157
233
241
208
503
133
120
242
246
217
287
230
160
232
175
208
666
241
403
304
177
264
337
252
284
303
480
227
173
480
207
193
199
299
245
232
220
254
253
480
369
190
179
239
480
237
128
480
185
494
283
144
251
480
371
305
218
480
340
930
188
195
461
265
534
120
260
480
244
283
480
255
220
480
217
163
318
308
145
328
193
311
480
299
151
136
154
351
359
231
557
273
321
121
480
449
288
243
473
174
264
225
259
218
220
219
214
265
262
216
273
646
390
294
181
278
314
287
480
189
272
286
211
480
276
480
168
192
120
464
258
516
263
1042
755
275
168
201
257
232
271
120
128
279
125
226
234
280
250
187
223
268
245
213
280
235
305
480
234
480
154
231
243
213
195
480
302
480
480
377
480
270
480
287
188
405
230
205
155
480
225
317
214
480
480
133
222
215
480
292
480
179
197
281
480
228
228
218
297
480
163
132
480
255
208
123
235
462
480
197
187
228
288
297
246
215
480
194
480
133
245
308
220
480
139
152
482
480
480
822
480
267
272
200
480
165
187
480
234
177
480
295
235
219
254
273
480
253
570
480
195
251
480
188
516
480
221
209
480
271
328
330
207
480
194
324
255
190
209
237
201
323
265
241
120
132
512
218
218
186
189
270
265
259
309
221
262
123
188
249
170
297
480
194
253
184
234
480
297
254
295
197
203
570
177
1363
277
131
216
132
174
385
480
240
348
238
225
480
203
581
480
144
241
173
274
423
267
229
247
480
158
216
480
690
234
199
480
276
335
157
143
185
480
193
208
441
239
179
207
273
480
480
359
480
259
236
254
214
210
175
230
209
260
480
192
241
189
658
301
660
480
480
274
480
195
252
222
221
165
285
312
323
252
141
272
147
480
260
234
480
480
480
353
143
480
480
146
311
206
340
195
218
480
353
329
480
480
480
195
213
222
480
184
169
480
280
272
480
229
391
122
480
225
206
159
251
238
159
302
251
210
167
231
249
310
202
249
121
184
318
407
136
233
224
205
480
480
144
480
480
293
480
167
480
721
152
245
480
253
162
243
480
159
179
189
241
286
147
225
195
203
153
480
207
230
258
220
210
288
129
231
151
328
218
480
231
270
480
480
149
332
289
238
269
160
276
480
480
224
183
192
241
203
230
264
215
245
235
138
196
195
193
260
223
480
120
167
480
170
206
555
212
170
480
521
480
170
206
249
199
480
198
155
467
480
225
278
445
307
222
292
250
199
480
201
211
149
130
215
233
308
480
582
284
245
249
238
297
122
473
224
234
181
139
480
293
450
338
504
480
480
745
131
284
293
272
240
173
307
254
237
512
544
208
200
205
149
231
286
642
480
235
258
387
480
246
209
480
134
266
233
150
238
480
480
480
144
250
122
480
480
141
221
480
493
288
122
141
136
224
480
261
546
131
265
650
194
123
204
163
261
244
190
167
204
253
149
133
480
137
129
285
217
223
258
388
246
280
246
170
702
480
133
314
216
310
253
138
139
211
156
352
156
356
209
491
208
191
120
480
480
124
465
227
131
355
127
643
480
143
480
480
477
408
184
474
480
130
502
220
327
247
227
460
258
189
160
259
148
238
122
271
219
197
140
154
480
480
181
256
480
280
491
480
225
235
480
359
480
257
176
245
480
234
123
250
228
270
189
866
205
480
219
228
193
167
196
263
237
212
172
196
140
257
320
163
251
120
143
221
256
135
161
225
240
276
203
278
166
253
212
121
164
218
143
210
529
289
236
128
132
480
259
307
284
480
480
358
133
304
336
480
510
249
480
504
480
374
245
201
210
480
226
238
252
225
480
128
282
319
480
320
238
393
480
193
480
211
480
480
126
480
249
280
658
283
188
480
206
230
246
480
480
480
480
144
480
294
446
236
288
480
353
252
156
140
262
480
480
161
480
480
480
239
480
191
225
258
242
480
221
212
267
139
307
480
480
480
495
150
223
303
480
147
480
332
173
484
264
218
276
130
225
265
480
480
220
229
480
480
209
177
205
202
150
480
480
162
480
184
281
186
541
450
480
159
228
206
617
480
480
126
253
282
226
480
253
192
195
161
162
167
178
125
299
190
254
120
245
362
480
222
269
135
184
178
480
717
185
325
310
192
122
521
480
480
480
480
120
347
174
226
190
480
218
480
192
334
480
480
177
314
253
201
222
480
247
582
155
215
152
321
247
255
205
221
480
480
184
249
435
247
133
461
171
247
480
281
480
272
255
224
480
1081
279
209
188
332
145
372
211
120
219
480
127
480
495
480
731
163
182
241
327
197
318
214
176
480
272
174
180
240
227
220
525
480
201
193
255
197
480
122
238
180
229
480
480
259
480
201
480
147
245
171
570
480
480
480
480
193
240
551
157
144
205
216
198
240
224
323
184
255
374
247
570
480
480
126
480
480
480
223
183
242
279
480
139
156
214
495
120
527
480
184
416
208
480
137
343
278
266
252
480
346
362
338
252
534
240
243
215
154
480
446
581
480
282
243
143
548
280
198
480
261
234
480
256
234
480
480
435
480
149
190
236
480
579
157
378
278
480
127
480
480
247
127
208
480
480
240
526
480
230
480
244
282
241
123
221
280
121
144
281
199
520
297
253
122
126
274
177
140
480
480
185
212
262
252
225
525
489
257
349
156
480
224
480
480
480
126
480
307
201
315
480
480
480
220
129
239
213
480
165
208
204
347
125
255
219
293
242
623
480
210
480
249
265
221
480
344
480
193
337
211
187
282
643
480
480
227
202
140
140
480
480
480
480
288
218
215
172
237
480
138
480
376
480
222
180
281
191
1256
224
480
204
480
219
292
246
478
425
192
176
145
480
480
251
220
480
457
480
276
321
480
723
201
262
775
132
142
245
480
157
480
278
176
253
178
480
524
203
480
220
480
131
480
480
207
190
437
143
329
257
158
205
199
213
120
125
275
433
307
321
480
228
480
225
480
186
550
147
156
494
480
121
480
283
480
563
197
480
480
262
211
480
480
202
480
179
210
417
480
237
220
480
168
480
185
211
480
121
480
298
480
183
480
480
246
139
254
480
179
223
255
122
480
137
151
628
511
339
480
232
153
480
480
278
165
168
722
424
120
236
196
143
141
308
125
480
189
480
124
193
310
441
182
189
480
161
313
480
182
222
480
480
480
325
252
259
129
175
129
283
241
480
208
162
205
480
121
163
480
129
204
237
232
125
480
253
271
206
480
480
288
280
553
230
428
218
480
134
480
480
480
142
237
227
480
480
339
480
480
480
145
273
219
198
480
137
190
149
480
236
263
480
214
480
480
203
480
480
211
180
203
480
480
366
632
243
345
480
480
480
209
134
1437
217
480
271
480
173
480
140
480
377
345
214
480
480
366
153
485
228
480
209
304
243
480
168
185
480
480
247
480
480
517
128
290
172
480
148
480
203
480
200
196
480
477
261
643
150
131
261
480
480
240
202
268
480
204
480
173
230
235
480
480
169
159
237
249
480
451
205
480
480
480
161
480
152
480
136
151
183
121
120
202
480
163
480
177
211
480
480
200
280
282
195
249
476
141
236
241
259
247
139
200
480
404
480
480
250
180
222
480
243
172
121
184
356
187
480
480
213
186
198
142
180
210
169
215
124
481
222
480
480
480
480
480
480
392
155
480
504
173
264
480
122
209
480
496
267
290
224
480
216
208
432
480
220
202
480
480
480
480
180
174
143
286
239
480
480
137
480
220
480
480
168
193
177
188
133
140
295
224
480
480
480
246
480
219
258
628
216
229
480
649
480
480
207
140
120
480
480
190
480
244
480
341
237
648
227
420
210
129
120
141
480
245
219
185
480
179
137
480
480
183
181
480
480
480
168
231
480
702
244
480
2527
337
240
480
120
130
168
370
174
155
214
208
162
480
172
480
480
217
480
238
866
480
480
220
343
165
480
480
480
120
195
192
490
480
480
294
122
200
468
435
480
480
275
484
218
137
202
509
163
223
382
480
189
219
480
480
480
219
122
480
193
202
127
240
200
229
480
228
480
516
229
160
201
141
170
168
498
265
480
224
265
480
480
196
480
333
187
150
511
480
245
262
480
480
480
150
247
480
311
480
178
436
480
504
480
304
480
311
175
250
480
244
480
480
200
667
480
397
480
185
157
171
480
134
132
480
254
480
480
296
131
170
480
480
252
480
216
171
230
267
480
480
215
205
480
480
480
122
480
244
133
155
480
194
189
130
244
255
480
421
480
480
480
130
324
142
198
155
480
480
145
124
188
287
275
480
147
480
166
206
197
125
480
255
245
650
159
169
480
189
480
480
480
480
201
480
250
480
480
289
148
480
480
480
557
121
223
212
231
194
241
196
480
480
480
263
480
480
480
268
288
480
264
281
480
265
256
203
480
480
178
480
480
480
159
480
480
179
192
294
480
200
256
399
169
480
238
165
480
480
341
269
200
225
480
480
480
480
126
213
480
480
480
128
342
140
480
296
162
300
210
154
480
135
480
541
480
209
242
294
480
138
480
194
480
522
408
164
480
212
480
178
480
480
254
480
480
480
480
515
247
254
625
166
480
480
523
480
209
480
480
182
285
464
480
480
296
148
137
258
218
480
121
480
251
438
271
203
148
236
480
211
480
266
572
480
252
267
480
480
124
480
480
480
480
604
480
177
480
480
575
200
480
480
157
167
129
480
151
480
389
538
260
161
186
180
120
480
480
480
480
480
480
480
191
142
323
480
480
480
480
252
157
295
480
480
480
480
480
480
287
202
272
138
465
246
480
480
480
145
480
345
567
480
128
204
272
198
354
171
480
290
135
480
701
132
480
183
480
192
162
291
172
556
174
480
148
480
132
480
179
480
555
480
164
151
480
480
137
120
213
186
480
480
123
480
172
246
141
480
302
219
209
480
212
183
480
233
130
452
480
260
480
480
480
480
207
159
231
490
201
165
539
480
480
480
480
541
232
480
270
389
480
300
163
480
183
124
161
231
480
480
480
662
195
276
154
162
302
480
212
294
187
153
314
480
480
224
240
211
480
480
120
480
480
203
480
266
179
480
238
480
143
121
480
208
311
154
480
542
480
213
480
480
480
480
363
292
480
240
292
480
185
480
480
480
294
237
480
480
480
480
195
335
480
277
480
480
158
480
480
235
480
480
480
480
480
223
303
205
258
480
271
139
190
480
480
480
160
480
275
480
480
199
480
181
218
480
322
269
480
130
480
276
500
293
162
158
480
121
576
480
121
281
480
190
353
480
194
480
210
1067
480
288
480
390
742
480
242
480
212
480
153
480
480
480
329
480
237
120
369
480
418
122
480
185
480
157
257
480
192
480
480
480
226
480
125
480
329
480
480
480
480
129
211
480
480
480
237
192
224
570
480
193
480
480
144
480
120
480
480
450
480
480
156
480
176
480
120
480
218
191
480
480
197
438
275
328
296
445
480
480
480
480
146
345
480
480
480
480
126
480
299
491
480
480
163
480
136
480
480
480
202
120
480
121
480
480
480
480
209
234
480
163
171
480
480
246
502
480
480
186
225
480
192
174
480
124
480
480
480
195
205
480
439
480
480
480
387
480
207
218
480
480
480
120
147
480
480
125
480
269
480
480
329
383
480
272
168
228
480
157
480
480
244
480
247
216
214
480
480
289
135
480
202
480
480
175
480
175
228
480
480
390
211
147
186
234
480
480
203
480
480
121
188
176
306
225
480
215
136
480
182
131
480
201
480
279
480
195
480
480
197
480
263
480
480
480
480
226
480
151
222
480
132
480
480
137
480
292
252
185
480
134
365
480
240
480
480
235
168
480
480
480
154
248
483
480
480
359
532
167
209
480
480
480
480
274
217
480
152
435
173
480
480
142
262
480
212
214
480
140
123
124
480
480
211
480
750
120
662
484
480
480
121
480
480
480
195
122
480
196
480
480
480
480
480
212
480
480
480
480
232
480
175
226
480
231
202
480
151
409
480
227
122
480
480
240
480
480
480
480
120
228
480
480
480
208
193
555
172
480
480
545
128
480
480
480
480
480
480
312
326
480
506
173
222
480
480
271
277
480
127
480
480
313
480
288
480
179
172
480
480
233
480
480
224
480
480
235
120
480
480
480
480
220
480
225
200
480
480
480
480
480
321
253
199
480
151
254
480
480
480
136
480
1042
480
601
480
211
480
480
480
168
216
160
194
464
274
227
387
480
480
240
146
540
480
480
216
480
151
515
480
480
480
480
209
480
324
158
480
480
480
480
480
480
121
247
216
176
480
480
480
242
185
495
143
240
480
480
480
526
480
480
480
480
480
480
239
480
480
480
480
480
141
480
480
480
480
170
480
240
212
170
144
480
168
480
480
457
198
480
480
480
233
182
167
198
212
480
480
156
238
123
480
480
480
480
480
234
740
480
403
480
480
144
480
480
480
480
480
480
258
480
162
480
480
143
210
480
159
138
194
782
480
480
222
480
480
480
480
352
480
266
480
480
480
480
480
207
196
480
210
159
480
480
281
480
480
181
125
376
480
480
480
480
124
247
228
480
480
480
480
139
214
241
480
480
480
223
480
176
132
238
480
480
120
480
480
125
211
480
480
149
480
126
480
224
480
480
480
164
188
197
480
480
480
480
480
480
480
207
266
480
268
215
480
480
480
137
338
166
480
480
619
480
243
361
480
480
195
480
206
120
179
480
225
190
270
387
480
480
480
209
255
209
480
512
254
187
209
206
480
480
480
480
213
221
480
480
480
480
480
480
480
480
480
516
480
143
139
480
480
243
480
226
480
480
148
480
480
225
269
120
480
134
480
120
210
480
180
129
480
212
480
480
169
480
480
480
480
528
262
220
480
220
235
164
480
480
160
480
480
480
480
122
480
690
504
480
480
480
480
480
480
480
480
123
152
247
480
480
1333
480
480
173
480
480
480
209
480
480
199
480
480
480
320
480
480
151
640
123
480
236
480
238
328
227
480
148
154
480
480
143
480
523
480
156
480
480
480
480
253
231
245
480
522
480
188
140
480
123
480
480
242
480
254
156
480
480
204
292
214
480
480
458
480
120
176
186
242
480
232
480
480
236
131
480
480
480
480
480
216
480
480
480
131
480
194
240
480
480
480
480
249
126
480
480
335
480
480
125
480
480
296
480
120
177
480
480
218
144
480
160
480
371
480
480
480
480
480
480
480
480
138
247
480
275
480
480
480
196
480
480
187
480
489
480
199
480
480
169
480
253
480
188
480
480
121
174
480
480
480
168
480
480
468
252
480
489
480
480
146
480
120
165
414
389
179
480
480
480
130
480
480
480
480
480
132
134
480
480
480
480
480
196
480
480
397
121
166
480
280
480
480
480
480
480
240
213
480
480
136
575
166
480
480
480
480
480
480
480
480
261
295
480
480
162
189
480
193
480
480
480
480
182
257
480
480
480
480
480
480
480
480
480
480
480
186
480
149
480
480
208
480
480
480
480
480
480
326
225
480
480
279
227
480
153
480
500
480
155
330
480
496
153
480
480
251
128
480
480
229
480
480
120
480
212
480
195
480
480
480
480
161
142
480
735
480
480
480
480
123
480
228
258
480
193
480
480
218
480
480
480
267
294
480
186
237
230
156
263
196
480
328
147
480
480
541
480
480
480
315
480
480
480
480
480
183
124
480
480
127
480
480
480
480
161
480
232
480
195
126
225
480
297
480
124
480
480
480
131
155
149
480
480
480
480
480
348
480
438
480
480
159
480
128
480
480
480
480
291
480
480
480
480
159
218
480
480
222
179
480
122
204
480
186
480
212
480
480
480
480
133
480
131
184
480
480
480
480
480
480
480
480
480
480
480
186
480
480
480
232
480
480
167
182
480
126
480
120
480
480
480
553
283
480
480
308
480
162
480
309
253
262
480
480
480
121
480
480
480
294
229
230
480
480
480
480
480
285
480
480
480
124
480
285
154
480
480
480
480
480
258
480
190
480
480
480
158
480
480
480
232
480
480
129
237
217
480
480
480
480
480
480
480
480
480
474
480
480
480
237
228
480
241
480
480
480
480
120
337
480
480
153
215
360
202
480
480
480
480
270
480
480
171
480
480
120
196
224
480
480
516
480
480
480
298
480
169
480
480
480
480
480
480
196
480
171
480
480
213
232
480
480
143
480
480
480
480
543
480
162
226
480
480
121
396
205
480
480
260
480
204
480
480
480
480
182
182
480
480
480
480
480
197
131
480
480
397
210
519
480
726
480
480
480
480
120
127
480
233
144
182
286
480
480
480
480
480
480
275
480
190
480
171
322
240
480
228
145
480
170
480
480
480
480
480
480
480
480
480
260
480
159
254
480
480
480
480
480
928
480
480
480
480
356
480
480
480
480
480
480
480
480
179
514
480
480
186
480
312
480
480
480
135
480
180
162
191
480
202
183
613
480
480
241
480
235
480
480
290
480
480
358
289
480
480
480
480
254
167
120
480
480
480
146
480
128
480
480
480
480
480
286
480
487
480
182
480
480
290
328
480
480
480
156
480
324
480
480
172
480
480
480
480
480
480
210
480
480
480
480
480
480
480
480
480
491
290
164
348
480
480
231
480
480
147
235
198
262
480
480
200
480
482
480
480
480
480
480
226
744
480
480
161
480
480
165
480
480
480
156
480
480
480
480
480
480
222
480
480
164
480
480
480
480
480
480
480
480
480
480
233
172
228
482
235
480
480
480
480
480
480
120
123
152
480
480
480
480
480
480
480
120
138
219
480
224
480
202
480
480
480
480
480
480
480
480
480
480
480
120
480
480
480
1502
144
480
480
492
480
480
225
129
480
159
207
480
480
195
480
281
480
480
120
480
480
480
480
146
480
144
242
480
480
480
136
480
480
153
480
480
480
230
477
480
227
480
480
480
263
480
480
480
480
480
480
480
480
480
480
480
523
480
480
480
122
480
480
480
480
480
180
480
166
480
151
132
480
627
214
193
264
480
480
480
480
480
480
480
480
480
480
480
480
557
480
166
480
480
223
480
480
480
233
192
480
480
295
480
480
210
480
480
480
480
330
188
480
480
480
480
480
480
433
122
480
179
480
480
480
480
197
480
480
224
480
480
480
480
480
480
480
480
480
162
149
204
125
480
480
480
238
139
168
299
131
480
476
263
480
480
480
206
480
480
480
480
480
480
480
480
480
480
480
298
434
480
480
480
480
480
480
480
480
141
480
241
156
480
182
480
480
480
480
269
480
140
480
480
480
182
221
480
480
480
480
480
480
126
480
480
480
245
480
480
480
168
480
480
480
582
239
480
480
255
223
270
666
142
480
480
480
480
480
480
480
480
133
480
120
480
756
480
480
152
200
480
244
480
480
480
176
480
480
480
480
416
480
480
480
480
120
192
480
445
160
267
258
480
238
126
189
480
233
193
480
480
480
480
480
480
480
480
480
480
275
388
480
480
191
151
480
480
480
291
480
175
331
150
480
479
480
219
480
480
252
171
480
251
480
480
480
480
480
343
480
480
480
480
480
158
480
480
218
480
480
243
480
480
154
134
480
480
480
480
480
480
236
480
480
480
480
480
236
480
480
480
480
480
480
480
480
169
211
140
480
480
480
242
161
480
480
480
480
331
480
480
229
480
210
480
480
480
480
480
371
480
480
246
480
283
480
480
158
480
480
480
480
480
480
170
480
480
480
480
480
480
480
480
480
310
167
188
480
480
480
480
148
480
480
480
480
480
238
480
480
480
480
386
480
480
480
256
480
250
480
480
480
480
480
189
638
480
480
480
480
480
226
480
480
208
480
480
480
247
171
480
480
277
480
480
480
480
480
480
480
480
122
480
128
276
480
248
480
480
225
480
480
480
244
480
480
239
286
480
480
150
480
480
480
480
480
480
503
480
480
480
480
133
480
480
480
456
480
480
480
480
480
480
204
480
480
507
480
480
253
480
480
267
480
480
480
743
480
480
189
480
480
480
170
316
480
480
242
530
480
480
480
480
480
480
252
306
480
480
131
480
480
480
480
480
480
212
480
480
480
251
242
480
480
480
480
480
480
480
162
480
480
480
480
227
480
480
480
480
480
470
480
480
127
480
173
480
480
480
480
480
281
189
238
196
302
480
480
478
159
480
480
480
120
519
480
480
480
480
480
480
212
480
177
480
480
480
480
480
480
480
209
480
480
480
480
480
131
199
480
480
480
480
480
233
480
480
480
480
480
182
226
480
146
480
480
480
207
480
480
246
480
480
480
480
480
480
480
480
480
168
480
480
480
170
273
480
480
480
480
480
341
480
426
120
480
480
480
480
428
480
480
167
164
480
480
480
480
480
480
480
362
480
242
121
246
134
480
480
480
152
480
480
480
480
186
480
480
480
480
480
480
480
480
480
480
252
184
151
480
153
180
480
480
480
480
480
480
480
480
480
480
480
480
480
480
480
480
480
206
480
480
480
480
123
480
480
174
136
480
480
480
480
480
480
480
629
480
480
480
480
480
480
480
480
480
480
480
211
480
480
228
480
480
480
480
258
491
480
480
480
480
174
480
480
480
480
480
480
480
480
145
480
480
480
505
480
480
480
480
480
480
480
130
480
604
480
480
310
253
164
266
158
480
480
480
480
193
480
480
480
480
203
480
480
165
163
480
480
480
480
480
167
480
480
480
480
480
480
480
480
120
267
480
480
480
480
480
480
480
480
480
131
480
480
410
480
480
480
212
480
139
480
480
480
128
480
480
480
480
143
316
146
480
130
480
480
480
480
128
480
480
238
480
480
480
480
480
480
480
480
480
480
216
480
189
217
480
480
214
480
310
480
120
192
480
251
269
480
179
235
480
480
480
480
480
480
480
480
480
257
480
480
480
200
480
480
578
480
480
480
480
220
128
480
157
392
480
288
480
285
480
480
480
480
480
480
480
480
480
394
480
480
480
696
189
480
258
262
480
480
480
480
480
480
480
480
480
480
400
480
480
244
155
480
480
480
480
480
480
480
480
453
480
480
287
239
480
480
142
480
480
480
358
480
233
268
480
480
206
480
480
176
480
480
480
480
480
480
480
480
480
480
480
480
480
480
480
480
165
480
480
480
261
480
480
480
480
208
480
480
480
480
236
480
267
480
480
480
480
480
480
480
160
214
480
480
480
156
480
480
480
480
130
480
480
480
480
480
192
197
480
617
480
480
480
480
480
480
480
480
480
480
175
480
480
480
480
320
120
231
480
480
480
480
480
480
480
241
480
480
480
480
480
480
480
480
480
480
480
480
480
480
480
480
480
480
480
480
480
480
480
480
480
480
480
480
480
480
480
480
480
480
480
173
480
445
480
480
196
222
480
480
480
480
362
480
123
480
139
480
480
480
480
487
480
480
480
480
480
499
301
480
480
480
480
480
303
480
145
297
480
480
480
495
480
480
480
480
480
480
480
480
480
480
480
480
222
145
201
480
480
179
480
480
480
172
480
480
480
480
480
480
480
480
480
122
480
480
206
480
480
208
480
123
480
273
480
480
480
480
480
480
159
314
480
480
122
480
239
480
480
141
480
480
330
480
154
480
480
480
480
480
480
143
480
135
480
541
228
698
330
228
602
480
480
480
480
480
480
480
480
480
480
191
161
480
191
480
480
480
480
480
228
480
480
480
480
480
480
480
480
480
480
136
470
480
480
480
480
325
480
220
480
480
480
269
480
261
480
480
480
480
157
120
480
480
480
480
480
377
480
480
480
230
480
480
480
513
480
312
236
480
245
480
480
401
480
199
480
480
480
480
442
480
130
122
480
480
480
480
480
480
480
480
178
480
480
480
198
480
480
480
480
240
480
480
480
480
480
480
480
480
480
480
480
480
203
480
137
480
480
480
480
224
480
480
168
480
480
480
480
480
480
211
576
166
480
480
480
480
480
205
480
188
480
480
480
480
480
480
480
480
480
480
480
410
358
480
480
166
480
480
480
480
480
480
480
480
480
480
480
124
226
480
480
480
480
480
243
480
480
480
480
159
264
188
480
480
480
480
219
480
480
135
480
480
480
226
480
207
480
480
480
424
124
334
154
480
480
480
480
480
480
480
183
480
480
480
480
480
480
281
175
563
480
480
480
480
480
124
481
480
480
198
480
480
137
480
480
480
480
480
220
480
480
480
480
480
200
190
480
480
182
480
480
480
480
480
480
480
480
214
480
480
480
480
480
480
480
480
480
480
201
480
532
480
480
480
480
480
223
480
480
480
480
480
480
222
480
523
480
480
480
480
480
480
150
161
480
480
480
480
480
480
480
480
480
480
480
480
156
480
480
480
315
480
166
480
480
480
480
480
480
480
480
421
480
162
480
480
179
480
259
480
480
480
287
480
218
200
480
120
480
480
234
480
480
480
480
480
480
480
480
480
480
480
480
480
480
589
480
480
480
480
130
480
480
480
428
206
480
480
480
480
480
480
480
444
480
480
178
480
480
480
480
480
480
480
272
480
480
480
480
217
480
480
480
480
480
480
480
480
480
480
480
480
480
480
480
480
148
480
480
480
348
480
420
480
480
480
321
480
443
480
480
480
480
537
480
260
480
250
480
480
204
511
480
480
261
245
325
480
177
480
480
480
480
480
480
480
480
480
480
480
188
480
480
480
480
480
480
480
480
480
120
480
480
767
480
480
123
480
480
480
480
480
480
480
480
480
480
480
438
480
480
480
532
480
480
480
480
480
480
480
480
480
172
149
480
480
480
480
480
480
480
480
480
172
480
480
480
480
480
480
480
480
480
480
159
480
121
480
480
480
135
480
480
480
480
769
480
480
480
172
426
480
480
480
480
480
480
480
400
480
369
480
480
480
260
480
480
442
480
480
480
480
480
205
480
480
480
480
480
480
480
480
480
480
480
480
480
480
480
156
480
480
480
320
480
480
480
254
480
480
480
480
480
480
480
480
480
480
480
480
480
480
232
480
338
480
480
319
261
469
480
480
480
480
480
200
480
480
480
480
480
480
480
480
480
480
480
480
257
480
480
131
218
480
480
480
480
480
480
480
132
175
480
480
480
247
480
480
480
480
480
480
174
173
480
139
480
480
480
172
480
480
144
480
127
480
480
480
148
480
452
480
274
480
480
480
480
480
480
480
480
135
480
480
480
480
480
480
480
480
480
245
480
480
168
480
425
480
480
480
480
480
480
480
480
219
480
480
480
228
480
196
152
255
480
256
480
480
480
155
480
480
154
158
480
480
225
480
480
480
480
480
215
480
480
480
480
480
219
167
247
252
480
246
480
174
480
158
174
480
480
480
480
244
480
480
480
480
480
480
480
480
198
480
480
480
131
269
480
480
480
480
233
480
480
480
480
480
480
208
480
200
480
480
480
480
255
480
480
480
480
140
480
480
480
480
301
480
480
480
480
480
480
480
480
480
480
291
480
480
227
480
480
518
480
480
480
480
480
262
480
480
480
480
480
453
480
480
480
480
480
339
480
480
480
179
480
480
480
150
480
480
480
431
480
480
480
480
480
190
480
480
480
480
480
480
480
480
480
124
480
480
480
480
238
480
480
480
480
480
480
480
480
480
480
480
480
480
480
480
480
480
188
480
480
480
480
480
480
480
480
480
480
480
480
480
213
480
480
480
480
480
480
480
480
480
260
480
480
480
480
480
480
480
480
480
480
271
480
213
279
480
480
480
480
480
333
480
480
480
163
480
480
480
480
480
480
480
480
480
414
285
480
480
480
480
480
207
480
480
480
480
480
480
480
480
372
221
480
244
443
480
129
480
480
225
480
480
480
480
480
480
480
480
480
480
480
480
480
480
480
480
480
191
278
480
480
480
480
480
214
480
480
478
178
480
480
480
480
480
239
480
480
480
480
480
489
480
480
480
480
480
480
480
480
480
480
480
221
480
257
480
480
480
480
480
480
480
536
480
480
480
480
480
251
480
192
480
480
480
237
480
480
223
480
332
480
480
480
480
480
480
480
480
286
480
185
480
480
480
480
250
480
480
480
238
480
480
480
480
480
480
480
480
480
480
480
480
480
480
480
480
480
519
480
153
480
480
237
480
183
153
480
480
480
480
480
480
218
486
480
480
480
480
480
480
480
480
205
480
480
480
480
480
480
480
480
206
480
230
480
480
480
197
480
236
480
480
222
480
480
480
215
480
480
480
480
480
181
480
232
480
183
480
480
257
236
480
193
480
416
480
480
480
480
480
480
232
189
480
480
480
480
480
480
480
121
480
480
480
480
480
480
480
480
480
480
701
480
480
480
480
480
480
480
480
480
480
151
480
480
480
480
480
480
132
480
480
480
480
480
480
467
124
191
480
480
480
480
480
480
480
480
480
480
122
480
168
480
480
480
179
480
480
480
480
480
211
480
480
480
480
480
480
480
480
480
480
480
480
522
397
480
480
217
480
480
480
480
480
356
480
480
480
480
480
480
480
480
198
480
142
175
480
480
480
480
480
480
480
480
480
480
480
480
480
480
480
480
120
480
480
480
480
480
480
148
126
480
480
480
147
480
214
480
480
179
480
166
480
480
480
480
480
480
480
480
480
480
480
162
480
480
480
480
344
480
480
480
480
480
480
545
199
480
480
480
480
480
480
480
480
480
480
480
480
480
480
480
480
480
480
480
480
480
480
480
480
123
480
480
480
480
480
480
480
208
480
480
480
125
480
480
185
480
480
480
480
480
237
480
700
480
122
480
480
480
480
480
480
480
480
480
480
480
480
480
480
480
480
480
480
480
480
480
480
480
183
480
480
480
480
480
480
480
480
480
480
480
480
448
480
230
169
480
480
480
126
480
480
480
480
480
480
480
480
480
480
480
480
480
480
480
316
480
480
480
480
480
480
480
480
480
517
480
480
480
480
480
480
480
480
480
480
480
480
122
480
480
217
480
480
480
480
480
480
125
250
480
127
480
480
480
480
480
480
480
480
480
480
480
480
233
480
480
480
480
480
480
480
480
480
480
480
706
480
480
480
480
480
480
480
480
123
480
480
480
511
310
480
480
480
247
480
480
480
480
480
316
480
480
480
480
480
480
480
466
480
302
480
480
480
480
143
215
480
480
480
480
480
480
480
480
480
480
480
480
480
470
480
480
480
480
480
480
144
480
480
480
480
480
480
238
480
480
480
357
480
480
480
480
480
205
275
480
480
230
480
480
480
480
480
163
480
480
480
177
480
480
480
181
480
480
480
420
480
480
480
538
480
505
480
480
480
142
480
480
480
480
480
480
480
480
480
480
480
480
480
1188
480
127
480
480
207
480
139
480
480
480
480
480
480
480
480
480
480
480
480
480
480
480
480
480
480
480
480
179
480
480
200
480
480
480
480
480
480
480
480
480
386
480
480
480
276
480
293
480
480
480
189
480
480
480
480
480
154
480
129
480
480
480
480
480
194
480
480
480
480
480
480
480
480
480
218
480
480
171
174
480
480
480
480
480
480
175
480
480
480
480
480
480
480
480
480
480
480
480
480
188
480
480
480
480
480
480
480
480
252
480
236
480
480
480
480
480
480
480
480
215
480
480
480
377
480
480
120
480
480
480
480
305
480
480
480
195
480
480
480
480
480
480
480
480
480
480
480
480
729
480
480
231
480
424
480
480
480
480
480
480
480
480
480
269
480
480
480
480
480
480
480
480
480
480
480
480
480
216
480
480
480
480
480
480
480
480
480
480
480
480
480
480
338
480
480
480
480
480
480
480
480
480
480
125
480
480
480
480
480
480
480
480
480
480
480
480
278
480
480
480
230
480
480
245
480
1075
480
480
480
480
480
480
480
480
480
480
480
480
238
480
480
480
480
480
480
480
480
480
480
158
480
480
480
480
480
480
244
480
480
480
480
235
480
480
480
480
480
480
480
480
183
480
480
480
480
480
480
480
480
242
480
480
480
480
241
480
480
480
480
480
480
480
480
480
480
480
208
480
480
480
480
480
177
480
480
246
137
480
480
480
480
480
480
480
480
480
404
142
480
121
480
480
480
480
480
480
480
480
242
480
480
480
480
480
480
480
130
480
480
480
480
120
480
480
480
480
480
480
480
133
480
480
480
480
124
480
480
480
379
480
480
480
480
480
480
480
480
480
480
256
480
480
480
480
480
480
480
480
480
480
480
480
480
480
480
480
480
480
480
480
480
480
480
480
480
480
480
515
480
480
480
480
480
244
480
480
480
480
480
480
480
148
215
480
480
480
480
480
480
480
480
480
480
480
480
480
480
480
480
480
154
480
206
480
480
480
483
174
480
238
480
480
480
480
478
480
480
480
480
480
480
480
480
218
480
553
480
480
480
480
491
480
480
480
480
480
480
480
480
480
142
480
480
480
480
480
480
480
480
480
480
480
480
480
480
480
274
480
480
480
480
480
480
480
480
480
480
480
480
480
480
142
480
480
480
480
138
480
480
480
480
480
420
480
480
480
480
480
480
190
480
480
480
480
480
480
480
480
480
522
480
480
480
144
480
480
218
480
480
480
480
480
480
227
480
480
480
471
480
480
220
480
480
480
238
480
480
480
480
480
480
480
480
480
480
480
134
480
480
480
537
120
480
480
473
480
173
480
480
480
480
480
153
480
480
480
480
480
480
480
480
480
425
480
480
480
480
480
480
533
480
239
480
480
480
480
480
480
480
480
148
480
480
480
480
480
480
480
480
480
480
137
480
322
480
480
480
480
480
480
211
480
480
480
208
480
480
480
480
480
480
480
179
480
480
480
480
480
480
480
480
480
480
480
480
480
178
480
162
344
480
480
480
480
159
480
480
480
480
480
480
480
480
480
480
480
480
480
480
480
268
480
480
480
480
480
480
480
480
480
480
480
480
480
480
480
480
131
480
480
480
480
480
480
480
480
480
480
480
480
480
480
480
480
480
480
480
156
480
121
480
480
480
480
480
480
480
480
273
480
480
480
480
480
480
480
1437
480
480
480
480
480
480
480
480
480
480
480
480
480
480
480
480
480
480
480
480
480
480
480
120
480
480
480
480
480
480
480
480
140
480
480
480
480
480
480
480
480
480
480
480
480
480
480
480
120
120
480
480
480
480
480
480
480
480
480
480
480
480
480
480
480
480
507
230
480
480
480
480
480
496
480
480
480
480
480
480
480
480
480
480
480
480
480
480
151
480
480
480
480
480
480
480
480
259
480
480
480
480
480
480
480
480
142
480
480
480
480
480
480
480
480
480
480
480
480
480
480
480
480
480
480
480
216
480
480
480
480
480
480
480
229
480
480
480
480
480
480
480
480
480
480
480
480
480
480
480
480
480
480
480
480
480
480
480
480
480
338
480
480
480
480
480
480
480
480
480
480
480
480
480
480
480
480
480
480
480
480
480
480
171
480
480
230
480
480
480
139
480
480
480
480
222
480
480
168
480
480
480
480
480
480
480
480
178
480
480
480
480
480
480
480
480
480
480
240
480
480
480
480
480
480
480
480
480
480
480
480
480
480
480
480
480
480
480
180
480
480
480
480
480
480
480
480
480
480
480
1333
480
480
480
480
480
480
480
480
480
480
480
480
480
293
480
480
480
480
480
480
480
480
480
480
480
480
480
480
480
198
480
480
480
480
480
480
480
480
480
480
480
267
480
480
480
480
480
480
480
480
480
190
480
480
201
480
480
480
126
480
480
480
480
480
480
480
480
480
480
480
199
480
480
480
480
480
480
480
480
480
480
406
480
480
480
480
480
480
480
480
480
480
480
480
480
480
480
480
431
258
480
480
480
480
480
480
480
480
480
480
480
236
480
480
140
480
480
768
480
480
480
480
480
480
480
278
480
480
480
480
480
480
480
480
480
480
480
480
144
480
480
480
480
480
480
480
480
480
480
480
480
480
480
480
480
182
480
480
480
480
480
480
480
480
480
480
480
480
480
480
159
480
480
480
480
508
480
480
124
480
480
480
480
480
480
480
480
480
480
183
126
480
480
480
480
480
480
480
502
480
480
164
480
480
480
480
480
480
480
480
480
480
480
480
480
480
480
480
480
480
480
480
480
480
480
239
480
480
480
480
480
480
480
480
480
480
480
480
480
480
480
480
480
480
480
480
480
480
480
480
480
207
480
480
480
480
480
480
480
480
480
480
480
480
480
480
480
480
480
480
130
480
480
480
480
480
480
480
480
480
480
217
480
480
480
499
480
221
480
480
480
480
480
480
480
480
480
480
480
480
480
480
480
480
480
480
480
480
480
480
480
480
480
480
480
480
480
480
480
480
480
480
480
480
377
480
480
480
480
480
480
480
480
480
480
480
480
480
457
480
480
480
480
480
480
480
221
480
480
480
480
480
480
480
480
480
480
480
193
480
141
480
208
480
480
480
480
480
480
276
480
480
480
480
480
480
480
480
480
480
480
480
480
480
480
480
480
480
480
480
480
480
480
480
147
480
480
480
480
120
480
480
480
480
169
480
480
480
480
239
480
215
480
480
480
480
480
480
480
480
480
480
480
480
480
480
480
480
480
480
480
480
480
480
480
480
480
480
480
480
480
480
480
480
480
356
480
480
480
480
139
480
480
480
480
480
480
213
480
205
480
480
480
480
480
480
480
480
480
480
480
366
480
480
480
480
480
480
480
480
480
480
480
480
480
480
480
315
480
480
865
480
480
123
480
480
480
165
480
480
480
279
218
480
480
480
480
480
480
480
480
480
480
480
480
480
480
480
480
480
480
480
480
480
480
222
480
480
480
480
480
480
480
480
480
480
480
480
480
480
544
209
480
480
480
480
480
480
480
480
480
270
480
480
480
480
480
480
480
480
480
480
480
480
480
480
480
480
480
480
480
480
480
590
133
480
480
480
480
480
480
480
480
480
480
480
480
480
480
480
480
480
480
480
480
480
480
480
480
480
480
480
480
480
480
480
480
480
480
480
480
480
480
480
480
480
258
480
480
480
480
480
480
480
480
480
480
480
480
480
480
480
480
480
123
480
480
480
480
480
480
480
480
480
480
480
480
480
480
480
480
480
560
480
480
480
480
480
480
480
480
480
480
480
480
480
480
480
480
480
480
480
480
480
480
195
480
480
449
480
480
480
480
480
480
480
480
348
480
480
265
480
480
480
275
480
480
184
480
480
184
480
480
480
480
480
480
480
480
480
480
480
480
304
480
480
480
480
480
480
480
480
480
480
480
480
480
480
480
480
480
480
480
480
480
480
480
480
480
480
480
480
480
149
480
480
480
480
480
480
480
480
480
480
480
480
242
125
204
480
480
480
480
480
480
480
480
480
480
480
480
480
480
480
480
480
480
480
480
480
480
510
480
480
480
480
480
480
480
226
480
135
480
480
244
480
457
480
480
193
480
480
480
480
480
480
480
480
274
480
480
480
480
140
480
480
480
480
480
480
480
480
480
480
480
480
480
480
480
480
480
480
480
480
218
480
480
480
480
480
480
480
480
480
480
480
480
480
480
480
480
480
480
480
480
480
480
480
480
480
480
480
480
480
123
480
480
480
480
480
480
480
480
480
480
480
480
480
480
480
480
480
480
480
595
480
480
480
480
480
480
480
480
480
480
480
480
158
480
480
480
199
480
480
480
480
480
480
480
480
480
480
480
480
480
480
480
480
480
480
197
480
480
480
480
480
480
480
480
480
480
480
126
480
480
480
480
480
480
480
480
480
234
480
480
480
480
480
480
480
197
480
480
480
480
480
480
480
480
480
480
480
480
480
480
480
480
480
480
480
480
480
480
480
480
480
480
480
480
480
480
480
480
480
480
480
480
480
480
480
480
480
480
480
480
480
480
480
480
480
480
480
480
480
480
480
480
480
480
480
480
239
480
480
480
480
480
480
419
480
480
123
480
480
184
215
480
480
184
480
480
145
480
219
480
480
480
480
480
480
480
480
495
480
480
480
480
480
480
480
480
480
480
480
480
480
480
480
480
480
480
480
480
529
480
480
480
480
480
480
480
480
480
480
437
480
480
480
203
480
480
480
480
480
480
480
480
480
480
480
480
480
480
480
480
480
480
480
480
480
480
480
480
480
480
480
480
480
444
480
480
480
556
266
480
480
480
480
480
480
174
480
480
480
480
480
480
480
480
480
480
480
480
480
480
480
480
480
480
480
480
480
480
480
480
480
480
480
480
459
480
480
480
480
480
480
120
480
190
480
225
480
480
480
168
480
480
480
480
480
480
195
480
480
480
480
480
480
480
480
480
480
480
480
122
480
480
480
480
485
480
480
480
480
480
480
480
480
480
480
480
480
480
480
480
480
480
480
480
480
303
480
480
480
480
480
480
480
480
480
480
480
480
480
480
480
480
480
480
480
480
480
480
480
480
480
480
480
480
480
480
480
480
480
480
480
480
480
480
480
480
480
480
480
480
480
480
480
480
480
480
480
480
192
480
480
480
480
480
480
480
480
480
129
480
480
480
480
480
480
480
271
480
148
480
480
480
480
480
480
480
462
480
480
480
480
480
150
480
480
480
480
480
480
480
480
480
480
480
480
154
480
480
480
480
480
480
480
480
480
480
480
480
132
480
480
178
244
480
480
480
480
480
480
641
480
480
480
480
480
480
223
235
480
193
480
480
480
480
480
480
480
480
480
480
358
480
480
480
480
480
480
480
480
480
480
480
480
480
480
480
480
480
480
480
480
480
480
480
480
480
501
480
480
480
261
480
480
480
480
480
480
480
480
480
480
480
480
480
480
480
480
480
480
480
480
480
480
480
480
480
319
480
144
480
480
480
480
229
480
480
480
480
480
480
480
480
480
480
480
480
480
480
480
480
480
480
480
480
480
175
480
123
480
480
480
480
480
480
480
480
480
480
480
480
480
480
480
152
480
480
480
480
480
480
480
480
480
480
480
299
480
480
480
480
244
480
480
480
480
480
480
480
480
480
480
340
480
480
480
480
480
480
480
480
480
480
480
480
480
480
480
480
480
480
480
480
480
480
480
480
480
480
480
480
480
480
480
480
480
480
480
480
480
196
480
480
480
480
480
480
480
480
480
480
480
480
480
480
480
480
165
480
480
480
480
480
245
331
480
480
480
480
480
480
480
480
289
480
480
480
480
480
480
480
480
480
480
480
480
480
556
480
480
480
480
480
503
480
480
480
480
480
480
480
480
480
480
480
480
480
480
480
480
480
480
480
480
480
480
480
480
480
480
480
480
480
480
480
480
480
480
480
480
480
480
480
480
480
480
480
360
480
480
480
480
480
480
480
480
480
480
480
480
480
480
480
480
480
480
480
480
480
480
716
480
480
480
480
480
480
659
480
453
480
480
480
480
480
480
183
480
283
480
480
480
480
480
480
232
480
480
480
480
480
200
480
480
480
480
480
480
151
480
480
480
480
480
480
480
480
480
450
480
480
480
480
480
480
480
219
480
480
480
480
480
480
480
126
480
480
480
480
182
480
480
480
480
123
480
480
480
480
480
480
480
480
247
480
480
480
480
480
480
480
480
480
480
480
480
480
480
480
480
480
480
480
480
480
480
480
480
480
480
480
480
480
480
480
480
480
480
480
480
480
480
480
480
480
480
480
221
480
480
480
480
480
480
480
480
218
480
480
480
480
480
480
480
480
480
480
480
480
480
480
480
480
570
480
480
480
480
480
480
480
480
480
480
480
480
459
480
480
480
480
480
480
480
480
480
480
480
480
121
480
480
480
480
237
480
423
480
480
480
480
480
480
480
480
480
480
480
480
480
480
480
480
480
480
480
480
480
480
536
480
480
480
480
480
480
480
480
480
480
480
480
480
480
480
480
169
480
480
480
480
480
480
480
136
255
229
480
480
480
480
480
480
480
480
480
480
480
480
480
480
480
480
480
480
480
480
480
480
480
480
480
480
480
480
480
480
251
480
480
480
480
480
480
480
480
480
480
480
480
480
560
480
480
480
480
480
480
480
480
480
480
480
228
480
480
480
480
480
480
480
480
480
480
548
480
480
480
480
480
480
480
480
480
480
480
480
480
480
480
480
480
480
480
480
480
480
480
480
480
480
480
480
480
480
480
480
132
480
126
480
480
480
480
480
480
480
480
480
480
480
480
480
480
480
480
480
480
480
480
480
480
509
480
480
480
193
480
480
480
480
480
480
480
480
480
480
480
480
480
480
480
449
628
480
480
480
480
480
480
480
480
480
480
480
480
480
480
480
480
480
480
480
480
480
120
480
480
480
480
480
517
480
480
480
480
480
480
480
480
480
480
480
480
480
480
480
480
480
480
480
480
480
480
480
480
480
124
480
480
480
480
480
203
480
480
480
480
480
480
480
480
480
480
184
480
480
480
480
480
480
480
480
480
480
480
129
480
480
480
480
480
480
480
480
174
480
480
480
480
480
480
480
480
480
480
480
480
480
480
480
480
480
480
480
480
480
480
480
480
480
480
480
480
480
480
480
480
480
480
480
480
480
480
480
480
480
480
480
480
480
480
480
480
480
142
480
480
480
480
294
480
480
480
125
480
480
480
480
528
480
480
480
480
480
480
480
147
480
480
480
480
121
480
480
480
480
286
480
480
480
480
480
480
427
480
480
480
479
480
480
480
480
480
480
480
480
480
480
480
480
480
192
480
480
480
480
480
480
480
480
480
480
480
480
480
480
480
480
480
480
480
480
480
480
480
480
480
480
480
480
480
480
480
480
480
480
480
480
480
480
480
480
480
145
480
480
480
480
480
539
480
480
480
480
480
480
153
480
480
187
480
480
480
480
480
480
480
246
480
480
480
480
480
480
480
480
480
480
480
480
382
480
480
480
480
480
142
480
480
480
480
480
480
480
480
480
480
480
480
480
125
480
480
480
480
480
480
480
318
480
480
480
480
480
480
480
480
480
480
480
480
480
480
480
480
480
480
480
480
459
480
480
480
480
514
480
480
480
480
480
494
480
480
480
126
480
480
480
480
480
480
480
480
480
480
480
480
480
480
480
480
480
480
480
480
480
135
480
480
480
480
480
480
480
480
480
480
480
480
480
480
480
480
480
480
480
480
480
480
480
480
480
480
480
480
480
480
120
480
480
480
148
480
480
480
480
480
480
480
480
480
480
480
227
480
480
480
480
217
480
480
480
480
480
480
480
480
480
480
480
480
480
480
480
480
480
480
480
480
480
480
480
480
480
480
480
233
480
480
480
480
480
480
480
480
480
480
480
480
228
480
480
480
480
480
480
480
480
480
480
480
480
480
480
480
480
480
480
480
480
218
480
480
480
480
480
480
480
480
480
480
480
480
480
480
480
480
480
480
480
480
244
480
480
480
480
480
480
480
480
480
154
480
172
480
480
480
480
480
480
480
480
480
480
480
480
480
480
480
480
480
480
480
480
480
480
480
480
480
480
480
480
480
480
480
480
480
480
480
480
480
480
480
288
480
480
480
480
480
480
480
480
480
480
480
480
480
480
532
480
480
480
480
236
480
480
480
480
480
480
480
480
480
480
480
480
480
480
480
480
480
480
480
480
480
480
480
480
480
480
480
480
154
480
480
480
480
480
480
480
480
480
480
480
480
159
480
480
480
480
466
480
480
480
480
480
480
480
480
480
480
480
480
480
480
480
480
480
480
480
480
480
480
480
480
480
480
480
480
480
480
480
480
480
480
480
480
480
480
480
480
480
480
480
480
168
480
480
480
480
480
480
480
551
480
480
480
480
480
480
480
480
480
480
480
480
480
480
480
480
480
178
480
480
480
480
480
480
480
480
480
480
480
480
480
480
480
535
480
480
480
480
480
480
653
480
480
480
252
480
480
480
480
480
480
480
480
480
480
480
480
480
480
480
480
480
480
480
480
480
480
480
480
480
480
480
480
480
143
480
480
480
480
480
480
480
480
480
480
480
480
480
480
480
480
480
480
480
480
233
480
480
480
480
480
480
480
480
480
480
480
480
480
480
480
480
480
480
480
480
480
480
480
480
480
480
480
480
480
480
480
480
480
480
480
480
480
480
417
480
420
480
480
480
480
480
480
480
480
480
480
480
480
480
480
190
480
480
480
480
480
242
480
480
480
480
480
129
183
480
480
480
480
480
480
480
480
480
480
480
480
480
480
480
480
480
480
480
480
480
480
480
480
480
480
480
480
480
480
480
480
480
480
480
480
480
246
480
480
120
480
480
480
480
226
480
480
480
480
480
480
480
480
480
480
480
480
480
480
480
480
480
480
480
480
480
480
480
480
480
480
480
480
480
480
157
150
480
480
480
480
480
480
480
480
279
411
480
480
480
480
480
480
480
480
480
480
147
480
120
480
480
480
315
480
480
480
480
480
480
480
480
480
480
480
480
480
480
480
480
480
480
480
480
480
480
480
480
480
480
480
216
480
480
480
480
480
480
480
480
480
480
480
480
480
480
480
196
480
480
480
480
480
480
213
480
480
480
480
480
177
480
480
480
480
480
480
480
480
480
480
480
480
480
480
480
480
480
480
480
480
480
480
480
480
480
480
480
480
480
480
480
480
480
480
480
480
480
480
480
480
480
480
480
480
480
480
480
480
480
480
480
480
480
480
480
480
480
480
480
480
480
480
480
480
480
480
480
480
443
480
480
480
480
480
480
480
480
480
480
480
458
480
480
480
270
480
480
480
480
480
480
480
480
480
480
480
480
480
480
480
480
480
480
480
290
480
480
480
480
480
480
480
480
480
480
480
480
480
480
480
480
480
480
169
480
480
480
480
480
480
480
480
368
480
480
480
130
480
480
480
480
480
480
480
480
480
480
480
480
480
480
480
480
480
480
480
480
480
480
480
480
480
480
480
220
480
480
480
480
480
480
480
480
480
480
480
283
480
480
480
480
480
480
480
480
480
480
480
159
480
161
480
480
480
480
480
480
480
480
480
480
442
480
480
480
480
480
480
301
480
480
480
480
480
480
480
480
480
220
480
480
480
480
480
480
480
480
480
480
480
512
480
480
480
480
480
480
480
188
480
480
480
480
480
480
480
480
480
480
480
480
480
480
480
480
480
480
480
195
480
480
480
480
480
480
480
480
480
480
480
480
480
480
480
480
480
480
480
480
480
480
480
480
480
480
480
480
480
480
480
480
480
480
480
480
480
480
480
480
480
480
480
480
480
480
480
480
480
480
480
480
366
480
480
480
480
480
480
480
480
480
480
480
480
124
480
480
480
480
480
480
480
480
480
480
480
480
480
480
480
480
480
480
480
480
145
480
480
480
480
480
480
480
480
480
480
480
480
480
480
480
480
480
480
248
480
480
480
480
480
480
480
480
480
480
480
480
480
480
480
480
480
480
480
480
480
480
480
480
480
480
480
272
480
480
480
480
480
480
480
480
480
480
480
480
480
480
480
480
480
480
480
480
480
154
480
480
480
480
480
480
480
480
480
480
480
480
480
480
480
480
480
480
480
480
480
480
480
480
480
480
480
480
480
480
480
480
480
480
480
480
120
480
480
480
480
480
480
480
480
480
480
480
480
480
480
206
480
480
480
480
480
480
480
480
480
480
480
480
480
480
480
480
480
480
480
480
480
480
480
480
480
480
480
480
480
480
480
543
480
480
480
480
480
480
480
480
480
480
480
480
480
480
480
480
480
480
480
133
480
480
480
480
162
480
480
480
480
480
480
480
480
480
480
480
480
480
480
480
480
480
480
480
480
480
480
480
480
480
480
480
480
480
480
480
480
480
480
480
480
480
480
480
480
480
145
480
480
480
480
480
480
480
480
480
480
480
480
480
480
480
480
480
480
480
480
480
480
480
480
480
480
480
480
480
480
480
480
480
480
480
480
480
480
480
155
480
480
229
480
480
480
480
480
480
480
480
165
480
480
480
480
480
480
480
480
480
480
480
480
480
480
480
480
480
480
480
480
480
480
480
480
480
480
480
480
480
480
480
480
480
480
480
480
480
480
480
480
265
480
480
480
480
480
480
480
480
480
480
480
480
480
480
480
480
480
480
480
480
480
480
480
480
480
480
480
480
480
480
136
480
480
480
480
451
480
480
480
480
480
480
145
480
480
480
480
480
480
480
480
249
521
480
480
515
480
480
480
480
480
480
480
480
480
480
480
480
480
480
480
480
480
291
480
480
480
480
480
480
480
480
480
480
480
480
480
480
480
480
480
480
480
333
480
480
480
480
480
480
480
480
480
480
480
480
480
480
480
480
480
480
480
480
480
480
480
480
480
480
175
480
480
480
480
480
480
480
480
480
480
480
480
480
480
480
480
480
480
480
480
480
480
480
480
480
480
480
480
480
480
480
480
480
480
480
480
480
480
480
480
480
480
480
122
480
480
480
480
480
480
480
480
480
480
480
480
480
480
480
480
309
480
480
480
480
480
480
480
480
480
480
480
480
480
480
480
325
480
480
480
480
480
480
480
480
480
480
480
480
480
480
480
480
480
480
480
480
480
480
480
480
480
480
480
480
480
480
480
480
480
480
480
480
480
480
480
480
480
480
480
480
480
480
480
480
480
480
480
480
480
480
480
480
480
480
480
480
480
480
480
480
480
480
480
480
480
480
480
480
480
480
480
480
480
480
480
480
480
480
171
480
480
480
480
480
480
480
480
480
480
480
480
480
480
480
480
480
480
480
480
480
480
480
480
480
480
480
480
480
480
480
480
480
480
480
480
480
480
480
480
480
480
480
480
480
480
480
480
480
480
480
480
480
480
480
480
480
480
480
480
480
480
480
480
480
480
480
480
480
480
480
480
480
480
480
480
480
480
480
480
480
480
480
480
480
480
480
480
483
480
480
120
480
480
480
480
480
480
480
480
480
480
480
480
480
480
480
480
172
480
480
480
480
480
480
480
480
480
480
480
480
480
480
480
396
480
480
134
480
480
480
480
418
480
480
480
480
480
480
480
480
480
480
480
480
480
480
480
480
480
480
480
480
480
1015
480
480
480
480
480
480
480
480
480
282
480
480
480
480
480
218
480
480
480
480
480
480
480
480
480
480
480
480
480
480
480
480
480
480
480
480
480
292
480
480
480
480
480
480
480
480
480
138
480
480
480
480
250
480
480
480
480
480
480
480
480
480
480
480
480
195
480
480
480
480
480
480
480
480
480
480
480
480
480
480
480
480
480
480
480
480
480
480
480
480
480
480
480
480
480
480
480
480
480
480
480
480
480
480
480
480
480
480
480
480
480
480
480
480
480
480
480
480
480
480
480
480
480
480
480
480
253
480
480
480
137
480
480
480
480
480
125
480
480
480
480
480
480
480
480
480
480
480
480
480
480
480
480
480
480
480
127
480
480
480
480
480
480
480
480
480
480
480
480
480
480
436
480
480
480
480
480
480
480
480
389
480
480
480
480
480
480
480
480
480
480
480
480
480
480
480
480
480
480
480
480
480
480
480
480
480
480
480
480
480
480
480
480
480
480
480
480
480
480
480
480
480
480
480
480
480
480
480
480
480
480
480
480
480
480
480
480
480
480
480
480
480
480
480
480
480
480
480
480
480
480
480
480
480
480
193
480
480
480
480
480
480
480
480
480
480
480
480
480
480
480
480
480
480
480
178
480
480
480
480
480
480
480
480
480
480
480
480
480
254
480
480
480
480
480
480
480
197
480
480
480
480
480
480
480
480
480
480
480
480
480
480
480
480
480
480
480
480
480
480
480
480
480
480
480
480
480
480
480
480
480
480
480
480
480
480
847
480
480
480
480
480
480
480
480
480
480
480
480
480
480
480
480
480
480
480
480
480
480
480
480
480
480
480
480
480
480
480
480
480
480
480
480
480
480
480
480
480
480
480
480
480
480
480
480
480
480
480
480
480
480
480
480
480
480
480
480
480
480
480
480
480
480
480
480
480
480
480
480
480
480
480
480
480
480
480
480
480
480
480
480
480
480
480
480
480
210
480
480
480
480
480
480
721
480
480
480
480
480
480
480
480
480
480
480
480
480
480
480
480
480
480
480
480
480
480
480
480
480
480
480
480
480
480
480
480
480
480
480
480
480
480
480
480
480
480
480
480
480
480
480
480
480
480
480
480
480
480
480
480
480
480
480
141
480
480
480
480
480
480
480
480
480
224
480
176
480
480
480
127
480
480
243
480
480
480
480
480
480
152
480
480
480
480
480
480
480
480
480
480
480
480
480
480
480
480
480
480
480
480
480
480
480
480
480
539
480
480
480
480
480
480
480
480
480
480
480
480
480
505
251
480
480
480
480
480
480
480
480
480
480
480
480
480
480
480
480
480
480
480
480
120
480
480
480
480
480
480
480
480
480
480
480
480
480
480
480
480
480
480
270
480
480
480
480
171
480
480
480
300
480
480
480
480
480
480
480
480
480
480
480
480
480
480
480
136
480
480
480
480
480
480
480
480
480
480
480
511
480
480
480
480
480
480
480
480
480
480
480
480
480
480
480
480
480
480
480
480
480
480
480
480
480
480
480
480
480
480
480
480
480
480
480
480
480
480
480
480
480
201
480
480
480
480
480
159
480
480
480
480
480
178
480
480
480
480
480
480
480
480
480
480
480
480
480
480
480
480
480
480
480
480
480
480
480
215
480
480
480
480
480
480
480
185
480
480
480
480
480
480
480
480
480
480
480
480
480
480
480
480
480
480
480
223
250
480
480
480
480
480
480
480
480
480
480
480
480
480
480
480
480
480
480
480
480
480
480
480
232
480
480
480
480
480
480
480
480
480
480
480
480
480
480
480
480
480
480
480
480
480
480
480
480
480
480
480
480
480
482
480
480
480
480
480
480
480
480
480
480
480
480
480
480
480
480
480
480
480
480
480
262
480
480
480
480
480
480
480
480
480
480
480
480
480
480
480
480
480
480
480
480
140
480
480
199
480
480
480
480
480
480
480
480
480
480
480
480
480
480
480
480
480
480
122
480
480
480
480
480
480
480
480
480
480
480
480
480
480
480
480
480
480
480
480
480
480
480
480
480
480
480
480
480
480
480
480
480
480
480
480
480
440
480
480
480
480
480
480
480
480
480
480
480
480
480
480
480
480
480
480
480
480
480
480
480
480
480
480
480
480
480
480
480
480
480
480
480
480
480
480
480
480
175
480
480
480
480
374
480
480
480
480
480
480
480
480
480
225
480
480
480
480
632
480
480
480
480
480
480
480
480
480
480
480
480
480
480
480
480
480
480
480
480
480
480
147
480
480
480
480
480
480
480
480
480
480
480
435
480
480
480
480
480
480
480
480
480
480
480
480
480
480
480
480
480
480
480
480
480
480
480
480
480
480
480
480
480
480
480
480
480
480
480
480
480
480
480
480
480
480
480
480
152
480
480
480
480
480
480
480
480
480
480
480
480
480
480
480
480
480
480
480
480
480
480
480
480
480
480
480
480
480
480
180
480
480
480
480
480
480
480
480
480
480
480
480
480
480
480
480
480
480
480
480
480
480
480
480
480
480
480
326
480
480
480
480
480
480
480
480
480
480
480
480
480
480
480
480
480
480
480
480
480
480
480
480
480
480
480
480
480
480
480
480
480
480
480
480
480
480
480
480
480
480
480
480
480
480
480
480
480
480
182
195
480
480
480
480
390
480
480
480
480
480
480
480
273
480
265
480
480
480
480
480
480
480
480
480
480
480
480
480
480
480
480
480
480
480
480
480
480
480
480
480
480
480
480
480
480
480
480
480
480
480
480
480
480
480
480
480
155
480
480
480
480
480
480
480
480
480
480
480
480
480
480
480
480
480
480
480
480
480
480
480
480
480
480
480
480
480
480
480
480
480
184
480
480
480
480
480
480
480
480
480
480
480
480
480
480
480
480
480
480
480
480
480
480
480
480
480
480
480
480
480
480
480
480
480
480
480
480
480
480
480
480
480
480
480
480
480
480
480
480
480
480
480
480
480
480
480
480
126
480
480
480
480
480
480
480
480
480
480
480
480
480
480
480
480
480
480
480
480
480
480
480
480
480
480
480
480
480
480
480
480
480
480
480
480
480
480
480
480
480
