807
777
541
703
564
693
524
933
858
623
548
613
463
658
422
483
452
688
426
576
648
496
780
490
1584
1218
525
638
660
631
455
454
899
677
429
927
462
1487
433
578
764
519
630
1085
1535
834
651
832
436
451
421
661
399
801
565
442
379
1185
403
428
517
476
4686
1072
428
389
569
554
530
718
564
717
1208
861
1075
681
515
464
461
1590
799
2098
681
1196
431
417
590
381
457
687
710
1174
399
831
410
1222
515
401
692
439
652
691
1112
403
619
427
458
490
556
442
544
411
454
406
611
410
415
390
644
620
465
415
702
470
835
390
1173
417
398
598
483
417
611
374
1912
566
553
483
878
462
460
1439
403
419
401
376
416
425
376
416
664
655
564
442
405
385
1212
404
811
637
437
922
651
610
424
819
542
864
597
753
479
608
975
447
547
415
905
420
820
754
585
665
579
413
551
577
403
378
390
417
390
398
486
773
445
398
864
748
410
370
389
437
356
591
771
391
628
350
932
371
420
343
992
367
382
393
440
509
538
664
571
426
870
358
401
392
667
713
1179
551
415
1054
515
795
473
470
407
398
540
696
474
404
410
424
851
618
1066
734
557
428
644
632
412
625
609
582
604
591
367
696
375
349
399
443
1901
797
396
480
564
466
434
369
457
473
514
767
402
354
575
379
415
391
361
373
702
407
420
536
369
397
393
406
562
417
383
419
533
468
376
389
635
741
864
631
783
429
493
766
518
559
383
592
553
933
1004
378
404
358
716
597
565
614
600
359
399
566
372
1510
365
494
370
578
386
589
378
699
616
580
599
392
499
386
387
375
405
609
863
588
446
370
404
332
1108
719
355
366
548
425
628
374
1184
602
377
386
535
504
544
489
609
430
366
381
640
389
503
394
556
664
397
389
629
651
375
1188
382
466
478
568
402
648
576
379
585
413
386
396
556
422
390
885
473
493
390
582
573
447
945
645
355
375
526
576
384
396
833
382
374
567
379
533
623
518
372
776
614
386
371
368
407
380
624
371
548
380
421
610
382
659
645
380
368
555
362
590
560
398
636
457
769
884
1017
671
672
847
590
400
354
4686
557
437
518
503
483
555
374
745
366
405
370
585
612
339
402
349
987
509
430
691
397
344
633
551
620
412
381
545
376
470
426
363
568
397
493
563
605
1255
379
391
372
375
402
502
387
1165
374
361
983
393
499
791
424
539
620
568
474
566
1047
384
496
479
399
377
629
405
367
1799
380
626
596
689
375
2584
509
908
357
386
658
375
390
877
597
403
387
472
433
363
605
370
534
386
535
374
358
625
389
602
658
488
1912
500
395
420
428
560
549
617
401
342
773
381
495
516
912
382
350
523
701
371
377
353
598
402
399
392
532
384
413
332
591
445
485
502
382
773
369
376
382
659
546
363
599
582
429
402
365
415
408
369
852
343
694
364
375
615
335
380
590
512
369
617
371
378
688
541
426
793
377
533
493
371
612
843
388
372
570
408
720
361
347
557
563
360
509
332
358
541
354
444
385
371
679
405
2584
370
445
624
620
351
508
610
462
532
480
567
359
395
490
423
364
386
369
397
567
572
764
458
701
694
570
426
625
580
380
368
401
392
639
637
366
554
355
416
384
379
376
423
588
310
320
397
782
382
438
392
716
396
362
427
380
570
563
408
430
563
360
620
380
385
441
704
567
416
615
927
446
523
713
553
348
398
492
367
374
739
682
413
583
432
397
559
383
582
632
509
498
350
363
394
531
399
352
387
536
369
631
531
723
386
367
378
797
376
490
590
368
397
443
431
427
403
539
357
377
516
411
557
381
368
374
413
369
365
502
865
351
847
374
397
669
364
433
339
471
386
370
336
409
528
510
395
365
493
666
434
370
619
392
675
581
615
339
392
328
565
379
605
375
588
410
360
347
349
550
364
665
368
413
347
459
576
580
543
365
351
345
871
361
371
392
386
436
567
584
583
357
716
368
383
621
464
392
375
598
569
780
354
761
529
366
943
374
594
382
348
367
359
614
528
459
401
572
355
338
370
400
592
578
593
363
370
530
352
475
383
589
500
758
359
394
398
607
470
363
511
363
558
360
362
556
476
455
442
374
375
638
352
558
782
426
367
364
545
353
370
366
413
451
371
359
699
554
589
569
604
497
372
390
572
588
726
1562
593
383
372
366
702
547
538
368
365
526
351
566
603
524
600
423
565
337
467
359
375
338
414
2584
797
616
377
527
352
348
364
497
569
766
504
367
603
691
528
685
534
590
824
410
640
365
376
349
581
387
486
396
719
376
541
543
621
378
657
367
533
397
473
391
394
384
382
604
375
499
381
557
493
590
618
1015
378
392
339
368
638
396
540
655
534
542
605
630
378
523
575
348
552
374
372
599
365
362
353
367
554
531
363
563
434
341
409
598
354
477
347
371
484
599
514
379
350
648
369
372
563
649
336
1039
562
573
354
360
351
530
558
362
353
501
582
482
1060
524
594
531
348
615
521
580
620
436
561
368
450
531
346
1237
349
383
373
558
548
582
363
356
374
542
337
395
637
573
359
396
378
364
530
515
347
358
442
662
343
542
607
721
382
616
338
344
707
490
676
393
361
380
344
355
353
387
577
540
364
535
810
553
342
350
395
614
337
547
356
407
578
494
346
399
484
409
407
384
358
365
388
365
378
349
366
605
582
376
342
346
408
322
423
550
540
398
385
370
514
651
385
368
360
584
494
334
718
400
386
378
622
568
940
375
466
347
424
372
654
549
354
357
529
356
379
553
367
404
490
523
385
430
400
539
361
532
396
370
371
357
496
415
332
376
574
622
619
709
558
542
920
365
361
407
558
510
632
457
372
469
397
505
336
335
366
605
571
382
900
618
611
429
400
387
409
548
633
337
410
347
382
603
567
845
362
334
311
451
674
530
616
359
412
590
327
371
390
359
576
347
365
401
676
374
606
375
530
376
365
614
530
546
500
377
419
478
393
564
552
526
373
358
639
563
1799
597
538
1060
589
565
550
606
376
367
443
516
356
515
396
1004
600
310
623
354
575
837
414
507
378
333
397
523
329
366
587
543
377
542
376
577
553
564
659
362
507
556
519
354
482
763
667
569
601
563
583
387
611
397
375
541
501
356
546
550
378
342
560
356
454
644
340
888
378
486
547
600
388
572
613
416
532
519
384
752
506
371
402
518
368
413
357
417
505
367
454
368
508
399
340
359
362
404
516
1901
332
369
472
502
435
665
349
352
723
346
367
618
375
350
359
343
374
374
343
381
505
463
345
502
364
366
386
320
347
537
370
377
370
477
462
639
741
477
315
371
505
358
643
489
355
342
512
688
350
400
338
479
728
354
645
517
636
367
592
602
347
347
364
589
375
759
360
497
603
400
534
360
381
541
371
383
767
453
385
324
636
367
343
356
632
351
602
358
364
460
347
531
363
339
553
360
502
555
730
379
371
644
540
485
378
303
345
398
352
407
774
324
467
339
357
530
628
393
626
341
389
337
334
388
356
377
340
538
409
616
380
459
508
466
449
361
403
569
347
374
620
477
594
604
535
347
363
350
669
352
364
383
328
365
576
395
349
604
350
367
337
464
347
352
384
372
329
391
373
344
483
371
538
402
606
354
472
665
376
355
579
348
413
377
385
350
327
360
333
329
366
339
380
465
349
394
592
430
382
383
500
477
321
394
362
498
561
340
632
649
368
347
664
703
590
382
363
362
610
355
440
485
448
504
574
376
454
516
545
345
388
340
616
559
377
433
477
354
366
578
554
453
383
357
338
635
347
357
636
516
771
471
873
355
378
553
451
341
629
547
364
341
365
324
372
338
363
361
351
380
358
419
384
715
403
342
379
610
1255
417
442
389
542
372
415
375
389
440
425
425
346
336
538
425
419
500
327
361
428
433
378
546
573
590
389
370
533
370
547
514
540
361
587
473
634
522
399
345
369
560
449
342
623
551
503
459
351
659
462
496
860
888
1052
348
507
600
360
348
365
351
382
495
461
497
636
453
365
532
358
377
475
417
539
363
434
368
362
453
534
351
605
344
365
484
462
365
466
353
347
677
518
367
367
427
346
742
491
723
547
582
356
366
361
512
351
364
336
514
380
867
361
403
364
472
595
730
351
562
537
642
399
455
342
388
799
920
576
381
524
555
345
332
390
372
728
520
387
650
326
337
341
347
869
375
888
590
367
351
343
312
433
356
415
459
638
507
479
396
347
678
393
668
345
385
354
512
430
338
552
549
398
365
350
926
543
773
357
369
747
352
367
355
305
513
396
557
348
444
347
451
376
587
749
348
347
416
494
395
697
356
642
348
348
380
592
588
348
785
403
358
365
594
537
576
340
327
353
496
972
616
708
633
408
448
401
420
334
360
659
510
766
372
592
547
350
370
369
350
497
368
478
520
380
363
334
470
585
483
380
333
572
516
399
416
529
352
507
324
373
1185
334
377
611
497
365
624
646
554
606
631
420
390
362
509
377
385
484
554
704
716
360
462
589
377
482
334
565
355
500
332
358
348
323
573
412
362
477
338
368
368
368
517
614
377
332
347
494
371
384
398
748
349
535
390
338
662
580
343
341
382
412
515
500
407
575
520
344
356
504
408
339
508
438
624
569
363
341
345
422
349
598
685
333
457
638
418
444
359
489
359
506
366
350
349
784
555
361
395
349
366
549
338
379
536
366
573
344
455
351
565
624
646
362
1139
503
346
404
547
674
811
531
596
613
340
334
507
484
327
481
373
358
414
403
346
356
740
424
332
387
389
797
534
601
335
355
752
515
583
641
623
373
575
1310
458
392
690
516
392
344
464
599
514
355
578
517
367
342
655
557
545
339
945
318
416
708
502
351
606
560
381
341
362
804
352
339
505
366
507
339
599
486
658
661
616
515
333
363
441
361
331
345
364
811
348
345
370
319
368
389
440
810
450
396
354
359
360
371
405
573
357
494
348
615
309
356
591
397
556
521
519
360
361
325
276
570
402
646
348
627
548
334
672
324
347
406
337
322
418
342
350
333
572
367
468
361
336
348
339
671
494
349
350
465
425
553
649
356
389
417
377
763
552
357
341
450
305
488
290
541
604
513
357
502
663
393
345
732
389
564
558
396
603
473
586
342
334
400
348
350
1196
511
504
525
563
388
468
519
358
786
771
504
806
740
346
381
551
481
334
369
983
369
424
358
632
688
624
900
494
641
532
334
321
604
458
796
365
556
477
347
681
589
358
495
502
622
617
501
342
480
557
388
359
356
331
351
343
481
543
379
342
506
373
392
343
642
322
355
351
431
599
313
394
625
396
792
585
338
334
425
612
441
396
634
757
521
370
466
370
736
630
405
555
782
580
346
362
689
581
342
363
476
342
372
682
346
350
335
351
379
426
325
375
345
364
324
440
573
368
328
373
339
384
352
490
377
447
388
542
385
568
493
314
357
351
494
562
386
375
316
670
767
372
341
488
445
354
770
342
579
551
313
344
545
573
734
476
349
369
359
392
392
438
362
346
511
367
472
334
387
492
392
312
364
348
463
374
344
664
341
438
361
465
350
333
625
658
477
508
359
689
333
346
593
360
581
514
450
335
484
354
361
389
335
317
391
575
341
333
344
361
524
355
458
363
334
407
457
777
330
389
506
624
336
337
340
339
442
345
365
389
359
428
325
464
351
371
372
362
364
342
628
340
553
475
458
368
514
292
571
323
487
548
343
456
333
553
498
493
529
567
486
531
315
359
752
377
369
523
579
373
333
350
881
360
341
592
338
524
332
532
501
366
328
612
380
334
331
449
353
359
342
421
354
488
386
336
687
341
364
633
337
355
367
737
356
480
341
567
383
557
381
515
402
545
332
346
536
370
598
382
521
324
710
314
363
385
355
365
326
354
568
356
320
339
376
372
637
351
553
494
398
519
380
606
346
334
425
569
383
336
351
365
319
355
611
427
358
393
513
378
425
583
314
349
304
326
323
342
612
417
338
365
345
464
314
306
327
733
770
341
425
329
499
385
642
639
585
386
372
600
498
496
542
645
316
344
324
437
592
488
524
480
384
640
532
543
343
567
413
737
387
491
546
561
311
460
367
337
558
509
442
545
552
343
467
326
605
307
336
332
492
411
597
373
393
326
645
707
546
469
485
846
602
320
438
382
311
601
353
567
499
684
529
375
364
522
374
413
356
372
347
524
354
581
677
370
545
388
363
337
675
336
319
509
396
390
559
430
629
375
356
376
350
391
349
367
360
529
323
344
357
323
632
465
543
337
365
448
582
503
358
472
353
534
488
331
347
345
465
337
490
583
565
436
316
488
409
353
335
431
391
707
363
395
326
335
541
532
665
333
501
541
444
419
349
411
605
695
342
343
370
319
327
451
342
338
539
320
387
333
462
422
597
369
344
340
325
575
496
333
511
373
399
333
417
595
564
537
312
670
553
568
585
446
575
334
902
516
890
591
477
392
873
436
439
334
540
360
327
321
447
468
528
354
651
481
548
479
425
324
354
338
582
349
482
357
356
348
345
633
337
598
575
330
360
320
632
381
355
581
381
346
1184
338
392
865
510
484
488
618
550
752
342
354
349
579
318
328
326
699
336
374
369
620
487
343
332
354
497
313
309
363
335
597
516
348
336
577
579
331
325
418
363
351
330
334
347
559
610
439
471
572
395
582
355
366
392
402
332
569
771
546
362
627
323
554
554
538
556
339
310
435
927
363
355
574
302
367
536
358
365
497
316
357
365
478
605
342
476
455
496
501
382
646
519
351
342
418
433
607
591
350
391
361
352
313
1912
357
349
345
403
376
314
327
548
624
625
681
332
437
457
390
652
317
370
387
338
582
335
408
580
517
372
368
646
522
311
349
340
380
469
686
327
462
541
436
692
350
393
309
582
382
535
404
579
210
384
465
308
328
364
555
532
531
558
391
483
279
670
333
324
533
476
366
623
424
360
350
313
341
408
333
736
473
356
331
324
370
517
515
679
292
509
814
343
550
448
535
458
349
482
357
643
351
342
633
601
326
363
351
533
322
500
590
505
350
523
574
567
379
326
597
348
593
560
405
356
382
520
554
370
305
321
370
577
347
368
605
428
372
319
426
302
576
338
350
497
401
420
401
388
335
905
745
334
343
635
374
685
951
330
848
703
582
318
317
545
373
657
491
347
352
304
526
669
503
402
543
519
561
548
399
605
524
350
680
351
310
321
540
417
416
500
508
371
342
336
379
378
430
412
543
552
371
353
357
314
597
577
588
352
388
631
349
591
546
476
636
605
401
351
616
530
350
723
412
344
572
339
345
347
334
390
488
571
357
304
332
335
347
387
443
417
317
604
492
995
681
469
562
331
372
373
340
575
461
648
680
346
307
496
322
352
636
457
619
488
319
491
359
348
326
537
343
319
702
544
565
385
569
341
358
509
332
710
341
523
306
584
537
379
348
319
996
523
369
433
332
456
332
335
534
870
522
614
631
468
379
558
513
624
334
333
535
320
496
340
329
871
492
316
541
315
388
345
527
362
359
369
659
358
325
498
354
350
334
358
551
356
327
516
432
325
675
543
354
665
538
318
504
440
318
613
377
412
369
360
591
463
605
406
377
338
462
372
376
325
490
353
528
348
333
571
348
361
596
354
325
534
340
337
510
377
344
418
313
326
338
662
562
351
414
323
350
499
340
613
332
327
335
446
347
418
371
340
396
545
324
550
342
824
1255
345
554
349
331
825
318
422
358
350
515
473
636
483
343
339
335
474
367
354
356
327
421
370
353
341
352
537
340
349
832
566
521
386
351
542
668
565
520
354
345
337
484
321
457
409
485
499
399
345
342
966
624
460
339
316
338
529
546
319
401
361
378
355
492
384
407
368
346
317
349
344
380
934
346
337
341
371
503
572
540
309
349
387
518
336
306
521
325
490
347
620
492
440
366
370
353
332
344
415
333
319
570
343
362
333
345
333
451
616
472
362
302
613
346
329
327
347
557
352
550
521
568
357
358
309
362
505
379
671
318
349
325
346
353
498
409
524
630
466
326
334
439
652
317
636
470
323
365
469
483
324
359
520
327
585
593
368
318
536
322
329
336
436
475
333
375
332
426
351
542
534
372
532
482
510
385
377
376
376
696
522
342
394
317
326
350
311
530
331
652
525
414
325
455
325
412
970
332
318
296
349
522
334
348
381
499
620
453
309
575
352
328
330
333
574
604
403
433
391
336
344
780
312
283
350
591
578
350
348
373
376
351
444
376
378
321
302
309
344
518
348
346
362
357
469
388
310
321
396
599
397
484
354
314
366
326
429
313
408
350
510
425
704
932
333
418
305
317
346
383
304
507
345
341
507
391
671
585
501
403
357
381
301
594
355
325
678
481
355
811
356
445
364
697
298
467
320
349
708
367
353
330
589
365
332
846
331
462
313
284
358
662
617
443
433
540
583
447
688
527
553
312
373
349
334
460
336
331
355
313
407
356
479
334
319
317
322
498
356
365
307
355
545
342
320
391
356
345
346
393
368
347
335
339
467
488
329
519
351
324
580
343
351
475
368
349
545
532
495
631
392
349
513
453
345
490
347
336
439
386
755
555
662
355
309
345
345
326
570
355
385
334
637
342
357
353
388
480
351
565
459
324
348
658
344
360
350
530
327
339
328
657
600
331
333
632
501
518
549
349
843
274
348
395
339
431
327
641
351
347
632
328
448
314
664
313
340
353
626
368
324
392
580
534
881
500
532
355
302
572
554
520
348
578
303
362
345
342
305
457
513
317
349
342
308
340
345
374
340
336
339
720
309
639
858
338
415
333
325
699
420
332
623
858
363
423
318
354
352
548
393
322
549
330
330
486
597
321
316
427
342
301
328
344
311
354
431
670
332
469
334
323
575
355
360
408
307
362
560
536
406
460
341
383
461
276
365
369
479
594
349
358
371
365
589
578
344
467
776
356
488
342
368
554
474
502
373
319
377
351
318
551
562
403
551
376
710
372
354
638
479
332
353
323
576
288
626
411
352
455
307
865
339
459
353
739
623
467
348
346
326
359
602
649
339
265
564
398
2584
362
423
331
377
326
324
356
612
736
351
343
354
576
533
560
654
322
323
363
311
335
333
535
335
687
397
357
569
499
309
347
374
401
692
332
341
529
572
321
598
589
494
367
359
523
361
503
331
529
340
353
571
513
589
355
534
359
293
482
530
336
455
410
480
328
317
381
347
336
520
429
368
336
605
604
376
325
378
338
518
596
583
366
776
345
496
464
398
321
351
1075
784
305
618
396
467
312
313
606
375
362
351
565
343
353
334
362
325
451
315
415
368
320
367
367
367
362
333
348
336
890
392
543
323
403
343
300
310
1128
615
287
334
431
457
565
378
339
506
506
362
325
370
309
451
406
446
401
340
352
392
343
371
320
761
334
315
332
307
335
377
333
352
333
311
551
592
436
791
368
458
546
337
440
311
641
336
646
523
505
348
493
294
335
380
362
324
362
702
319
519
524
536
343
581
354
580
657
507
310
319
470
345
358
506
364
343
355
543
351
548
714
372
292
349
422
383
361
338
842
1163
346
292
888
287
313
311
528
326
318
302
341
348
490
602
340
295
549
287
323
589
451
397
562
347
532
326
380
295
351
619
319
298
336
493
345
336
353
335
355
310
494
637
649
511
398
302
380
339
415
623
302
368
313
416
550
474
354
549
345
341
540
307
407
497
299
452
311
348
328
318
317
338
344
647
446
321
632
372
333
329
318
335
585
324
530
333
340
762
317
493
313
352
386
664
382
333
386
704
560
348
304
568
402
420
359
400
329
996
297
607
358
342
419
564
654
328
723
582
324
503
364
545
344
585
308
307
278
324
319
332
348
714
359
590
275
310
380
357
476
317
569
347
316
388
525
347
309
639
658
418
641
354
331
338
381
398
704
285
345
644
303
302
433
710
328
338
394
1241
718
343
506
323
298
1054
333
345
385
338
313
535
409
347
326
358
619
500
314
317
355
414
312
314
329
326
346
511
283
457
371
333
331
407
368
299
310
520
342
527
470
442
363
354
1111
369
332
324
342
338
442
379
429
394
346
358
355
619
280
674
923
300
459
370
303
332
472
707
544
497
335
485
313
321
582
664
302
1208
309
654
544
601
335
250
324
474
290
303
461
507
296
321
351
331
551
340
388
335
438
349
372
466
328
343
427
341
408
569
620
503
529
363
321
290
693
327
453
390
347
488
316
510
595
518
394
374
444
336
549
337
343
361
376
344
313
522
295
352
312
497
582
516
638
284
282
327
330
598
327
343
861
379
320
324
370
297
555
451
328
551
327
496
424
295
373
336
415
419
310
332
371
465
954
540
344
339
330
810
357
533
323
401
338
709
635
637
330
342
1590
316
524
333
326
343
368
390
316
307
600
544
333
349
343
321
334
1007
384
318
396
500
298
342
316
423
688
321
586
447
317
665
507
352
412
319
328
574
352
334
569
318
544
602
344
476
362
347
298
349
459
487
582
290
397
302
340
353
340
340
503
333
311
352
614
356
303
606
572
580
332
312
390
316
385
495
356
401
600
365
289
335
477
325
551
703
364
487
361
295
323
291
331
423
344
569
462
812
340
324
355
696
319
493
371
338
496
306
326
478
335
514
352
322
632
304
361
503
580
1218
311
311
500
354
332
359
1562
594
304
323
325
352
481
433
359
339
331
602
316
583
295
325
495
472
323
297
348
1562
378
334
572
456
321
549
314
329
760
539
334
543
790
287
332
977
470
268
293
502
355
363
300
435
686
1023
366
628
458
548
558
522
306
505
379
346
549
326
805
306
410
337
326
362
318
574
672
295
609
325
473
344
367
394
538
1052
329
455
376
301
362
331
339
588
498
313
353
317
327
400
319
336
314
524
333
342
364
349
341
349
294
332
346
771
338
561
516
847
504
352
481
354
344
468
326
347
347
315
335
470
353
468
341
297
328
357
339
313
507
314
342
352
366
483
309
493
568
569
634
329
378
454
358
303
317
338
352
314
344
325
321
495
325
308
487
365
380
525
306
297
335
319
349
358
587
335
665
317
309
520
392
551
400
329
796
317
1047
439
337
533
352
364
349
310
458
383
325
333
314
437
1095
326
329
321
352
367
323
623
291
396
503
306
559
515
310
449
364
317
342
564
484
310
305
678
318
370
354
288
597
640
514
710
395
321
441
342
315
329
383
310
1139
427
335
468
349
435
406
332
343
571
318
344
344
341
522
300
385
444
427
428
298
488
331
539
409
547
2516
1734
361
309
290
322
386
317
465
369
309
538
422
321
342
487
318
404
319
364
340
341
972
394
308
349
302
639
400
325
817
387
372
445
322
490
320
395
368
305
311
345
329
417
327
525
304
318
665
316
354
335
326
501
311
547
320
349
362
377
365
332
456
330
302
1734
408
348
360
313
368
505
504
332
335
624
292
485
342
327
333
323
312
346
331
478
590
320
539
378
313
503
325
594
445
419
443
321
578
341
569
343
357
609
1734
356
441
557
288
587
498
334
536
332
406
276
316
550
511
393
328
347
327
460
309
320
298
339
353
340
582
436
439
327
524
377
334
520
358
330
345
341
314
339
624
316
386
904
649
704
348
327
315
345
466
459
293
764
342
345
663
830
500
354
389
336
326
345
348
410
325
638
294
532
640
317
341
433
575
360
370
282
359
306
323
337
514
306
486
287
525
276
571
329
348
491
507
336
358
309
506
356
331
396
296
301
853
388
341
308
308
343
276
319
457
283
328
366
370
323
336
754
351
361
296
343
315
330
278
346
432
354
560
527
377
489
290
327
369
461
343
326
363
299
425
308
320
272
306
354
429
331
417
571
428
364
607
564
323
350
589
1799
385
343
382
474
319
315
442
319
414
353
389
326
766
473
297
416
323
301
312
540
538
477
340
422
371
312
313
315
895
631
604
327
321
339
340
467
306
325
619
286
350
341
596
297
369
314
346
320
596
335
390
587
313
573
548
527
429
259
807
289
494
542
361
371
1185
348
325
317
298
270
338
276
491
316
456
370
687
325
284
280
466
723
363
310
311
553
303
599
324
338
381
289
542
1173
569
347
462
378
383
416
578
308
300
325
524
445
320
306
768
620
301
272
591
306
399
517
341
362
305
325
884
592
314
335
479
303
299
310
421
609
334
511
324
512
480
564
302
284
370
927
395
613
1150
340
350
325
446
493
300
347
311
912
691
667
311
331
338
439
642
269
294
550
340
348
289
491
420
295
533
626
305
536
287
546
342
259
475
296
297
662
311
339
342
417
346
321
701
291
343
749
320
498
297
518
339
372
478
318
364
333
296
299
318
365
277
657
337
452
438
314
436
604
424
369
297
346
726
646
328
345
267
624
336
411
357
342
336
282
371
473
308
545
322
317
660
470
358
417
348
565
456
356
337
716
335
302
349
335
506
717
320
338
638
675
354
331
321
365
315
625
392
344
338
577
272
753
432
296
343
318
331
329
340
302
445
354
388
307
319
636
326
330
390
406
332
296
332
577
324
520
345
348
369
257
593
337
426
314
322
361
344
332
287
336
319
314
313
334
428
321
686
365
519
278
361
287
412
582
645
379
376
468
323
566
285
511
338
314
324
469
381
321
348
306
333
275
397
309
719
295
377
323
355
312
349
339
325
301
339
615
370
329
341
293
440
218
294
281
348
312
388
317
338
394
342
324
324
305
390
324
333
323
304
365
595
391
328
348
259
437
293
534
339
347
310
321
484
606
354
323
531
425
724
438
315
383
382
368
315
352
655
307
342
332
531
607
334
494
616
587
576
307
304
351
602
259
304
344
297
595
379
902
494
273
362
457
330
398
419
461
369
351
561
579
318
343
354
347
278
423
367
311
438
355
335
356
535
311
488
508
697
414
305
294
1108
290
802
331
351
307
401
409
316
505
334
409
353
360
566
375
291
355
360
301
310
329
391
461
524
277
333
326
696
431
302
250
398
739
390
404
327
362
381
615
345
303
303
287
428
322
321
395
319
418
277
445
413
311
322
396
401
286
424
352
304
325
472
459
357
361
602
370
312
339
338
514
544
349
402
622
416
567
671
317
337
396
311
455
293
596
338
773
321
610
294
348
323
317
284
550
517
546
309
350
506
328
345
374
524
630
322
290
286
437
306
349
335
303
612
316
330
609
359
313
651
386
295
306
507
343
299
422
370
321
970
354
360
322
453
324
301
291
306
328
337
293
461
414
292
409
311
308
267
745
264
319
439
302
385
417
323
316
356
319
658
404
332
550
400
325
308
534
328
307
280
295
565
608
351
495
323
278
310
655
278
307
429
335
290
412
410
569
745
381
342
472
390
308
410
339
455
323
309
296
337
354
308
311
309
332
519
304
319
299
598
447
292
275
433
288
341
317
317
323
320
604
790
405
336
312
316
419
525
392
289
458
448
293
408
304
321
322
306
363
303
288
359
298
405
304
464
311
398
450
287
608
305
511
260
248
310
397
388
334
312
602
367
349
347
378
347
449
310
304
316
303
409
311
360
278
393
310
369
1702
602
274
360
385
281
654
516
328
326
374
331
261
329
659
402
307
287
313
361
496
302
323
283
271
304
557
307
353
468
739
667
447
388
372
334
437
299
646
270
347
287
270
361
314
327
517
315
280
318
315
362
330
350
406
297
692
347
312
575
329
296
318
303
356
330
314
306
611
434
342
312
698
450
541
301
461
369
326
332
516
723
611
270
323
345
301
750
730
296
306
295
291
333
282
312
321
406
409
280
281
324
408
363
857
319
321
625
489
555
287
295
300
348
330
393
284
588
580
436
364
396
574
306
514
720
419
538
350
301
453
237
288
315
525
276
316
346
546
320
278
315
616
444
403
453
332
283
360
484
288
270
316
331
367
531
585
469
293
333
488
582
341
275
309
294
322
325
270
347
314
321
369
506
443
280
279
273
314
335
364
316
330
418
340
281
516
302
551
367
310
351
333
268
298
290
322
335
308
325
392
487
303
326
318
294
324
282
293
418
287
441
712
332
338
360
299
801
340
593
589
613
251
450
351
397
606
1577
313
318
339
302
331
299
442
351
338
306
523
268
303
857
546
352
398
685
464
316
546
343
598
559
310
320
453
322
317
482
341
460
272
887
287
308
294
583
518
757
347
858
317
457
301
903
342
611
805
515
302
350
363
306
356
269
501
289
278
342
301
280
602
657
386
354
352
331
385
304
264
334
288
607
590
402
254
618
268
839
485
542
298
305
335
332
335
281
332
291
385
368
299
356
346
269
482
284
276
297
316
376
283
261
308
422
860
298
283
426
330
311
289
334
367
418
301
368
492
325
357
325
317
263
286
317
714
308
312
334
321
824
297
335
305
445
349
335
340
267
272
302
334
275
323
588
441
285
362
348
446
606
419
691
455
592
393
943
697
244
307
407
342
556
310
282
365
449
407
274
310
288
303
294
363
299
402
533
496
514
321
245
307
564
319
314
294
335
292
372
393
628
290
302
286
290
336
324
691
376
509
301
553
261
345
346
722
485
455
269
340
300
557
381
284
529
489
525
542
494
1070
469
534
360
255
455
576
326
292
318
358
289
348
343
357
271
303
704
304
600
317
321
343
333
343
380
349
1015
322
306
335
337
534
606
665
288
297
279
323
391
593
341
543
396
327
1002
877
280
321
867
653
278
392
278
293
411
335
359
927
354
341
453
435
283
289
335
360
334
337
564
272
381
441
336
298
288
353
289
592
332
474
555
314
292
336
352
290
260
521
283
409
339
345
503
302
533
284
495
543
459
562
326
322
304
303
283
380
280
309
453
306
277
399
286
329
312
268
519
308
370
324
286
318
256
300
452
326
306
311
302
575
309
334
321
335
524
390
457
302
490
326
329
302
333
516
288
346
349
328
336
297
276
324
275
583
417
658
297
289
316
317
271
331
337
428
288
670
292
695
925
272
636
413
298
302
298
416
329
567
276
374
405
344
334
681
294
390
671
333
373
337
311
653
274
256
258
473
427
346
1702
374
310
300
489
331
302
466
343
271
546
536
370
311
282
283
591
618
445
274
350
324
531
526
324
309
274
407
336
318
294
282
450
348
358
564
450
511
362
308
328
297
671
379
258
266
524
345
526
327
308
339
298
485
313
460
340
395
298
409
308
676
301
694
342
356
398
257
329
274
405
271
340
590
703
273
335
717
366
316
298
460
243
274
392
455
550
292
550
236
388
235
332
361
351
313
599
274
292
305
291
320
449
431
333
503
313
600
310
292
323
535
283
366
291
302
350
341
348
285
307
277
354
699
262
733
327
631
315
547
386
495
336
298
323
588
527
579
360
383
307
267
343
429
307
328
264
276
267
352
522
454
389
437
481
334
316
344
373
326
304
352
286
591
459
481
248
324
397
546
492
355
347
372
389
259
331
524
285
347
425
279
335
280
282
496
372
317
337
322
392
308
345
527
332
346
345
278
283
361
289
523
387
354
325
358
308
729
488
302
626
321
648
431
902
500
308
311
311
507
264
273
607
308
554
329
772
542
267
282
1546
345
474
330
288
327
363
292
598
320
311
330
292
294
303
333
309
1111
331
274
301
325
589
285
327
307
297
842
291
374
563
326
592
356
391
307
384
317
280
287
356
306
394
793
424
304
369
302
382
352
293
317
325
648
1004
523
294
275
302
256
281
342
315
269
296
515
431
313
322
435
593
342
259
304
285
480
297
333
327
256
324
295
679
257
314
551
304
290
350
319
334
304
332
351
321
310
481
304
296
278
425
308
270
308
300
336
312
278
337
305
408
564
466
277
353
381
308
256
296
492
292
325
329
294
567
303
325
284
542
292
365
286
332
299
411
439
304
318
288
602
301
629
288
516
354
371
313
301
295
430
257
339
311
289
463
332
332
542
539
289
322
358
341
450
598
287
343
548
327
340
343
263
307
260
295
243
284
330
324
313
343
276
433
285
275
297
357
831
313
602
323
274
276
895
327
389
284
333
330
304
369
325
328
887
332
253
315
274
284
261
322
337
314
300
473
336
310
383
311
575
303
264
277
485
484
1150
484
442
302
263
326
265
1095
258
498
320
332
317
874
364
554
324
282
300
347
418
313
329
246
355
308
288
382
264
593
478
265
635
472
308
412
521
315
322
658
464
343
292
289
327
320
253
317
363
491
275
365
361
329
298
282
620
282
469
293
270
298
333
343
330
305
246
344
313
748
598
393
968
283
345
290
347
256
298
346
613
268
291
263
331
354
262
282
334
406
334
308
478
311
314
383
306
281
274
361
282
338
369
372
284
314
454
282
271
269
611
719
293
308
529
285
341
371
388
293
308
474
532
364
261
331
311
298
542
368
582
395
298
314
310
253
286
272
310
366
274
354
321
347
361
579
321
310
760
516
371
620
431
301
474
367
296
278
448
656
308
301
338
471
274
248
270
300
351
296
316
582
322
294
293
384
344
399
732
320
479
330
309
237
332
358
424
294
291
335
600
427
344
311
494
655
299
273
313
506
534
274
300
609
392
310
294
316
327
361
436
307
310
286
292
297
300
298
285
445
277
358
349
304
329
273
317
305
304
758
310
299
354
705
508
295
281
310
306
304
459
506
255
404
508
287
336
535
359
634
320
273
266
581
281
560
514
582
332
355
463
274
581
311
313
365
340
306
927
272
302
335
333
298
319
276
298
392
425
255
329
348
278
340
308
720
479
539
1150
273
275
1070
381
484
273
456
310
268
301
548
339
349
327
285
378
348
333
523
368
249
538
317
279
302
252
310
295
1185
520
376
322
332
480
346
446
528
285
283
285
867
279
265
496
294
261
629
336
505
320
265
366
450
343
331
310
589
308
288
271
604
367
295
264
531
585
284
610
279
298
274
321
308
273
435
295
314
440
314
310
405
637
291
315
294
343
285
287
351
301
311
303
298
547
285
582
291
306
287
310
280
406
438
417
532
428
638
281
304
246
316
240
288
235
536
316
350
327
342
241
364
286
302
502
293
322
289
263
308
336
267
329
371
293
316
441
335
278
307
319
334
327
287
567
258
291
380
406
418
337
362
292
289
398
615
339
284
429
551
376
325
252
446
342
319
483
333
310
617
316
490
325
312
371
358
348
356
306
273
270
334
404
307
349
336
301
309
298
315
276
236
402
316
364
367
273
374
305
658
291
449
531
281
279
1066
415
459
373
619
342
333
332
333
310
367
312
278
359
630
337
558
319
290
422
321
285
281
309
238
306
732
406
456
259
656
414
322
318
466
330
517
263
284
575
378
297
259
290
316
470
492
378
311
275
348
276
324
294
499
280
321
330
270
269
361
407
330
322
437
275
281
294
303
323
325
229
512
372
467
600
344
301
274
323
328
329
338
326
317
267
283
481
262
318
290
301
353
545
339
321
312
278
318
687
247
386
767
320
326
253
507
629
362
1181
383
459
695
372
276
317
324
530
717
342
307
448
301
319
327
265
321
466
285
387
280
708
383
1901
277
437
362
279
292
385
265
283
302
219
335
662
278
532
302
272
253
364
372
255
262
324
484
300
514
295
953
548
346
369
277
586
307
450
262
419
418
318
357
416
319
358
308
259
458
296
354
379
1535
411
259
290
299
459
425
312
277
350
299
1546
315
317
301
386
292
247
314
322
433
614
264
251
272
521
562
353
268
312
293
302
315
282
332
396
361
626
558
611
323
291
310
453
365
356
345
398
325
245
781
599
620
342
254
259
276
546
273
378
288
313
457
295
330
560
372
300
396
531
305
295
383
247
444
317
314
243
267
352
558
311
264
716
286
579
268
327
288
219
227
404
434
330
282
523
542
504
419
298
248
304
332
322
1004
390
443
284
321
268
965
281
335
281
338
280
232
331
308
256
394
288
294
341
273
314
500
420
291
419
625
285
292
262
331
264
528
391
605
321
296
279
531
226
335
279
380
312
271
329
238
318
270
295
289
246
321
280
338
307
313
1310
368
265
429
259
575
268
277
275
310
386
245
252
390
393
314
358
276
568
298
322
479
322
285
428
250
232
320
539
232
389
219
295
450
441
237
283
322
534
366
579
582
293
336
299
394
340
455
287
325
322
270
317
327
319
351
366
385
295
311
268
272
264
241
375
283
590
325
411
298
292
284
299
382
447
588
276
319
378
223
342
320
536
287
287
293
465
279
330
330
273
446
312
256
327
297
307
319
440
590
427
602
333
276
1577
656
483
231
330
513
316
326
330
231
730
293
425
276
249
275
300
478
278
322
1015
543
270
357
466
344
301
297
285
287
338
488
248
273
270
640
296
254
409
533
492
306
230
294
259
344
387
483
313
335
447
347
268
347
265
654
323
377
285
324
623
349
310
312
302
257
367
346
322
279
290
288
406
258
702
805
323
287
276
524
255
580
299
278
317
336
702
283
252
340
127
320
590
250
418
246
269
280
249
306
331
419
239
285
329
940
271
266
419
312
376
718
287
597
317
272
278
410
272
309
515
303
253
277
605
282
556
1128
564
668
625
238
568
535
438
293
474
252
310
351
689
274
547
262
351
257
406
878
368
365
316
300
254
337
300
573
527
689
382
255
259
301
321
273
297
389
297
290
321
327
276
292
359
376
299
363
556
439
496
302
523
343
289
354
389
260
260
312
330
655
273
796
364
271
373
215
272
256
310
307
1004
616
312
340
290
301
396
356
260
395
294
479
296
286
1047
624
301
299
309
484
434
234
287
528
555
436
329
308
350
264
569
238
317
281
487
400
345
513
538
325
281
333
354
280
266
351
350
290
258
349
308
351
439
330
474
279
274
574
671
261
804
316
545
189
283
728
652
284
301
287
289
299
395
315
263
408
764
240
340
259
253
301
231
257
321
474
294
356
350
294
502
266
258
366
292
293
405
483
267
488
447
240
514
346
293
280
241
273
320
281
264
287
432
508
346
238
376
304
299
645
417
295
274
272
279
310
312
336
318
316
321
444
294
873
277
304
375
282
252
323
506
652
259
418
267
341
291
325
234
242
321
280
283
276
442
247
301
249
295
263
252
250
304
573
315
267
419
282
334
492
635
258
315
278
312
286
343
442
246
239
390
567
265
271
297
272
287
252
346
312
319
242
269
292
331
476
230
359
319
572
667
287
294
542
219
478
443
562
709
286
292
311
286
229
542
301
282
326
375
513
366
267
312
311
576
250
328
538
356
410
268
369
311
245
221
345
284
267
296
255
318
365
249
260
408
213
288
282
270
268
277
330
574
289
464
292
266
367
274
235
807
715
455
525
241
310
266
459
284
434
311
347
352
584
431
309
548
249
295
399
274
491
532
339
241
396
659
608
336
225
424
410
277
319
323
295
232
313
268
656
236
318
710
235
346
464
451
1734
699
247
287
604
275
353
293
263
278
255
1085
262
258
275
277
298
340
283
351
348
321
343
287
281
390
625
239
542
476
268
260
313
299
325
323
259
299
289
299
317
308
408
304
302
260
263
239
265
570
1702
429
305
347
271
371
278
376
279
579
278
295
329
352
289
376
287
261
624
329
262
273
301
372
267
383
238
329
289
623
217
256
546
320
268
313
314
305
241
349
348
287
423
303
272
293
277
269
295
316
247
362
284
410
720
226
198
275
316
243
522
525
252
291
307
335
490
267
931
341
302
570
311
931
261
301
518
259
252
366
272
436
230
530
627
253
419
309
506
663
288
454
308
288
269
336
309
469
237
292
372
440
303
286
315
422
277
342
292
345
281
316
221
607
305
307
423
369
347
337
263
502
563
287
1072
271
281
1163
848
291
483
420
304
260
243
281
300
251
612
348
263
257
266
418
246
591
229
222
281
305
288
257
254
255
549
289
256
331
312
228
270
295
380
271
263
304
310
281
307
246
308
259
338
268
276
336
307
413
267
317
277
222
598
292
255
432
313
506
261
287
250
390
315
301
274
440
451
478
484
272
280
871
269
266
434
418
244
284
252
497
291
261
330
448
307
233
273
251
360
326
490
319
610
298
671
282
255
264
218
280
640
267
441
238
356
252
544
245
887
245
298
255
316
286
335
299
324
284
297
328
347
401
300
277
278
234
229
328
307
311
385
275
370
402
291
323
592
262
325
612
359
232
312
302
298
194
728
887
318
289
272
249
326
265
657
280
306
260
259
619
273
266
290
412
408
303
236
337
429
317
339
410
309
300
323
335
499
301
226
526
317
261
265
319
311
337
231
632
227
474
544
322
348
255
321
259
306
277
251
568
224
408
278
327
249
260
744
314
303
264
259
271
336
261
230
288
306
987
274
314
312
353
272
411
309
425
330
301
309
268
365
550
244
252
292
361
558
291
263
380
326
225
254
239
289
268
556
297
263
284
363
260
236
447
250
257
248
246
274
320
255
272
573
246
321
270
297
254
253
259
276
290
257
470
609
267
259
285
233
373
531
327
405
276
260
372
222
407
448
330
287
302
250
225
305
177
315
562
264
280
256
305
276
334
255
387
292
504
302
420
221
685
265
286
299
366
335
261
329
258
485
303
424
338
271
430
276
269
271
306
239
273
563
235
283
247
297
307
293
520
317
272
556
258
231
356
554
305
276
237
569
295
277
544
253
435
328
365
364
212
224
279
852
283
309
329
516
720
240
269
382
289
297
575
415
319
274
535
364
269
200
295
243
336
885
248
283
623
447
337
383
255
296
289
250
295
279
248
299
308
211
278
248
722
288
287
318
414
246
293
339
428
609
225
260
476
419
302
221
284
334
303
269
380
329
180
308
491
461
266
612
229
262
654
214
325
163
557
262
331
257
271
640
348
294
851
292
255
333
286
259
291
523
295
238
569
225
317
215
307
148
520
478
298
353
273
267
234
651
211
279
254
302
234
229
569
381
264
297
286
460
267
343
243
321
234
276
685
335
258
257
929
753
297
209
300
308
241
417
301
217
309
279
720
370
234
327
284
408
290
281
301
293
333
279
248
250
295
391
547
284
339
236
253
322
231
293
502
321
428
230
268
349
308
243
250
250
225
289
247
249
454
676
343
320
249
604
374
302
266
133
254
259
1047
311
278
293
407
279
352
287
254
279
282
284
262
286
323
309
252
270
245
366
241
380
324
220
616
271
227
451
287
253
346
273
474
318
291
669
456
304
608
385
291
245
264
278
397
450
270
720
311
373
309
334
261
296
109
292
300
565
313
303
670
966
263
457
265
253
316
267
278
259
279
323
245
251
929
286
253
227
445
307
436
443
401
291
492
519
239
247
453
467
291
324
254
236
295
287
312
592
257
396
554
218
305
244
288
261
294
298
443
291
210
320
528
554
150
286
551
286
295
279
503
366
372
270
256
514
281
637
286
292
230
378
322
393
251
348
341
314
351
224
248
514
427
328
223
212
370
258
592
266
269
511
543
287
575
293
244
438
223
580
566
269
238
258
580
279
202
332
249
311
264
244
238
266
263
304
171
109
222
297
530
334
279
309
330
435
254
233
282
261
543
773
371
280
257
330
316
283
391
242
276
221
242
223
283
223
262
242
287
387
436
297
378
295
389
271
269
320
345
281
269
218
568
267
227
392
284
223
293
426
275
300
275
395
394
292
242
410
243
254
245
278
317
205
237
373
272
409
307
225
314
550
237
555
307
218
306
230
262
272
216
329
836
264
752
234
295
329
257
288
478
257
223
273
601
273
337
284
260
284
357
503
681
458
329
354
409
273
302
221
287
281
350
311
339
362
226
474
229
163
280
267
214
570
253
558
301
272
299
248
343
326
251
772
423
253
299
397
285
545
297
286
598
283
592
261
278
328
220
366
336
285
532
310
227
455
325
265
330
337
414
185
548
629
251
270
360
256
391
373
436
248
1023
296
352
306
256
281
236
502
318
274
266
371
284
260
408
502
407
298
260
817
541
436
266
300
249
339
268
423
225
601
281
219
294
436
217
238
498
330
565
262
257
273
252
249
280
423
207
302
345
1047
436
334
575
216
225
306
424
256
204
327
213
215
287
493
396
292
218
218
251
190
294
210
274
227
252
213
238
289
273
282
226
258
308
247
255
339
237
439
304
234
548
285
289
620
319
354
259
246
271
243
226
760
269
307
266
257
297
287
253
267
541
230
268
490
262
261
221
270
133
268
235
230
193
448
302
305
608
311
336
376
242
231
331
243
334
473
330
258
258
219
233
262
233
266
348
372
317
294
260
280
296
571
302
197
262
294
249
252
404
304
511
427
222
160
560
250
534
712
328
270
436
251
219
323
436
194
304
199
298
463
296
287
234
233
300
374
277
258
472
246
248
254
515
230
414
264
227
212
291
292
312
292
378
562
364
317
436
266
406
264
338
316
379
605
233
320
171
491
293
300
283
342
262
216
237
295
282
476
239
357
357
589
413
467
241
318
252
429
279
348
227
263
326
283
297
291
403
542
250
586
207
395
236
888
278
329
235
301
380
207
211
196
337
263
315
299
276
367
203
280
227
245
241
210
158
284
260
373
182
293
307
190
790
366
266
291
270
293
361
249
228
135
558
306
214
252
275
345
4686
252
330
275
222
374
322
264
186
419
213
307
769
214
366
248
384
198
249
384
615
259
591
208
334
300
248
236
332
255
229
328
573
238
255
322
779
361
216
240
218
394
299
260
270
331
296
266
238
241
319
268
474
202
305
297
857
306
215
198
252
234
232
221
279
288
339
265
308
263
500
347
282
321
255
230
285
294
230
280
223
238
259
659
257
413
347
289
240
217
240
297
197
286
242
193
256
329
154
270
560
255
564
274
655
292
219
259
557
138
181
239
218
222
397
321
359
262
218
316
257
516
459
370
285
260
475
250
315
231
953
308
222
285
585
211
237
302
273
359
516
238
341
306
338
247
109
220
226
270
259
256
282
352
300
429
263
252
633
209
690
289
218
278
233
253
224
282
234
436
658
552
316
436
461
697
289
212
241
201
457
300
339
650
230
255
257
230
293
557
215
217
512
270
4686
538
313
321
560
255
572
242
274
233
261
154
548
544
242
222
399
252
225
234
223
278
242
285
438
297
256
259
250
221
220
462
399
402
299
313
222
335
293
329
332
267
297
180
235
812
208
228
279
277
391
222
464
1212
231
294
219
254
234
550
203
378
252
233
194
248
198
268
259
219
242
241
238
358
206
227
283
279
248
317
528
436
291
282
1078
318
173
154
270
431
284
232
567
245
224
278
337
583
402
219
289
199
249
394
203
285
267
288
235
240
260
362
217
255
317
209
291
348
175
220
255
389
570
296
295
252
178
620
229
219
292
432
246
551
235
457
268
312
269
265
239
246
272
547
242
218
454
274
289
257
225
228
225
379
201
770
300
179
471
202
202
178
347
317
285
262
271
301
288
488
203
370
553
238
903
210
200
276
246
307
619
218
287
299
331
301
222
266
396
369
215
235
477
246
258
202
462
119
934
570
265
534
350
468
248
217
202
411
312
274
225
228
274
248
249
292
206
274
333
247
239
246
250
251
546
295
271
253
233
648
322
349
182
224
239
255
307
606
226
217
283
254
218
226
593
268
267
231
250
239
235
247
439
219
550
728
289
237
359
191
623
289
453
285
224
197
214
299
237
267
204
582
514
578
302
720
367
280
301
378
242
313
201
289
281
359
405
508
232
398
202
430
319
163
273
270
525
260
164
234
574
213
303
456
493
223
320
427
310
533
230
288
270
277
443
439
202
539
378
194
256
265
312
220
269
243
189
636
249
257
239
463
281
222
401
460
436
230
243
644
289
208
191
316
196
221
189
413
231
856
233
269
438
269
266
405
210
371
151
527
204
251
211
314
279
278
436
230
266
206
626
272
265
225
626
304
847
128
226
282
436
209
905
202
491
254
332
265
246
288
166
239
201
255
220
251
270
326
201
267
250
280
263
203
301
224
371
354
323
251
220
1237
239
273
208
245
270
207
402
219
436
217
237
236
256
244
314
373
248
163
240
296
423
337
167
307
186
318
203
289
303
223
304
283
236
283
289
756
314
253
436
235
205
268
261
246
275
286
264
214
580
188
259
204
229
261
477
306
240
222
404
214
304
226
163
282
277
568
454
220
301
240
235
190
223
297
153
262
492
195
281
563
303
241
216
257
318
456
279
209
221
305
238
288
289
284
908
236
276
599
234
246
240
287
351
183
109
575
258
293
507
251
306
387
248
393
291
274
262
403
260
252
210
271
510
274
193
152
328
200
198
369
264
390
217
439
206
186
262
242
284
242
567
290
284
436
187
277
290
603
354
563
230
452
410
305
405
399
234
225
348
701
237
257
224
270
240
281
310
313
292
484
465
266
241
342
268
273
266
225
514
375
215
274
199
252
189
228
339
255
245
215
558
382
116
327
318
198
274
436
234
342
337
242
254
254
185
277
290
267
257
213
545
315
292
311
234
247
216
361
111
233
498
239
464
232
271
246
218
152
179
274
443
577
331
476
300
278
247
222
216
271
278
251
175
220
543
259
193
323
286
286
278
221
229
206
251
233
150
281
198
175
250
487
258
531
466
467
258
274
234
318
523
426
226
242
311
550
324
504
129
519
386
319
318
393
194
143
255
524
213
272
753
256
314
220
312
1179
375
503
295
282
243
560
257
211
278
404
429
109
536
290
512
249
288
335
433
495
208
272
344
218
312
288
331
230
268
209
230
345
271
446
338
241
204
214
327
232
383
450
436
189
362
305
619
436
191
388
231
219
170
148
213
592
247
223
304
250
285
120
688
215
244
856
153
349
313
277
576
543
348
214
186
645
216
272
263
276
339
231
238
257
467
568
337
288
265
271
495
292
180
232
226
203
126
347
220
306
243
222
464
211
300
220
525
210
272
439
247
260
278
296
239
193
4686
234
349
364
190
628
267
222
242
160
654
415
216
273
303
243
190
171
251
341
315
667
347
248
365
288
312
153
332
282
476
195
261
551
305
195
290
216
258
255
262
256
252
332
283
356
239
436
255
201
242
658
436
260
173
299
436
258
222
400
233
195
478
334
199
273
436
244
436
307
206
311
317
216
419
288
219
318
271
1179
281
470
198
144
302
291
254
270
552
208
482
202
275
236
225
240
372
217
278
564
426
436
283
249
493
281
274
414
178
292
207
217
283
540
258
214
328
740
302
247
364
216
212
449
418
199
250
528
156
117
236
444
214
248
517
553
212
246
284
290
250
220
216
533
270
158
213
302
378
541
306
170
237
887
309
195
202
449
478
158
294
202
216
245
283
349
214
241
173
261
259
740
121
230
280
321
314
195
353
349
632
267
284
296
272
182
310
277
929
523
227
243
194
220
220
306
315
273
492
226
520
383
523
170
193
296
400
270
634
257
261
250
272
133
178
335
244
269
275
268
311
204
545
370
334
230
309
268
218
827
273
238
509
541
203
176
217
645
186
253
304
355
307
436
160
346
255
214
1734
284
506
273
218
126
346
402
113
965
173
234
308
233
296
378
179
471
209
278
212
145
130
436
181
920
213
178
264
292
211
436
598
220
770
285
299
288
260
161
159
256
234
232
273
248
265
386
265
186
207
209
530
326
889
218
297
302
436
260
220
269
226
175
310
227
219
183
195
301
560
436
269
233
215
226
273
1181
187
432
273
365
225
210
287
436
346
242
230
436
109
152
804
243
128
268
296
217
257
313
263
262
254
513
375
229
277
298
651
238
134
282
227
167
350
410
258
214
189
245
316
278
250
189
109
302
216
213
173
159
266
270
574
272
382
131
206
175
827
144
219
239
615
118
264
558
231
328
314
266
573
242
258
434
198
195
200
233
306
436
309
208
120
230
491
336
244
494
277
423
208
248
181
169
753
214
226
326
554
279
217
543
262
241
234
203
532
436
198
677
160
280
162
190
526
554
250
168
285
254
321
471
236
242
597
222
436
849
265
292
155
265
165
238
316
226
323
280
546
218
569
279
264
204
157
250
201
137
212
167
248
173
260
436
171
190
225
142
274
257
368
179
109
218
275
176
614
223
239
266
186
165
329
220
140
223
219
436
301
543
274
252
295
229
436
303
332
235
159
213
249
568
154
190
346
111
225
336
526
276
115
265
118
232
456
192
277
259
227
209
250
298
192
249
291
256
178
518
149
278
222
246
279
213
267
243
214
397
304
259
158
219
276
284
304
271
671
253
189
168
251
229
205
293
114
202
173
147
273
686
438
134
172
579
436
395
231
270
245
223
260
142
275
153
264
239
161
314
256
215
247
219
234
194
142
330
289
181
214
436
126
146
259
216
227
195
228
303
293
305
260
247
194
270
395
231
223
356
210
182
199
267
239
161
314
198
306
218
453
293
255
566
264
701
545
567
436
237
263
436
550
223
240
163
191
341
241
209
691
436
590
350
436
623
259
287
436
412
218
806
423
300
307
234
311
269
217
432
125
159
296
420
243
198
209
308
216
881
436
321
520
436
177
269
251
189
183
289
293
134
756
127
180
415
233
436
436
280
436
257
532
308
221
161
224
314
238
301
230
369
171
293
598
143
334
252
194
192
430
388
203
254
436
332
218
217
304
130
413
195
629
503
225
217
139
117
984
117
216
436
247
774
193
173
109
221
436
236
209
166
189
257
297
500
300
589
710
161
327
212
228
160
873
273
158
506
435
225
150
281
257
205
212
191
247
217
254
219
218
662
733
253
300
273
287
762
541
328
436
158
294
128
514
185
138
484
540
300
271
308
422
237
436
163
447
271
179
496
338
446
243
204
186
333
174
201
304
546
619
271
539
555
227
153
186
282
220
436
209
176
170
497
370
1251
206
234
180
205
234
113
235
329
436
436
329
405
245
233
156
220
303
296
361
285
109
641
249
184
287
520
282
245
565
178
228
270
319
267
157
286
205
210
233
352
154
242
535
124
168
207
436
253
218
261
436
198
511
503
329
716
246
248
237
242
241
285
166
134
1174
206
342
310
160
270
187
256
249
436
243
564
266
281
135
216
228
122
208
538
281
234
148
172
863
357
366
171
590
532
436
297
177
900
283
235
236
282
232
466
695
198
168
229
328
436
181
298
436
321
159
554
186
256
452
187
299
124
885
1562
235
238
346
316
232
488
857
630
312
588
436
242
205
300
315
578
156
221
266
336
525
361
306
325
234
317
307
207
473
287
252
226
148
177
931
255
1002
195
305
538
545
275
580
220
264
121
196
169
231
282
233
257
198
387
260
427
326
259
296
122
278
228
210
304
206
1510
266
279
563
499
161
217
273
586
582
109
326
208
266
378
346
253
138
211
154
274
114
304
209
360
266
436
436
181
286
218
294
477
276
333
436
436
175
247
242
155
245
225
264
265
436
192
281
515
436
436
232
282
488
436
225
220
341
237
175
436
206
341
167
245
142
310
302
291
199
188
128
209
244
208
254
172
436
436
287
291
234
224
300
169
361
637
336
133
283
168
304
154
118
360
263
452
263
432
771
186
441
436
436
210
239
436
234
354
436
214
276
216
436
321
243
212
831
269
292
522
344
237
149
259
187
389
198
255
206
251
248
178
235
448
686
129
145
309
173
149
252
216
268
220
281
211
523
340
263
241
436
236
294
217
254
277
229
278
396
220
383
168
374
535
339
243
209
473
207
310
545
436
344
299
247
216
436
204
116
292
215
193
126
174
230
214
144
488
314
169
175
161
263
234
250
436
189
674
169
217
247
121
594
248
152
109
381
476
185
217
214
150
493
257
288
436
140
299
436
275
119
297
141
219
162
564
243
692
109
436
217
274
208
147
185
305
139
385
151
436
315
184
226
221
422
176
197
190
255
425
182
149
341
298
436
283
217
436
186
160
194
263
537
285
206
214
327
492
195
436
200
119
424
207
202
211
428
296
166
217
205
164
202
316
113
348
144
257
436
178
436
511
219
575
398
215
436
436
333
436
436
138
227
211
215
250
120
197
119
123
436
358
459
192
223
236
343
486
486
423
436
173
467
179
235
169
180
436
209
252
261
230
217
194
559
134
236
436
327
414
436
321
199
120
171
276
122
217
295
244
295
115
251
311
247
253
222
831
552
218
113
190
314
239
330
181
194
176
225
333
436
1546
436
269
357
201
352
182
436
238
161
436
436
340
271
494
234
264
270
386
436
436
163
243
183
120
109
173
253
659
353
405
326
436
335
141
229
206
222
199
143
291
436
292
326
329
436
220
146
184
436
373
115
521
163
194
233
257
210
192
436
283
286
436
179
436
130
231
216
292
120
242
315
436
221
293
166
151
180
436
256
224
326
436
228
436
609
590
225
436
272
232
436
436
238
289
436
436
172
176
237
277
172
1004
363
538
554
187
457
153
552
309
349
314
148
288
226
162
126
349
308
242
313
116
336
200
144
149
170
282
116
235
300
196
247
173
271
380
208
218
246
298
122
436
210
436
214
389
213
211
243
216
181
218
436
450
436
177
172
436
436
200
236
192
208
222
256
239
270
220
207
220
148
240
298
436
436
193
279
436
179
154
140
196
744
544
436
670
436
241
534
436
196
436
235
271
436
312
125
257
216
436
258
221
723
781
201
170
553
280
385
131
333
436
153
436
125
545
304
436
218
321
162
156
171
436
142
295
407
198
398
179
216
268
127
133
242
142
649
252
279
551
436
202
344
257
436
114
224
460
250
252
231
225
343
146
268
176
455
164
416
298
220
288
163
233
181
143
171
259
375
667
436
302
380
185
325
436
436
121
121
165
120
127
238
148
436
221
324
160
197
245
130
436
436
219
535
156
147
320
436
221
318
807
436
218
436
528
210
454
301
436
170
208
260
286
120
258
191
202
524
570
520
436
168
188
276
436
259
250
467
194
335
313
539
560
181
164
202
213
382
154
328
116
436
203
118
120
308
186
109
217
229
304
453
436
200
164
545
436
436
109
436
213
646
519
109
135
162
158
436
436
436
390
283
436
436
189
436
109
436
194
436
212
228
568
436
209
436
228
287
253
299
246
217
111
159
356
211
436
849
197
189
217
267
184
232
273
469
162
176
436
436
142
241
323
151
205
436
370
4686
264
252
436
204
436
479
217
436
232
328
625
199
262
436
283
228
263
502
436
292
119
389
436
246
182
227
436
436
436
387
622
146
153
452
210
326
182
205
436
200
177
436
394
409
436
200
510
152
180
438
164
117
436
215
206
168
140
249
256
154
158
294
436
215
455
341
436
436
476
159
248
154
220
253
496
183
195
184
110
312
436
227
259
267
332
168
189
173
436
129
521
209
109
650
184
175
248
164
191
553
245
623
322
616
242
436
131
436
436
436
436
436
436
551
436
436
436
287
165
217
153
356
208
900
436
436
436
849
143
318
174
116
249
217
253
147
255
109
163
288
234
257
436
293
242
203
182
109
304
515
239
436
213
208
436
172
329
116
240
155
358
153
436
319
234
217
155
140
125
157
552
436
258
218
470
436
249
384
436
210
212
458
539
273
335
146
436
246
256
162
123
558
436
199
271
632
291
162
314
436
436
220
262
436
436
436
362
436
216
227
436
315
234
766
109
186
255
202
240
436
527
244
283
327
436
163
233
546
272
266
195
436
270
203
172
436
436
319
204
436
436
450
167
199
183
133
109
207
436
436
339
344
280
436
206
261
268
326
124
436
525
116
436
192
134
229
716
258
436
247
436
278
436
436
436
250
436
230
436
436
436
241
436
503
175
202
270
273
110
436
317
213
200
436
168
391
148
450
177
436
305
348
214
642
568
263
189
436
252
321
273
220
202
119
558
122
223
265
436
137
214
112
221
267
436
436
318
196
140
658
394
436
157
248
436
234
436
114
320
537
228
190
436
160
236
171
369
338
436
210
280
436
245
203
173
221
216
436
220
436
128
298
449
436
503
227
172
290
436
146
122
436
151
199
867
442
229
170
187
436
140
277
4686
436
252
199
436
436
192
279
156
221
534
244
436
436
210
128
873
436
179
277
358
436
379
217
204
206
597
436
436
136
186
436
541
167
436
337
289
164
436
277
190
206
247
284
436
318
263
581
411
436
180
274
436
253
436
436
436
436
304
187
138
214
148
202
394
436
436
436
326
436
209
113
175
271
285
208
109
436
436
436
163
168
234
213
249
435
175
208
201
157
883
120
184
436
127
436
165
171
230
154
218
608
256
199
176
193
436
429
436
523
183
190
211
155
436
223
162
436
191
157
150
620
436
436
151
217
329
436
202
241
213
518
199
198
436
242
436
812
436
238
173
504
436
109
436
361
278
525
318
192
436
216
130
277
436
720
137
281
589
239
436
436
142
236
436
270
322
275
222
370
436
436
223
192
261
274
254
597
290
180
382
436
351
436
194
280
156
574
377
221
182
229
214
198
147
157
534
436
436
257
330
122
436
436
436
436
238
118
218
419
247
436
436
141
182
436
280
436
218
436
216
436
128
387
146
436
569
436
130
235
207
436
436
174
195
138
247
166
436
436
118
436
436
395
322
161
436
977
160
114
218
250
256
436
436
766
436
436
796
327
177
192
384
421
203
436
223
246
217
436
114
136
238
784
436
289
226
343
235
436
264
436
150
201
158
556
436
231
436
326
118
131
168
436
204
167
182
170
162
321
109
646
219
267
436
242
436
228
411
255
632
158
436
466
436
190
155
109
320
254
309
436
160
436
215
145
436
267
436
132
436
225
206
302
167
251
331
563
247
336
194
436
436
436
436
146
436
436
252
436
198
261
130
186
436
261
436
572
436
635
173
112
201
235
436
436
436
219
174
436
332
233
748
209
436
549
186
159
241
213
137
127
373
220
190
196
259
436
167
606
234
436
524
203
436
287
436
235
436
436
220
177
215
436
185
436
436
241
357
250
290
223
177
206
450
436
160
215
163
109
109
244
256
528
199
436
281
262
218
436
127
436
436
113
436
174
281
184
142
649
436
351
158
436
654
113
436
420
115
436
240
131
313
196
436
214
436
230
247
436
224
109
436
178
253
111
436
436
223
436
136
168
302
110
194
346
109
436
436
436
363
767
218
436
436
139
259
436
436
173
115
185
436
109
109
275
436
512
179
405
262
209
234
436
202
413
191
109
436
215
436
396
436
218
436
204
337
304
211
311
471
436
145
436
331
436
109
436
259
436
125
436
218
150
296
295
327
257
350
436
151
332
350
321
436
338
166
436
436
224
289
220
307
436
169
191
211
436
436
148
211
178
280
436
155
112
436
205
109
436
436
436
628
400
120
262
204
436
436
215
436
201
184
139
256
436
176
319
436
436
436
433
436
436
267
436
436
218
191
177
272
164
135
261
237
255
285
148
109
155
214
318
436
436
436
436
220
436
140
289
202
436
436
436
436
301
221
436
284
436
245
144
241
436
281
379
379
196
481
436
118
436
436
152
258
187
168
610
436
189
891
436
436
151
169
185
436
138
243
436
143
158
532
436
174
436
203
180
457
237
264
230
138
436
436
1584
169
148
115
224
436
217
436
322
112
194
115
436
285
124
121
140
117
436
759
436
277
436
602
218
177
114
237
436
208
334
367
209
135
279
131
131
436
364
436
236
142
122
436
436
436
453
158
197
436
432
436
436
436
436
436
301
436
436
336
190
194
436
246
436
503
372
254
178
436
436
139
436
110
236
154
436
248
436
436
216
592
200
321
436
156
197
157
223
120
229
115
436
281
371
276
436
283
436
241
346
532
436
152
436
109
205
339
436
436
436
436
436
720
436
323
130
445
552
436
123
436
281
436
277
436
217
169
436
436
436
150
436
380
315
137
348
436
436
219
209
249
193
254
436
529
153
226
436
217
436
119
129
436
436
186
748
436
208
255
436
254
436
155
436
436
436
1535
128
175
257
210
267
436
140
291
133
123
126
436
550
191
311
455
133
273
436
436
266
218
436
196
238
436
436
436
406
585
395
215
436
598
109
234
141
436
285
268
436
436
436
436
278
436
436
436
537
436
218
240
109
116
436
222
266
284
436
109
113
186
436
164
652
164
436
188
378
143
201
436
239
211
219
436
436
204
183
323
209
436
255
259
436
115
297
224
192
436
214
263
436
184
436
436
203
202
158
225
188
314
254
218
156
277
436
436
194
436
151
247
274
206
179
950
436
436
436
563
216
119
109
221
227
436
436
331
436
134
197
436
543
295
315
182
436
436
111
242
184
436
123
436
436
436
436
262
197
566
256
146
436
436
436
299
168
436
436
436
501
288
109
436
284
436
495
214
629
436
109
197
436
528
278
525
436
111
171
436
280
436
436
109
274
436
436
251
436
436
436
316
436
184
221
113
292
436
276
436
436
436
436
170
179
436
436
436
436
436
436
436
436
125
436
436
436
187
109
436
431
436
436
167
114
231
329
298
228
122
296
228
216
223
436
436
436
436
203
209
240
110
436
203
436
197
436
436
436
138
436
161
436
436
504
436
159
436
436
436
436
357
223
436
238
110
436
436
436
186
228
210
436
133
171
136
436
436
109
190
221
436
436
436
162
436
271
436
183
176
305
436
436
295
138
213
436
294
230
436
436
436
167
162
436
131
436
436
143
322
251
218
157
135
186
132
436
436
436
280
436
436
436
419
436
166
316
259
436
224
436
220
221
436
436
436
171
109
436
436
212
300
167
327
158
436
436
218
438
302
436
436
436
139
312
205
436
542
298
131
436
110
436
235
436
436
205
325
471
633
118
436
436
278
436
436
436
436
436
436
436
436
436
125
254
436
133
133
436
436
215
436
372
436
122
144
436
436
436
436
436
304
261
436
235
127
418
436
189
133
436
253
155
436
436
436
436
118
436
436
436
436
436
178
436
436
436
436
436
693
436
223
211
436
140
524
204
190
436
436
436
697
436
436
179
189
436
207
436
171
188
436
398
267
125
170
418
436
201
436
479
403
436
213
217
255
164
436
258
232
149
229
436
436
436
436
116
165
485
267
436
301
190
436
369
183
199
436
605
241
517
631
436
436
436
218
299
436
436
160
187
144
197
505
194
215
436
436
188
162
165
145
351
229
436
436
436
436
259
192
436
182
264
436
219
132
178
214
312
215
436
222
436
316
268
436
286
436
436
436
436
436
436
436
436
267
332
182
436
339
436
436
436
436
436
266
436
436
255
223
276
150
334
286
436
436
176
234
436
109
171
296
127
115
436
436
436
436
436
513
436
436
436
109
499
436
436
183
123
237
165
436
436
205
193
436
436
436
109
436
212
436
157
436
436
177
262
388
337
436
182
520
436
262
219
293
436
295
436
436
436
436
436
436
436
124
299
445
436
154
436
248
436
211
436
184
172
436
436
596
436
436
436
436
158
436
436
436
228
436
865
695
111
436
436
321
436
214
890
436
214
193
109
133
436
206
436
273
150
401
436
436
181
239
436
436
240
182
436
309
109
545
903
436
516
436
330
168
436
436
436
155
436
436
436
117
436
113
228
436
354
436
436
436
404
236
436
436
436
436
288
436
436
313
196
436
335
436
436
436
129
509
186
597
195
156
436
436
436
436
258
277
128
436
148
205
436
436
220
157
586
237
436
137
347
291
436
436
436
217
436
261
436
222
172
153
436
436
234
436
209
436
174
436
436
436
436
314
193
436
436
436
436
436
436
436
114
436
178
111
148
436
436
436
334
436
511
436
436
269
219
162
219
286
436
436
436
436
109
436
322
436
436
436
436
153
196
436
436
436
396
436
440
295
436
436
436
178
236
260
436
436
436
436
436
217
522
436
436
436
222
436
247
436
436
272
436
309
112
243
436
146
332
215
436
436
436
436
178
174
436
314
206
436
436
259
454
436
436
436
194
137
436
395
239
122
230
436
111
109
436
207
309
436
436
436
207
271
436
161
436
259
109
436
436
436
235
436
231
436
436
188
436
313
436
436
436
476
317
436
224
436
436
436
436
331
436
188
436
321
219
436
436
436
1108
273
436
288
436
218
446
493
436
129
436
436
201
436
624
650
436
436
286
436
436
436
436
436
436
245
436
217
436
236
381
199
874
436
436
436
144
436
436
181
453
436
251
139
136
223
481
436
436
182
436
436
436
173
283
534
436
436
542
543
436
156
436
436
436
436
436
199
436
678
369
436
436
234
478
232
263
436
109
388
215
436
110
436
159
436
353
174
436
301
436
436
436
436
283
436
436
164
513
436
362
436
436
240
436
436
258
266
436
436
436
113
436
207
207
839
436
436
524
436
491
436
436
138
194
199
348
436
436
167
436
545
185
436
436
436
436
436
171
497
109
436
112
404
240
436
210
172
382
435
436
498
156
256
436
272
436
266
189
281
574
137
436
436
436
436
209
251
436
436
547
436
436
436
144
436
322
436
436
347
169
995
496
436
436
241
825
303
436
112
436
436
433
472
436
141
436
323
282
436
436
436
436
308
436
451
436
188
436
266
436
121
436
436
436
436
436
436
225
895
168
487
186
436
194
436
109
436
436
109
436
436
235
436
436
436
436
305
436
484
436
436
180
436
302
436
436
436
436
436
436
306
436
436
436
211
174
167
436
283
109
436
436
436
436
175
436
482
177
383
299
436
436
436
470
436
436
168
243
436
436
288
436
436
436
132
187
295
436
436
436
436
436
436
382
170
436
436
436
252
436
496
295
436
436
436
308
436
436
436
241
115
138
436
247
436
310
291
436
649
436
143
220
249
1188
436
295
436
436
436
226
493
436
436
225
436
436
436
130
436
436
122
436
436
477
436
436
564
436
436
436
436
146
249
217
436
436
436
436
436
436
436
466
436
436
436
239
436
539
436
436
226
436
436
436
492
436
295
436
193
344
204
436
436
232
436
320
436
262
302
436
436
248
436
436
436
332
128
436
436
436
143
203
436
436
436
436
308
436
436
179
436
297
436
436
436
436
203
436
131
436
436
436
436
436
304
436
436
436
297
303
299
436
436
436
436
436
590
436
436
436
436
436
436
436
436
436
436
124
436
436
112
150
436
176
436
436
436
436
436
1912
436
264
436
172
436
436
244
222
436
436
457
177
336
436
436
324
285
134
162
436
436
188
280
436
211
436
470
436
436
193
430
258
436
436
436
182
436
229
279
436
436
436
467
259
614
136
436
436
436
436
436
436
171
436
436
436
436
436
157
436
436
436
436
247
436
436
436
218
249
109
436
217
150
436
665
144
436
436
436
305
436
436
436
206
137
540
436
436
436
436
436
920
436
288
436
436
109
257
198
436
436
436
436
221
436
436
436
296
436
436
436
109
117
436
147
143
752
436
436
436
146
231
224
594
436
169
118
436
167
167
436
436
436
436
436
436
656
225
241
436
168
297
436
436
198
436
180
316
436
436
225
436
436
110
436
436
228
436
436
325
217
436
436
473
436
119
436
145
182
260
436
436
436
436
184
436
339
436
436
248
436
436
436
436
272
256
147
903
436
200
436
210
436
111
200
436
655
436
436
436
436
436
436
436
118
332
436
436
322
436
436
145
436
436
436
436
184
436
436
436
212
436
436
436
436
436
436
436
436
436
436
1584
265
436
118
436
436
436
436
244
479
499
436
436
436
436
436
180
436
645
436
436
436
436
436
300
200
436
436
436
436
436
436
436
436
436
265
248
436
436
436
436
436
139
436
436
250
206
436
436
172
141
436
217
436
206
238
436
123
109
168
436
436
209
436
791
169
436
435
436
223
192
436
131
436
436
436
531
436
234
436
436
201
180
253
436
436
436
436
436
436
436
246
289
436
276
436
136
436
436
497
436
524
436
150
234
436
534
436
436
436
436
436
232
224
182
436
436
436
436
598
229
482
436
436
436
436
121
436
436
229
109
187
124
699
231
436
153
436
109
297
436
162
153
436
436
197
436
436
319
436
436
436
436
436
244
198
436
523
436
436
436
157
261
436
473
131
436
533
436
436
686
270
436
436
436
436
223
436
436
436
436
436
145
436
436
527
436
436
436
436
436
436
194
177
317
674
436
351
323
685
436
436
147
436
904
436
158
436
433
436
436
436
188
230
436
436
436
436
436
436
1173
436
436
436
196
436
163
436
436
232
227
456
253
201
482
436
436
436
436
174
436
436
436
436
436
436
436
144
436
157
436
436
181
239
436
436
436
436
436
439
436
436
436
436
436
436
284
436
109
359
436
436
436
436
436
436
436
436
436
436
201
229
436
436
202
109
605
436
536
436
436
436
235
436
146
506
151
436
425
212
436
436
436
186
436
436
193
604
436
436
436
123
382
436
436
165
436
436
436
377
109
436
125
436
436
436
120
436
824
436
436
436
436
181
436
436
135
436
436
436
436
436
273
255
286
188
487
436
436
436
566
212
436
528
436
269
436
158
436
293
436
222
436
436
436
436
215
436
436
436
436
436
436
253
2098
436
170
436
197
109
494
109
436
436
436
323
436
436
214
436
436
436
436
330
153
256
436
436
128
436
436
119
436
231
436
112
436
436
109
171
436
436
436
436
436
283
436
436
146
436
436
436
436
436
436
436
436
145
436
436
258
611
436
436
576
436
436
436
436
210
210
436
776
212
220
436
436
436
436
436
436
436
436
155
282
436
436
436
486
171
297
193
511
266
436
436
452
109
1039
436
534
436
436
436
500
436
255
218
234
436
198
436
436
159
219
436
198
183
436
436
185
436
436
235
436
436
436
436
240
186
436
436
465
436
436
436
436
223
436
168
436
436
436
714
436
436
301
436
436
223
436
109
436
436
436
436
685
436
197
436
436
436
332
436
436
264
436
436
356
109
436
436
436
436
225
436
436
436
120
436
436
204
436
235
181
156
436
169
436
436
436
217
436
436
436
436
436
436
436
111
420
436
436
436
170
436
436
436
230
229
436
436
436
436
754
512
436
436
436
436
436
646
594
538
436
436
436
257
436
613
204
436
436
122
436
549
436
342
169
255
436
264
436
224
377
211
436
436
235
110
436
436
436
436
170
436
185
436
436
436
109
436
436
811
436
328
436
436
436
268
139
436
168
458
436
225
264
436
436
436
436
436
436
436
436
436
300
436
436
436
436
436
436
436
436
436
502
436
436
436
436
436
169
297
191
436
295
436
356
436
263
436
436
436
436
436
436
436
436
436
436
411
436
523
436
436
436
436
436
436
436
436
436
436
436
436
266
321
436
436
436
269
436
436
158
306
436
651
436
481
436
436
436
436
436
436
263
436
436
278
436
436
343
436
436
248
436
386
436
436
436
436
436
140
436
436
436
436
436
246
436
436
194
436
273
436
663
219
436
436
149
436
483
280
436
158
173
158
436
436
436
436
436
436
436
436
268
436
436
436
436
436
167
436
436
436
560
436
436
532
436
436
436
436
436
436
436
176
117
436
133
436
436
436
113
436
436
324
260
436
436
208
218
436
559
436
436
436
436
195
436
436
436
213
436
436
436
436
176
436
436
162
436
436
436
381
436
238
436
436
436
436
436
436
436
436
669
436
245
436
436
436
230
436
436
201
436
436
224
436
436
436
436
436
204
436
436
146
250
126
243
436
436
436
436
436
436
436
436
436
436
436
127
436
436
436
156
436
436
191
436
286
436
436
262
192
436
436
227
436
178
436
436
436
436
436
436
186
436
436
436
211
436
436
201
436
436
436
229
436
436
436
436
436
282
436
436
436
436
436
436
436
218
189
436
436
436
232
436
436
503
436
436
436
436
158
262
156
127
436
436
436
436
436
436
186
190
436
436
436
436
165
436
436
224
436
314
436
436
436
436
436
448
436
109
163
436
245
436
436
436
119
436
436
436
436
436
300
436
436
436
436
135
436
436
436
436
436
436
461
436
436
436
179
436
436
436
436
436
436
436
436
288
436
245
436
436
436
436
436
237
436
436
436
436
161
436
151
436
436
436
436
413
284
234
436
436
436
436
436
436
436
226
249
436
436
954
436
278
436
625
436
436
330
436
436
118
436
436
436
436
152
490
436
436
436
436
436
436
436
436
436
124
241
436
436
436
436
124
436
436
152
436
436
436
436
436
436
436
186
436
436
436
352
489
329
436
436
436
436
436
436
109
436
436
444
436
436
436
436
436
436
436
436
436
436
436
436
436
436
436
436
286
436
436
436
229
436
166
436
436
436
436
436
133
436
436
269
229
436
436
436
436
436
436
436
251
436
436
436
436
436
436
436
616
436
436
436
747
436
436
254
436
109
436
145
436
436
436
197
436
434
436
436
436
436
341
436
436
257
508
436
436
436
436
436
436
436
436
436
436
436
436
227
436
436
436
436
436
436
227
113
174
436
436
112
436
436
454
109
436
281
436
436
436
170
436
436
436
436
436
436
436
436
436
436
178
436
436
109
641
436
436
436
436
436
436
436
436
109
553
436
436
436
267
436
436
461
436
436
436
436
278
436
436
436
436
436
173
436
436
436
109
436
436
436
436
436
193
436
436
436
379
436
167
436
436
296
436
671
436
436
436
436
436
436
436
436
122
436
436
436
436
436
436
436
436
268
436
179
474
436
436
436
436
436
436
193
436
436
436
177
436
436
436
436
285
436
436
436
436
129
436
112
478
436
436
436
436
228
436
436
436
436
436
436
436
436
695
436
436
436
436
436
436
436
436
275
436
436
436
475
436
223
436
497
436
242
436
436
436
184
604
436
436
436
436
436
436
436
436
436
436
228
176
436
436
436
436
436
436
516
436
436
134
436
436
436
436
436
199
436
403
436
436
436
246
436
436
436
436
436
436
436
436
436
436
184
436
174
195
216
436
180
436
436
436
436
436
436
436
755
436
436
436
264
436
271
436
436
436
436
436
436
436
436
436
436
436
436
193
436
436
154
436
208
436
109
436
200
436
150
215
436
436
436
436
436
436
329
436
436
436
459
436
247
436
436
436
436
143
436
237
436
436
436
184
136
436
540
436
436
436
436
436
436
436
436
436
436
436
436
226
436
436
436
436
327
436
436
247
436
126
436
436
197
436
119
414
436
436
436
436
436
436
109
114
436
436
436
436
436
117
436
436
191
436
436
153
436
436
436
436
436
436
436
436
436
436
436
118
242
436
436
436
145
436
436
172
436
436
436
436
178
436
436
436
436
436
130
436
179
436
436
436
436
436
436
436
534
436
125
436
436
197
436
436
436
436
436
436
436
436
486
436
436
436
436
436
540
316
436
436
436
436
436
436
436
172
436
436
436
436
436
436
436
436
436
436
436
436
436
934
436
212
436
436
436
148
436
436
436
436
436
350
436
144
181
436
130
436
436
216
436
436
436
436
436
180
281
254
436
436
127
111
436
134
436
436
436
436
436
436
436
436
436
436
342
436
154
174
436
170
436
436
183
436
190
235
436
436
156
436
436
436
139
436
429
436
436
436
128
436
436
323
436
436
436
173
436
436
436
330
436
436
423
436
436
465
148
436
436
436
436
126
436
436
436
436
436
836
436
436
436
436
436
436
109
436
436
436
436
436
207
563
436
194
436
436
436
436
436
464
436
201
436
436
436
340
436
530
549
436
436
436
436
436
137
309
134
436
436
436
436
436
436
436
436
436
436
436
436
436
186
124
436
436
128
436
436
436
436
436
436
216
436
436
436
436
203
436
436
436
228
131
436
436
436
436
436
436
436
164
246
436
436
436
289
174
594
221
485
436
436
109
436
436
2098
436
436
436
266
166
436
436
436
436
436
436
436
436
436
518
436
244
436
436
436
115
436
141
436
436
195
436
436
436
423
436
436
436
436
436
328
126
357
436
436
436
436
436
436
436
436
436
436
436
436
436
436
436
436
436
436
436
436
436
315
436
133
436
436
436
436
436
335
300
436
436
436
258
250
436
436
436
436
194
436
436
436
436
436
436
361
436
436
161
436
436
436
436
573
436
436
436
436
436
436
137
436
436
436
436
436
436
436
436
436
485
436
835
436
251
436
436
436
241
436
192
436
436
793
436
436
436
123
436
495
436
436
436
436
329
436
436
289
436
519
436
436
436
436
436
413
274
288
117
436
436
436
436
436
436
436
436
436
427
436
436
436
436
436
436
436
392
436
436
436
436
436
436
436
436
204
147
436
245
436
436
343
436
436
436
436
436
436
436
436
436
436
436
495
436
124
436
436
436
208
436
436
436
436
436
250
436
509
109
436
436
157
180
165
217
436
436
574
436
436
436
436
436
436
436
436
436
210
436
401
436
599
774
276
109
436
436
436
185
436
436
436
436
436
436
331
436
131
436
436
436
261
436
436
447
436
436
436
436
309
436
436
436
109
436
436
436
436
436
436
121
436
436
207
436
430
436
109
436
436
436
436
436
436
436
436
436
151
436
436
436
436
436
436
436
436
436
126
436
436
137
436
275
436
168
144
436
436
160
436
436
263
436
436
436
436
436
142
307
436
436
436
436
436
436
436
436
436
436
436
436
436
436
436
436
436
436
436
436
248
436
234
436
436
436
436
436
233
436
436
436
436
436
436
436
436
455
436
436
436
436
436
436
436
436
436
436
436
436
211
436
436
436
436
436
436
436
436
436
165
436
287
436
548
436
436
436
140
436
436
192
140
436
436
436
539
436
436
965
436
436
436
436
436
436
436
436
436
436
436
222
436
245
436
227
436
229
641
436
436
248
436
436
380
436
142
436
276
436
436
436
128
436
190
436
436
436
148
534
436
191
436
436
167
436
436
436
279
436
436
436
436
611
436
436
436
436
436
436
436
436
436
436
436
436
436
436
436
436
436
436
436
436
436
436
284
436
436
436
436
436
436
109
436
436
436
436
436
436
436
436
436
436
436
436
436
436
436
436
436
436
169
436
436
436
677
237
436
436
436
436
436
127
436
436
511
509
436
185
436
436
436
436
226
299
436
436
436
436
436
436
436
436
226
436
436
436
436
436
436
436
436
235
436
436
436
436
436
436
436
436
436
436
436
436
436
436
109
436
436
288
522
216
436
436
436
436
436
436
436
131
436
436
436
436
436
165
436
436
436
436
436
186
436
436
436
436
436
436
436
436
436
436
436
436
436
436
436
436
436
436
366
325
436
183
436
436
504
436
436
436
436
436
436
436
158
436
436
193
436
436
436
436
436
436
179
436
436
436
436
638
436
436
436
436
436
436
225
436
436
167
436
436
436
436
436
436
436
436
161
223
109
436
273
436
365
436
436
436
436
436
436
436
184
436
436
436
436
436
436
4686
436
199
436
436
265
121
436
436
436
436
436
436
436
436
436
436
436
436
436
436
131
436
171
436
146
436
436
436
436
436
195
436
436
701
436
436
436
436
221
436
436
436
436
436
125
168
436
436
436
436
175
436
436
436
168
436
436
436
436
259
436
436
455
436
436
436
436
436
436
436
436
436
436
436
436
436
436
269
251
436
436
436
436
224
436
436
436
436
192
119
436
436
436
436
436
436
436
436
109
436
436
436
436
436
436
436
436
436
436
436
436
436
436
436
436
436
436
436
436
436
284
436
291
183
436
436
436
436
436
436
241
300
190
436
436
436
436
436
599
436
229
192
436
436
436
261
436
436
524
436
436
121
436
436
436
436
436
436
436
436
436
436
436
436
436
436
201
436
436
436
436
436
436
519
436
436
436
436
436
436
195
436
436
436
552
436
436
436
374
436
436
252
436
183
436
436
436
436
436
436
436
436
436
436
436
183
249
436
385
436
199
436
258
436
436
436
436
436
436
436
436
436
436
436
436
483
436
436
436
436
436
436
436
436
436
436
690
436
172
436
436
436
436
257
436
436
121
436
117
533
436
436
436
436
243
436
436
468
436
436
436
436
436
436
436
436
144
436
436
436
436
436
436
436
436
194
436
436
436
456
436
436
436
436
436
436
474
436
436
436
436
436
436
238
436
436
436
436
436
436
436
289
436
436
436
436
436
436
436
436
436
436
436
436
436
436
436
436
436
436
436
436
436
436
436
436
436
436
436
436
436
436
272
436
538
436
436
436
436
436
436
436
436
436
436
436
436
436
436
436
436
436
220
436
436
436
436
436
300
436
153
436
276
440
687
436
436
436
436
436
436
355
436
436
151
436
436
436
429
436
436
436
436
436
436
436
436
436
436
436
436
837
436
436
436
436
436
518
436
436
554
436
436
436
436
291
436
436
436
436
436
436
436
436
436
436
436
436
418
436
595
436
436
436
436
436
436
436
436
196
436
436
436
436
436
436
436
436
436
436
436
354
436
436
436
436
436
436
795
436
250
436
436
266
436
436
436
436
361
436
436
436
436
436
436
436
436
436
436
436
436
436
436
628
259
436
311
436
675
436
496
213
436
436
436
436
157
173
388
141
436
436
436
436
436
436
436
436
436
436
436
436
436
436
436
436
436
436
436
436
237
436
436
436
436
436
436
436
436
227
139
436
137
436
237
436
436
436
436
436
436
436
194
436
221
436
723
436
202
436
436
348
436
436
436
436
436
436
436
257
436
247
436
213
262
153
436
436
436
452
436
572
436
436
436
436
436
436
436
436
436
436
436
120
436
436
436
160
436
436
436
436
687
436
173
436
112
458
226
436
436
436
518
436
436
436
436
436
436
123
218
436
436
436
436
220
130
436
171
203
436
436
436
436
436
436
436
436
368
436
436
436
436
436
436
436
436
436
436
436
330
436
436
436
436
436
115
129
179
436
436
109
436
436
436
436
127
238
436
436
436
436
436
436
436
436
436
436
436
1487
436
436
436
436
436
436
202
436
436
