298
323
296
317
325
279
319
310
340
293
318
317
287
342
300
294
299
285
284
272
321
353
277
315
306
278
291
250
323
306
266
299
268
414
267
263
273
303
275
268
282
275
272
291
291
285
253
403
279
259
244
279
349
251
252
244
294
236
240
250
257
225
291
285
227
247
242
311
237
275
229
207
246
256
250
228
379
226
243
245
255
277
284
254
287
287
319
208
266
225
235
227
223
269
242
229
232
219
213
490
219
204
208
202
216
234
237
251
209
201
218
249
212
232
189
194
249
224
205
202
195
206
173
218
190
191
214
196
185
179
178
189
265
208
212
176
166
178
190
181
172
155
182
197
196
179
172
151
170
167
192
150
140
171
175
157
167
336
147
120
143
161
155
178
187
147
168
158
149
167
159
270
175
171
153
336
123
157
336
137
336
336
144
336
173
153
112
143
128
152
103
125
109
117
144
121
138
136
86
336
336
142
104
119
105
160
336
132
112
138
336
120
122
91
336
336
336
336
336
336
336
137
336
125
336
336
336
336
336
336
336
336
336
89
336
336
336
99
336
336
336
336
336
336
336
336
336
336
129
336
336
336
336
336
92
336
336
336
336
336
336
336
336
336
336
336
336
336
336
336
90
336
336
336
336
336
336
336
336
336
336
336
336
336
336
336
336
336
336
336
336
336
336
336
336
336
336
336
336
336
336
336
336
336
336
336
336
336
336
336
336
336
336
336
336
336
336
336
336
336
336
336
336
336
336
336
336
336
336
336
336
336
336
336
336
336
336
336
336
336
336
336
336
336
336
336
336
336
336
336
336
336
336
336
336
336
336
336
336
336
336
336
336
336
336
336
336
336
336
336
336
336
336
336
336
336
336
336
336
336
336
336
336
336
336
336
336
336
336
336
336
336
336
336
336
336
336
336
336
336
336
336
336
336
336
336
336
336
336
336
336
336
336
336
336
336
336
336
336
336
336
336
336
336
336
336
336
336
336
336
336
336
336
336
336
336
336
336
336
336
336
336
336
336
336
336
336
336
336
336
336
336
336
336
336
336
336
336
336
336
336
336
336
336
336
336
336
336
336
336
336
336
336
336
336
336
336
336
336
336
336
336
336
336
336
336
336
336
336
336
336
336
336
336
336
336
336
336
336
336
336
336
336
336
336
336
336
336
336
336
336
336
336
336
336
336
336
336
336
336
336
336
336
336
336
336
336
336
336
336
336
336
336
336
336
336
336
336
336
336
336
336
336
336
336
336
336
336
336
336
336
336
336
336
336
336
336
336
336
336
336
336
336
336
336
336
336
336
336
336
336
336
336
336
336
336
336
336
336
336
336
336
336
336
336
336
336
336
336
336
336
336
336
336
336
336
336
336
336
139
336
336
336
336
336
336
336
336
336
336
336
336
336
336
336
336
336
336
336
336
336
336
336
336
336
336
336
336
336
336
336
336
336
336
336
336
336
336
336
336
336
336
336
336
336
336
336
336
336
336
336
336
336
336
336
336
336
336
336
336
336
336
336
336
336
336
336
336
336
336
336
336
336
336
336
336
336
336
336
336
336
336
336
336
336
336
336
336
336
336
336
336
336
336
336
336
336
336
336
336
336
336
336
336
336
336
336
336
336
336
336
336
336
336
336
336
336
336
336
336
336
336
336
336
336
336
336
336
336
336
336
336
336
336
336
336
336
336
336
336
336
336
336
336
336
336
336
336
336
336
336
336
336
336
336
336
336
336
336
336
336
336
336
336
336
336
336
336
336
336
336
336
336
336
336
336
336
336
336
336
336
336
336
336
336
336
336
336
336
336
336
336
336
336
336
336
336
336
336
336
336
336
336
336
336
336
336
336
336
336
336
336
336
336
336
336
336
336
336
336
336
336
336
336
336
336
336
336
336
336
336
336
336
336
336
336
336
336
336
336
336
336
336
336
336
336
336
336
336
336
336
336
336
336
336
336
336
336
336
336
336
336
336
336
336
336
336
336
336
336
336
336
336
336
336
336
336
336
336
336
336
336
336
336
336
336
336
336
336
336
336
336
336
336
336
336
336
336
336
336
336
336
336
336
336
336
336
336
336
336
336
336
336
336
336
336
336
336
336
336
336
336
336
336
336
336
336
336
336
336
336
336
336
336
336
336
336
336
336
336
336
336
336
336
336
336
336
336
336
336
336
336
336
336
336
336
336
336
336
336
336
336
336
336
336
336
336
336
336
336
336
336
336
336
336
336
336
336
336
336
336
336
336
336
336
336
336
336
336
336
336
336
336
336
336
336
336
336
336
336
336
336
336
336
336
336
336
336
336
336
336
336
336
336
336
336
336
336
336
336
336
336
336
336
336
336
336
336
336
336
336
336
336
336
336
336
336
336
336
336
336
336
336
336
336
336
336
336
336
336
336
336
336
336
336
336
336
336
336
336
336
336
336
336
336
336
336
336
336
336
336
336
336
336
336
336
336
336
336
336
336
336
336
336
336
336
336
336
336
336
336
336
336
336
336
336
336
336
336
336
336
336
336
336
336
336
336
336
336
336
336
336
336
336
336
336
336
336
336
336
336
336
336
336
336
336
336
336
336
336
336
336
336
336
336
336
336
336
336
336
336
336
336
336
336
336
336
336
336
336
336
336
336
336
336
336
336
336
336
336
336
336
336
336
336
336
336
336
336
336
336
336
336
336
336
336
336
336
336
336
336
336
336
336
336
336
336
336
336
336
336
336
336
336
336
336
336
336
336
336
336
336
336
336
336
336
336
336
336
336
336
336
336
336
336
336
336
336
336
336
336
336
336
336
336
336
336
336
336
336
336
336
336
336
336
336
336
336
336
336
336
336
336
336
336
336
336
336
336
336
336
336
336
336
336
336
336
336
336
336
336
336
336
336
336
336
336
336
336
336
336
336
336
336
336
336
336
336
336
336
336
336
336
336
336
336
336
336
336
336
336
336
336
336
336
336
336
336
336
336
336
336
336
336
336
336
336
336
336
336
336
336
336
336
336
336
336
336
336
336
336
336
336
336
336
336
336
336
336
336
336
336
336
336
336
336
336
336
336
336
336
336
336
336
336
336
336
336
336
336
336
336
336
336
336
336
336
336
336
336
336
336
336
336
336
336
336
336
336
336
336
336
336
336
336
336
336
336
336
336
336
336
336
336
336
336
336
336
336
336
336
336
336
336
336
336
336
336
336
336
336
336
336
336
336
336
336
336
336
336
336
336
336
336
336
336
336
336
336
336
336
336
336
336
336
336
336
336
336
336
336
336
336
336
336
336
336
336
336
336
336
336
336
336
336
336
336
336
336
336
336
336
336
336
336
336
336
336
336
336
336
336
336
336
336
336
336
336
336
336
336
336
336
336
336
336
336
336
336
336
336
336
336
336
336
336
336
336
336
336
336
336
336
336
336
336
336
336
336
336
336
336
336
336
336
336
336
336
336
336
336
336
336
336
336
336
336
336
336
336
336
336
336
336
336
336
336
336
336
336
336
336
336
336
336
336
336
336
336
336
336
336
336
336
336
336
336
336
336
336
336
336
336
336
336
336
336
336
336
336
336
336
336
336
336
336
336
336
336
336
336
336
336
336
336
336
336
336
336
336
336
336
336
336
336
336
336
336
336
336
336
336
336
336
336
336
336
336
336
336
336
336
336
336
336
336
336
336
336
336
336
336
336
336
336
336
336
336
336
336
336
336
336
336
336
336
336
336
336
336
336
336
336
336
336
336
336
336
336
336
336
336
336
336
336
336
336
336
336
336
336
336
336
336
336
336
336
336
336
336
336
336
336
336
336
336
336
336
336
336
336
336
336
336
336
336
336
336
336
336
336
336
336
336
336
336
336
336
336
336
336
336
336
336
336
336
336
336
336
336
336
336
336
336
336
336
336
336
336
336
336
336
336
336
336
336
336
336
336
336
336
336
336
336
336
336
336
336
336
336
336
336
336
336
336
336
336
336
336
336
336
336
336
336
336
336
336
336
336
336
336
336
336
336
336
336
336
336
336
336
336
336
336
336
336
336
336
336
336
336
336
336
336
336
336
336
336
336
336
336
336
336
336
336
336
336
336
336
336
336
336
336
336
336
336
336
336
336
336
336
336
336
336
336
336
336
336
336
336
336
336
336
336
336
336
336
336
336
336
336
336
336
336
336
336
336
336
336
336
336
336
336
336
336
336
336
336
336
336
336
336
336
336
336
336
336
336
336
336
336
336
336
336
336
336
336
336
336
336
336
336
336
336
336
336
336
336
336
336
336
336
336
336
336
336
336
336
336
336
336
336
336
336
336
336
336
336
336
336
336
336
336
336
336
336
336
336
336
336
336
336
336
336
336
336
336
336
336
336
336
336
336
336
336
336
336
336
336
336
336
336
336
336
336
336
336
336
336
336
336
336
336
336
336
336
336
336
336
336
336
336
336
336
336
336
336
336
336
336
336
336
336
336
336
336
336
336
336
336
336
336
336
336
336
336
336
336
336
336
336
336
336
336
336
336
336
336
336
336
336
336
336
336
336
336
336
336
336
336
336
336
336
336
336
336
336
336
336
336
336
336
336
336
336
336
336
336
336
336
336
336
336
336
336
336
336
336
336
336
336
336
336
336
336
336
336
336
336
336
336
336
336
336
336
336
336
336
336
336
336
336
336
336
336
336
336
336
336
336
336
336
336
336
336
336
336
336
336
336
336
336
336
336
336
336
336
336
336
336
336
336
336
336
336
336
336
336
336
336
336
336
336
336
336
336
336
336
336
336
336
336
336
336
336
336
336
336
336
336
336
336
336
336
336
336
336
336
336
336
336
336
336
336
336
336
336
336
336
336
336
336
336
336
336
336
336
336
336
336
336
336
336
336
336
336
336
336
336
336
336
336
336
336
336
336
336
336
336
336
336
336
336
336
336
336
336
336
336
336
336
336
336
336
336
336
336
336
336
336
336
336
336
336
336
336
336
336
336
336
336
336
336
336
336
336
336
336
336
336
336
336
336
336
336
336
336
336
336
336
336
336
336
336
336
336
336
336
336
336
336
336
336
336
336
336
336
336
336
336
336
336
336
336
336
336
336
336
336
336
336
336
336
336
336
336
336
336
336
336
336
336
336
336
336
336
336
336
336
336
336
336
336
336
336
336
336
336
336
336
336
336
336
336
336
336
336
336
336
336
336
336
336
336
336
336
336
336
336
336
336
336
336
336
336
336
336
336
336
336
336
336
336
336
336
336
336
336
336
336
336
336
336
336
336
336
336
336
336
336
336
336
336
336
336
336
336
336
336
336
336
336
336
336
336
336
336
336
336
336
336
336
336
336
336
336
336
336
336
336
336
336
336
336
336
336
336
336
336
336
336
336
336
336
336
336
336
336
336
336
336
336
336
336
336
336
336
336
336
336
336
336
336
336
336
336
336
336
336
336
336
336
336
336
336
336
336
336
336
336
336
336
336
336
336
336
336
336
336
336
336
336
336
336
336
336
336
336
336
336
336
336
336
336
336
336
336
336
336
336
336
336
336
336
336
336
336
336
336
336
336
336
336
336
336
336
336
336
336
336
336
336
336
336
336
336
336
336
336
336
336
336
336
336
336
336
336
336
336
336
336
336
336
336
336
336
336
336
336
336
336
336
336
336
336
336
336
336
336
336
336
336
336
336
336
336
336
336
336
336
336
336
336
336
336
336
336
336
336
336
336
336
336
336
336
336
336
336
336
336
336
336
336
336
336
336
336
336
336
336
336
336
336
336
336
336
336
336
336
336
336
336
336
336
336
336
336
336
336
336
336
336
336
336
336
336
336
336
336
336
336
336
336
336
336
336
336
336
336
336
336
336
336
336
336
336
336
336
336
336
336
336
336
336
336
336
336
336
336
336
336
336
336
336
336
336
336
336
336
336
336
336
336
336
336
336
336
336
336
336
336
336
336
336
336
336
336
336
336
336
336
336
336
336
336
336
336
336
336
336
336
336
336
336
336
336
336
336
336
336
336
336
336
336
336
336
336
336
336
336
336
336
336
336
336
336
336
336
336
336
336
336
336
336
336
336
336
336
336
336
336
336
336
336
336
336
336
336
336
336
336
336
336
336
336
336
336
336
336
336
336
336
336
336
336
336
336
336
336
336
336
336
336
336
336
336
336
336
336
336
336
336
336
336
336
336
336
336
336
336
336
336
336
336
336
336
336
336
336
336
336
336
336
336
336
336
336
336
336
336
336
336
336
336
336
336
336
336
336
336
336
336
336
336
336
336
336
336
336
336
336
336
336
336
336
336
336
336
336
336
336
336
336
336
336
336
336
336
336
336
336
336
336
336
336
336
336
336
336
336
336
336
336
336
336
336
336
336
336
336
336
336
336
336
336
336
336
336
336
336
336
336
336
336
336
336
336
336
336
336
336
336
336
336
336
336
336
336
336
336
336
336
336
336
336
336
336
336
336
336
336
336
336
336
336
336
336
336
336
336
336
336
336
336
336
336
336
336
336
336
336
336
336
336
336
336
336
336
336
336
336
336
336
336
336
336
336
336
336
336
336
336
336
336
336
336
336
336
336
336
336
336
336
336
336
336
336
336
336
336
336
336
336
336
336
336
336
336
336
336
336
336
336
336
336
336
336
336
336
336
336
336
336
336
336
336
336
336
336
336
336
336
336
336
336
336
336
336
336
336
336
336
336
336
336
336
336
336
336
336
336
336
336
336
336
336
336
336
336
336
336
336
336
336
336
336
336
336
336
336
336
336
336
336
336
336
336
336
336
336
336
336
336
336
336
336
336
336
336
336
336
336
336
336
336
336
336
336
336
336
336
336
336
336
336
336
336
336
336
336
336
336
336
336
336
336
336
336
336
336
336
336
336
336
336
336
336
336
336
336
336
336
336
336
336
336
336
336
336
336
336
336
336
336
336
336
336
336
336
336
336
336
336
336
336
336
336
336
336
336
336
336
336
336
336
336
336
336
336
336
336
336
336
336
336
336
336
336
336
336
336
336
336
336
336
336
336
336
336
336
336
336
336
336
336
336
336
336
336
336
336
336
336
336
336
336
336
336
336
336
336
336
336
336
336
336
336
336
336
336
336
336
336
336
336
336
336
336
336
336
336
336
336
336
336
336
336
336
336
336
336
336
336
336
336
336
336
336
336
336
336
336
336
336
336
336
336
336
336
336
336
336
336
336
336
336
336
336
336
336
336
336
336
336
336
336
336
336
336
336
336
336
336
336
336
336
336
336
336
336
336
336
336
336
336
336
336
336
336
336
336
336
336
336
336
336
336
336
336
336
336
336
336
336
336
336
336
336
336
336
336
336
336
336
336
336
336
336
336
336
336
336
336
336
336
336
336
336
336
336
336
336
336
336
336
336
336
336
336
336
336
336
336
336
336
336
336
336
336
336
336
336
336
336
336
336
336
336
336
336
336
336
336
336
336
336
336
336
336
336
336
336
336
336
336
336
336
336
336
336
336
336
336
336
336
336
336
336
336
336
336
336
336
336
336
336
336
336
336
336
336
336
336
336
336
336
336
336
336
336
336
336
336
336
336
336
336
336
336
336
336
336
336
336
336
336
336
336
336
336
336
336
336
336
336
336
336
336
336
336
336
336
336
336
336
336
336
336
336
336
336
336
336
336
336
336
336
336
336
336
336
336
336
336
336
336
336
336
336
336
336
336
336
336
336
336
336
336
336
336
336
336
336
336
336
336
336
336
336
336
336
336
336
336
336
336
336
336
336
336
336
336
336
336
336
336
336
336
336
336
336
336
336
336
336
336
336
336
336
336
336
336
336
336
336
336
336
336
336
336
336
336
336
336
336
336
336
336
336
336
336
336
336
336
336
336
336
336
336
336
336
336
336
336
336
336
336
336
336
336
336
336
336
336
336
336
336
336
336
336
336
336
336
336
336
336
336
336
336
336
336
336
336
336
336
336
336
336
336
336
336
336
336
336
336
336
336
336
336
336
336
336
336
336
336
336
336
336
336
336
336
336
336
336
336
336
336
336
336
336
336
336
336
336
336
336
336
336
336
336
336
336
336
336
336
336
336
336
336
336
336
336
336
336
336
336
336
336
336
336
336
336
336
336
336
336
336
336
336
336
336
336
336
336
336
336
336
336
336
336
336
336
336
336
336
336
336
336
336
336
336
336
336
336
336
336
336
336
336
336
336
336
336
336
336
336
336
336
336
336
336
336
336
336
336
336
336
336
336
336
336
336
336
336
336
336
336
336
336
336
336
336
336
336
336
336
336
336
336
336
336
336
336
336
336
336
336
336
336
336
336
336
336
336
336
336
336
336
336
336
336
336
336
336
336
336
336
336
336
336
336
336
336
336
336
336
336
336
336
336
336
336
336
336
336
336
336
336
336
336
336
336
336
336
336
336
336
336
336
336
336
336
336
336
336
336
336
336
336
336
336
336
336
336
336
336
336
336
336
336
336
336
336
336
336
336
336
336
336
336
336
336
336
336
336
336
336
336
336
336
336
336
336
336
336
336
336
336
336
336
336
336
336
336
336
336
336
336
336
336
336
336
336
336
336
336
336
336
336
336
336
336
336
336
336
336
336
336
336
336
336
336
336
336
336
336
336
336
336
336
336
336
336
336
336
336
336
336
336
336
336
336
336
336
336
336
336
336
336
336
336
336
336
336
336
336
336
336
336
336
336
336
336
336
336
336
336
336
336
336
336
336
336
336
336
336
336
336
336
336
336
336
336
336
336
336
336
336
336
336
336
336
336
336
336
336
336
336
336
336
336
336
336
336
336
336
336
336
336
336
336
336
336
336
336
336
336
336
336
336
336
336
336
336
336
336
336
336
336
336
336
336
336
336
336
336
336
336
336
336
336
336
336
336
336
336
336
336
336
336
336
336
336
336
336
336
336
336
336
336
336
336
336
336
336
336
336
336
336
336
336
336
336
336
336
336
336
336
336
336
336
336
336
336
336
336
336
336
336
336
336
336
336
336
336
336
336
336
336
336
336
336
336
336
336
336
336
336
336
336
336
336
336
336
336
336
336
336
336
336
336
336
336
336
336
336
336
336
336
336
336
336
336
336
336
336
336
336
336
336
336
336
336
336
336
336
336
336
336
336
336
336
336
336
336
336
336
336
336
336
336
336
336
336
336
336
336
336
336
336
336
336
336
336
336
336
336
336
336
336
336
336
336
336
336
336
336
336
336
336
336
336
336
336
336
336
336
336
336
336
336
336
336
336
336
336
336
336
336
336
336
336
336
336
336
336
336
336
336
336
336
336
336
336
336
336
336
336
336
336
336
336
336
336
336
336
336
336
336
336
336
336
336
336
336
336
336
336
336
336
336
336
336
336
336
336
336
336
336
336
336
336
336
336
336
336
336
336
336
336
336
336
336
336
336
336
336
336
336
336
336
336
336
336
336
336
336
336
336
336
336
336
336
336
336
336
336
336
336
336
336
336
336
336
336
336
336
336
336
336
336
336
336
336
336
336
336
336
336
336
336
336
336
336
336
336
336
336
336
336
336
336
336
336
336
336
336
336
336
336
336
336
336
336
336
336
336
336
336
336
336
336
336
336
336
336
336
336
336
336
336
336
336
336
336
336
336
336
336
336
336
336
336
336
336
336
336
336
336
336
336
336
336
336
336
336
336
336
336
336
336
336
336
336
336
336
336
336
336
336
336
336
336
336
336
336
336
336
336
336
336
336
336
336
336
336
336
336
336
336
336
336
336
336
336
336
336
336
336
336
336
336
336
336
336
336
336
336
336
336
336
336
336
336
336
336
336
336
336
336
336
336
336
336
336
336
336
336
336
336
336
336
336
336
336
336
336
336
336
336
336
336
336
336
336
336
336
336
336
336
336
336
336
336
336
336
336
336
336
336
336
336
