342
336
342
330
343
518
309
304
568
304
296
423
395
387
296
328
314
277
272
409
330
274
302
428
316
334
587
260
297
363
323
266
437
259
282
266
262
288
313
273
527
285
314
325
362
282
486
314
276
325
313
310
275
301
363
322
278
330
349
358
264
293
270
470
279
274
241
275
265
389
267
272
295
268
253
314
311
258
259
251
427
391
293
261
262
292
288
268
441
297
737
433
259
368
293
283
251
245
317
284
235
316
249
254
327
249
276
242
257
252
239
530
306
263
249
310
254
354
243
257
272
365
249
292
364
261
357
309
281
253
418
229
230
297
285
237
252
256
510
432
259
303
467
251
281
234
243
226
238
246
359
299
277
255
252
713
253
250
398
295
276
252
221
246
245
297
240
367
259
362
238
265
248
268
358
297
329
232
253
407
231
453
228
256
365
705
272
381
275
242
249
278
250
232
236
234
240
263
242
309
242
227
472
237
235
247
242
338
236
394
374
253
236
490
300
238
321
239
240
281
581
227
234
479
226
220
288
233
253
220
238
274
371
235
540
239
255
214
336
230
236
341
438
225
255
235
244
261
228
230
261
226
230
236
298
227
238
219
247
236
593
282
311
218
227
277
308
242
231
225
296
234
253
278
284
225
248
704
245
361
219
226
281
222
249
459
264
269
247
252
235
221
290
284
322
247
361
297
247
235
264
222
220
338
218
228
238
228
303
312
219
232
222
228
293
218
216
225
230
232
282
214
305
227
238
230
217
267
213
209
261
218
231
319
274
228
260
219
216
218
226
249
261
231
229
327
261
220
233
428
284
221
361
260
322
229
483
234
233
226
222
221
240
325
240
245
280
332
345
213
245
416
254
222
207
214
295
225
222
239
386
274
232
213
222
313
212
250
232
323
212
231
238
239
212
211
219
217
208
355
220
228
210
206
211
211
219
355
212
376
249
221
213
216
235
224
223
207
229
282
220
232
242
208
262
230
264
222
218
224
223
286
209
215
289
704
245
248
206
212
224
328
218
235
593
243
205
216
355
225
302
199
216
737
221
205
228
209
219
205
207
220
220
381
247
217
315
211
217
223
219
196
209
234
304
361
217
226
265
236
198
213
215
210
237
221
202
205
209
210
235
201
203
288
211
240
266
236
200
340
211
218
214
224
213
206
211
232
216
258
257
198
255
209
194
214
229
198
204
214
214
272
245
229
213
291
209
220
203
203
228
195
244
206
225
218
274
208
213
211
265
202
227
212
209
205
238
260
226
223
204
247
209
206
232
199
212
424
196
211
209
510
202
212
220
204
207
235
276
199
212
199
214
196
208
221
243
206
246
200
197
206
215
200
211
225
218
248
212
224
233
199
196
213
199
241
207
204
202
279
231
202
235
359
220
213
252
301
204
221
202
205
196
206
224
206
228
224
219
270
200
200
251
209
199
205
260
199
229
208
232
397
247
204
215
215
189
203
195
206
194
190
348
239
200
208
231
227
232
197
213
292
200
204
198
201
235
222
197
202
204
224
216
208
195
218
208
200
241
238
217
204
209
192
200
208
206
277
231
204
205
221
223
208
190
211
224
203
321
205
208
206
244
176
195
201
204
192
203
221
191
362
263
202
241
193
198
227
208
219
202
208
594
205
195
203
201
198
188
190
193
197
197
192
192
190
201
252
276
210
205
213
218
190
209
197
193
233
202
200
197
232
229
191
194
185
252
198
192
177
189
181
196
297
282
195
181
269
250
262
209
173
197
196
206
243
206
434
211
191
175
184
207
201
174
190
185
195
189
183
181
195
218
201
200
185
196
231
187
212
196
217
203
259
364
176
196
200
198
339
206
183
204
195
192
198
205
212
168
191
206
225
221
199
216
185
205
213
183
215
248
192
196
198
179
218
243
214
297
198
186
223
186
198
173
240
199
224
241
174
189
275
183
179
239
190
192
186
192
193
177
187
183
194
167
490
191
227
188
252
194
181
191
183
192
195
215
188
192
187
213
181
193
182
192
187
191
229
197
195
177
178
375
193
197
194
200
191
218
198
189
176
178
180
181
210
204
174
207
197
183
188
179
179
244
183
175
178
188
211
183
169
172
218
191
220
187
183
184
205
187
191
200
195
207
198
212
180
199
174
177
221
236
192
200
192
185
244
175
179
192
187
170
183
182
184
184
183
203
193
186
180
177
188
186
182
151
195
189
173
168
179
224
189
179
181
174
171
194
184
176
181
179
167
192
182
192
177
209
199
184
178
188
190
188
189
170
157
181
177
179
189
367
220
184
169
180
181
188
186
164
187
185
185
181
186
162
178
175
180
176
292
170
169
168
180
183
175
183
174
174
162
173
164
186
186
178
200
190
172
192
246
196
177
184
220
192
179
195
175
180
187
206
177
191
189
179
180
182
197
182
184
182
207
182
166
159
185
198
187
185
193
164
209
190
161
182
215
154
171
163
173
172
159
168
172
176
196
179
176
168
166
233
198
179
163
171
176
173
171
158
170
161
167
212
175
203
216
164
185
172
173
156
170
149
198
172
157
185
182
178
180
183
166
167
172
162
167
192
219
170
174
170
174
166
158
170
170
212
174
184
161
179
176
173
169
178
175
189
164
176
157
186
179
234
155
147
155
181
191
173
154
172
173
156
165
164
148
158
162
158
176
157
168
157
197
162
178
170
160
166
168
167
156
163
163
167
155
151
153
170
226
177
167
171
152
160
158
163
164
190
150
165
174
152
175
162
164
159
155
165
166
221
166
230
190
169
155
161
161
158
161
165
161
166
157
158
176
150
164
161
153
164
160
151
189
175
179
230
163
158
165
163
148
148
140
153
161
168
150
152
248
166
173
183
151
153
182
160
142
147
162
163
168
155
175
155
142
153
149
172
157
208
142
135
159
164
160
168
171
153
198
160
164
144
151
168
162
173
138
147
156
168
176
161
136
154
149
180
145
151
151
153
195
153
148
148
162
154
158
165
153
144
150
157
158
149
164
141
177
151
166
154
156
139
157
149
143
170
152
144
174
162
148
136
188
170
143
155
161
157
183
168
158
147
170
176
151
178
109
154
159
142
157
212
147
167
146
199
126
145
137
138
160
134
192
173
165
152
150
140
163
137
159
142
132
152
147
159
148
147
158
142
152
165
147
129
83
147
123
163
151
173
148
157
145
135
140
143
136
141
138
160
151
151
147
154
138
159
135
146
187
187
162
179
147
154
140
144
147
157
136
155
145
152
134
116
181
139
142
139
129
167
158
145
140
161
153
143
153
132
160
151
134
156
141
162
184
159
147
103
157
136
167
148
149
137
128
141
112
170
141
146
152
153
118
139
148
147
116
110
156
151
149
171
153
114
149
165
159
120
118
131
148
140
170
140
142
145
150
147
133
138
134
126
144
135
142
162
138
129
140
136
136
141
136
127
138
146
142
204
135
143
143
147
146
142
137
142
144
157
148
124
145
121
127
123
129
125
143
103
135
133
138
138
127
510
176
135
161
187
109
141
132
117
126
144
123
105
270
117
336
146
156
129
125
135
270
135
138
111
87
127
133
139
270
159
167
135
134
139
125
130
141
135
138
151
131
119
179
135
128
148
70
148
132
139
136
103
168
145
135
129
138
149
126
127
132
104
108
117
136
141
126
133
155
138
138
135
151
137
146
139
134
134
100
131
145
136
148
131
145
135
90
131
122
133
70
104
138
154
128
148
114
127
127
270
128
131
133
149
136
138
87
167
141
141
82
119
270
93
124
134
162
112
134
115
98
117
127
142
142
131
131
92
117
93
270
132
126
69
140
129
107
101
94
135
114
133
270
137
120
84
114
123
109
118
154
135
69
130
115
135
87
97
164
130
129
270
104
124
137
102
270
68
81
118
146
140
85
143
127
104
120
149
89
114
116
130
124
107
115
136
124
116
132
77
115
115
133
116
128
117
112
109
122
111
133
133
107
131
117
110
107
270
115
76
68
119
122
119
113
122
119
139
128
68
116
117
120
121
126
106
99
115
79
125
114
115
134
142
122
132
101
270
133
136
110
102
110
112
139
128
68
128
109
270
130
119
112
102
270
81
134
270
112
98
68
85
128
70
270
130
125
117
129
96
126
124
270
128
125
90
94
270
119
121
113
94
83
114
115
131
89
77
84
270
127
100
138
125
115
119
222
133
135
113
121
120
132
101
125
97
109
90
122
99
70
139
122
270
88
117
127
124
270
122
270
109
96
71
119
75
101
270
127
270
126
112
133
73
97
128
86
125
124
124
130
133
270
88
113
116
270
77
270
270
146
270
102
270
125
109
111
101
93
90
141
112
143
95
270
94
106
122
95
123
121
122
114
129
115
113
115
73
92
95
270
114
82
117
114
130
83
104
101
119
133
117
105
106
131
97
117
101
270
270
270
92
118
124
270
93
78
80
103
121
270
102
82
124
68
112
84
102
107
113
106
97
270
270
116
122
86
270
119
91
85
87
100
91
105
68
270
144
270
85
90
79
94
117
85
270
270
90
120
78
96
270
84
128
127
83
123
270
118
93
270
270
115
100
97
109
270
92
115
68
270
83
78
76
71
106
128
123
91
114
101
106
270
112
125
69
85
124
109
114
96
77
89
198
270
270
168
111
116
87
85
270
85
270
116
118
270
270
118
119
80
76
270
76
113
110
68
270
270
71
68
85
87
270
270
126
124
107
121
270
115
270
126
132
270
84
127
68
270
89
91
116
71
270
94
107
270
270
80
270
270
128
270
120
70
97
270
70
97
143
270
79
270
89
99
270
98
73
270
83
96
270
83
270
111
270
77
79
100
270
270
270
126
109
99
270
73
85
98
270
91
69
270
88
74
270
270
76
270
74
270
68
270
88
270
116
84
107
91
98
130
270
95
270
92
115
270
270
270
270
69
270
270
270
99
82
88
104
270
98
77
270
90
110
270
270
97
116
113
270
270
80
270
195
270
270
107
81
81
84
270
84
92
88
101
68
116
78
270
270
270
100
270
270
270
270
118
270
166
270
97
103
273
270
270
270
124
99
270
75
270
84
270
101
68
270
270
270
123
270
93
270
270
88
270
68
270
111
77
72
270
270
79
270
116
76
108
80
270
270
116
270
270
270
68
270
270
74
77
270
100
81
270
270
270
132
270
270
270
78
74
99
86
270
88
74
97
75
270
79
78
270
270
270
68
102
270
270
270
270
93
86
110
270
270
80
76
270
270
103
270
270
79
87
270
270
270
101
270
68
90
72
77
85
82
270
91
139
270
75
270
270
270
83
270
270
107
270
270
270
68
108
270
270
270
68
91
270
270
270
270
93
113
270
270
270
270
270
270
68
76
270
110
87
68
87
90
270
68
270
270
70
84
270
270
270
270
88
270
270
71
80
121
123
128
105
112
112
270
270
270
81
270
270
270
270
270
270
92
70
80
131
270
270
270
103
71
270
270
110
270
270
270
270
121
71
90
270
270
270
270
270
68
134
75
270
270
270
106
88
270
270
270
270
270
270
270
270
270
270
270
91
81
270
71
69
270
270
270
270
270
270
270
98
270
270
68
84
270
270
270
270
81
270
270
270
270
270
68
270
270
270
270
70
270
270
270
270
69
270
270
270
88
270
270
94
270
270
92
120
270
270
270
270
270
270
270
270
270
270
270
270
270
270
270
74
118
270
94
270
78
705
270
270
77
270
270
270
270
90
270
270
95
270
270
82
270
270
270
270
121
270
270
270
91
68
270
270
69
270
270
270
270
270
92
270
270
108
270
270
270
68
78
270
270
270
270
270
270
270
270
270
270
270
270
270
270
270
81
270
270
270
270
82
270
270
97
270
270
270
270
270
270
270
270
270
68
270
270
270
270
68
85
270
270
270
270
270
85
270
80
270
270
270
270
270
270
270
68
131
270
270
68
270
84
270
71
270
270
270
270
270
270
270
270
270
270
270
270
270
270
270
270
80
270
270
270
270
270
270
270
156
270
270
270
270
270
270
270
270
270
81
270
270
270
270
92
270
79
270
270
270
270
270
270
270
270
270
270
68
270
75
270
270
270
116
270
270
270
270
270
270
270
270
270
270
270
270
270
270
270
270
270
270
85
270
270
118
270
270
270
270
270
270
270
270
270
270
270
270
270
270
270
73
270
270
270
270
270
270
270
114
69
68
87
270
270
270
270
270
270
270
270
74
270
270
270
270
88
270
270
270
270
270
270
270
270
270
270
70
270
270
270
270
270
270
270
270
270
270
270
84
270
270
270
270
270
270
270
270
270
270
270
270
270
270
270
270
270
270
270
270
270
270
270
270
79
270
270
270
270
270
270
270
270
270
270
270
270
270
270
270
270
270
68
270
270
270
270
270
270
270
270
270
270
270
270
270
270
270
270
270
270
270
270
270
270
270
270
270
270
270
270
270
270
270
270
270
270
270
270
270
270
270
270
270
270
270
270
270
68
270
270
270
270
270
270
270
73
78
76
270
270
270
91
270
68
270
270
270
270
270
270
270
270
270
270
270
270
68
270
270
70
270
270
270
270
270
270
270
270
270
270
270
270
270
270
270
270
270
270
270
270
270
270
270
270
71
270
270
270
107
92
270
270
270
270
130
270
270
97
270
270
270
270
270
270
77
270
270
270
270
102
270
270
270
270
270
270
68
270
270
270
270
270
270
270
270
270
270
82
270
270
270
270
270
270
270
270
270
270
270
270
270
270
270
270
270
270
270
270
92
270
270
270
270
270
270
270
270
270
270
270
270
270
270
270
270
270
270
270
270
270
270
270
270
270
270
270
270
270
270
270
270
270
270
270
270
270
270
68
270
270
270
270
270
73
106
270
270
270
270
270
270
270
270
270
270
270
270
270
270
270
270
270
270
270
270
270
270
270
270
270
270
270
270
270
270
270
270
270
68
270
270
270
270
270
270
270
270
270
270
270
270
270
270
270
270
270
270
270
270
270
127
270
270
270
270
270
270
270
270
270
270
270
270
270
270
270
270
270
270
270
270
270
270
270
270
270
270
270
270
270
270
270
270
270
270
270
270
270
270
270
270
270
270
270
270
270
270
270
270
270
270
270
270
270
270
270
270
270
270
270
270
270
270
270
270
270
270
270
270
270
270
270
270
270
270
270
270
70
270
270
270
270
270
270
270
270
270
270
270
270
270
270
270
270
270
270
270
270
270
270
270
270
270
270
270
270
270
270
270
270
270
270
270
270
270
270
270
270
270
270
270
270
270
270
270
270
270
270
270
270
270
270
270
270
270
270
270
270
270
270
270
270
270
270
270
270
270
270
270
270
270
270
270
270
270
270
270
270
270
270
270
270
270
270
270
270
270
270
270
270
270
270
270
270
270
270
270
270
270
270
270
270
270
270
270
270
270
270
270
270
270
270
270
179
270
270
270
270
270
270
270
270
270
270
270
270
270
270
270
270
270
270
270
270
270
270
270
270
270
270
270
270
270
270
270
270
270
270
270
270
270
270
270
270
270
270
270
270
270
270
270
270
270
270
270
270
270
270
270
270
270
270
270
270
270
270
115
94
270
270
270
270
270
270
270
270
270
270
270
270
270
270
270
270
270
270
270
270
270
270
270
270
270
270
270
270
179
270
270
270
270
270
270
270
270
270
73
270
270
270
270
270
270
270
270
270
270
270
270
270
270
270
270
270
270
270
270
270
270
270
270
270
270
270
270
270
270
270
270
270
270
270
77
270
270
270
270
270
270
270
270
270
270
270
270
270
270
270
270
270
270
270
270
270
270
270
270
270
270
270
270
270
270
270
270
270
270
270
270
270
270
270
270
270
270
270
270
270
270
270
270
270
270
270
270
270
270
270
270
270
270
270
270
270
270
270
270
270
270
270
270
270
270
270
270
270
270
270
270
270
270
270
270
270
270
270
270
270
270
270
270
270
79
270
270
270
270
270
270
270
270
270
270
270
270
270
270
270
270
270
270
270
270
270
270
270
270
270
270
270
270
270
270
270
270
270
270
270
270
270
270
270
270
270
270
270
270
270
270
270
270
270
270
270
270
270
270
270
270
270
270
270
270
270
270
270
270
270
270
270
270
270
270
270
270
270
270
270
270
270
270
270
270
270
270
270
270
270
270
270
270
270
270
270
270
270
270
270
270
270
270
270
270
270
270
270
270
270
270
270
270
270
270
270
270
270
270
270
270
270
270
270
270
270
270
270
270
270
270
270
270
270
270
270
270
270
270
270
270
270
270
270
270
270
270
270
270
270
270
270
270
270
270
270
270
270
270
270
270
270
270
80
270
270
270
270
270
270
270
270
270
270
270
270
270
270
270
270
270
270
270
270
270
270
270
270
270
270
270
270
270
270
270
270
270
270
270
270
270
270
270
270
270
270
270
270
270
270
270
270
270
270
270
270
270
270
270
270
270
270
270
270
270
270
270
270
270
270
270
270
270
270
270
270
270
270
270
270
270
270
270
270
270
270
270
270
270
270
73
270
270
270
270
270
270
270
270
270
270
270
270
270
270
270
270
270
270
270
270
270
270
270
270
270
270
270
270
270
270
270
270
270
270
270
270
270
270
270
270
270
270
270
270
270
270
270
270
270
270
270
270
270
270
270
270
270
270
270
270
270
270
270
270
270
270
270
270
270
270
270
270
270
270
270
270
270
270
270
270
270
270
270
270
270
163
270
270
270
270
270
270
270
270
270
270
270
270
270
270
270
270
270
270
270
270
270
270
270
270
270
270
270
270
270
270
270
270
270
270
270
270
270
270
270
270
270
270
270
270
270
270
270
270
270
270
270
270
270
270
270
270
270
270
270
270
270
270
270
270
270
270
270
270
270
270
270
270
270
270
270
270
270
270
270
270
270
270
270
270
270
270
270
270
270
270
270
270
270
270
270
270
270
270
270
270
270
270
270
270
270
270
91
270
270
270
270
270
270
270
270
270
270
270
270
270
270
270
270
270
270
270
270
270
270
270
270
270
270
270
270
270
270
270
270
270
270
270
270
270
270
270
270
270
270
270
270
270
270
270
270
270
270
270
270
68
270
270
270
270
270
270
270
270
270
270
270
270
270
270
270
270
270
270
270
270
270
270
270
270
270
270
270
270
270
270
270
270
270
270
270
270
270
270
270
270
270
270
270
270
270
270
270
270
270
270
270
270
270
270
270
270
270
270
270
270
270
270
270
270
270
270
270
270
270
270
270
270
270
270
270
270
270
270
270
270
270
270
270
270
270
270
270
270
270
270
270
270
270
270
270
270
270
270
270
270
270
270
270
270
270
270
270
270
270
270
270
270
270
270
270
270
270
270
270
270
270
270
270
270
270
270
270
270
270
270
270
270
270
270
270
270
270
270
270
270
270
270
270
270
270
270
270
270
270
270
270
270
270
270
270
270
270
270
270
270
270
270
270
270
270
270
270
270
270
270
270
270
270
270
270
270
270
270
270
270
270
270
270
270
270
270
270
270
270
270
270
270
270
270
270
270
270
270
270
270
270
270
270
270
270
270
270
270
270
270
270
270
270
270
270
270
270
270
270
270
270
270
270
270
270
270
270
270
270
270
270
270
270
270
270
270
270
270
270
270
270
270
270
270
270
270
270
270
270
270
270
270
270
270
270
270
270
270
270
270
270
270
270
270
270
270
270
270
270
270
270
270
270
270
270
270
270
270
270
270
270
270
270
270
270
270
270
270
270
270
270
270
270
270
270
270
270
270
270
270
270
270
270
270
270
270
270
270
270
270
270
270
270
270
270
270
270
270
270
270
270
270
270
270
270
270
270
270
270
270
270
270
270
270
270
270
270
270
270
270
270
270
270
270
270
270
270
270
270
270
270
270
270
270
270
270
270
270
270
270
270
270
270
270
270
270
270
270
270
270
270
270
270
270
270
270
270
270
270
270
270
270
270
270
270
270
270
270
270
270
270
270
270
270
270
270
270
270
270
270
270
270
270
270
270
270
270
270
270
270
270
270
270
270
270
270
270
270
270
270
270
270
270
270
270
68
270
270
270
270
270
270
270
270
270
270
270
270
270
270
270
270
270
270
270
270
270
270
270
270
270
270
270
270
270
270
270
270
270
270
270
270
270
270
270
270
270
270
270
270
270
270
270
270
270
270
270
270
270
270
270
270
270
270
270
270
270
270
270
270
270
270
270
270
270
270
270
270
270
270
270
270
270
270
270
270
270
270
270
270
270
270
270
270
270
270
270
270
270
270
270
270
270
270
270
270
270
270
270
270
270
270
270
270
270
270
270
270
270
270
270
270
270
270
270
270
270
270
270
270
270
270
270
270
270
270
270
270
270
270
270
270
270
270
270
270
270
270
270
270
270
270
270
270
270
270
270
270
270
270
270
270
270
270
270
270
270
270
270
270
270
270
270
270
270
270
270
270
270
270
270
270
270
270
270
270
270
270
270
270
270
270
270
270
270
270
270
270
270
270
270
270
270
270
270
270
270
270
270
270
270
270
270
270
270
270
270
270
270
270
270
270
270
270
270
270
270
270
270
270
270
270
270
270
270
270
270
270
270
270
270
270
270
270
270
270
270
270
270
270
270
270
270
270
270
270
270
270
270
270
270
270
270
270
270
270
270
270
270
270
270
270
270
270
270
270
270
270
270
270
270
270
270
270
270
270
270
270
270
270
270
270
270
270
270
270
270
270
270
270
270
270
270
270
270
270
270
270
270
270
270
270
270
270
270
270
270
270
270
270
270
270
270
270
270
270
270
270
270
270
270
270
269
270
270
270
270
270
270
270
270
270
270
270
270
270
270
270
270
270
270
270
270
270
270
270
270
270
270
270
270
270
270
270
270
270
270
270
270
270
270
270
270
270
270
270
270
270
270
270
270
270
270
270
270
270
270
270
270
270
270
270
270
270
270
270
270
270
270
270
270
270
270
270
270
270
270
270
270
270
270
270
270
270
270
270
270
270
270
270
270
270
270
270
270
270
270
270
270
270
270
270
270
270
270
270
270
270
270
270
270
270
270
270
270
270
270
270
270
270
270
270
270
270
270
270
270
270
270
270
270
270
270
270
270
270
270
270
270
270
270
270
270
270
270
270
270
270
270
270
270
270
270
270
270
270
270
270
270
270
270
270
270
270
270
270
270
270
270
270
270
270
270
270
270
270
270
270
270
270
270
270
270
270
270
270
270
270
270
270
270
270
270
270
270
270
270
270
270
270
270
270
270
124
270
270
270
270
270
270
270
270
270
270
270
270
270
270
270
270
270
270
270
270
270
270
270
270
270
270
270
270
270
270
270
270
270
270
270
270
270
270
68
270
270
270
270
270
270
270
270
270
270
270
270
270
270
270
270
270
270
270
270
270
270
270
270
270
270
270
270
270
270
270
270
270
270
270
270
270
270
270
270
270
270
270
270
270
270
270
270
270
270
270
270
270
270
270
270
270
270
270
270
270
270
270
270
270
270
270
270
270
270
270
270
270
270
270
270
270
270
270
270
270
270
270
270
270
270
270
270
270
270
270
270
270
270
270
270
270
270
270
270
270
270
270
270
270
270
270
270
270
270
270
270
270
270
270
270
270
270
270
270
270
270
270
270
270
270
270
270
270
270
270
270
270
270
270
270
270
270
270
270
270
270
270
270
270
270
270
270
270
270
270
270
270
270
270
270
270
270
270
270
270
270
270
270
270
270
270
270
270
270
270
270
270
270
270
270
270
270
270
270
270
270
270
270
270
270
270
270
270
270
270
270
270
270
270
270
270
270
270
270
270
270
270
270
270
270
270
270
270
270
270
270
270
270
270
270
270
270
270
270
270
270
270
270
270
270
270
270
270
270
270
270
270
270
270
270
270
270
270
270
270
270
270
270
270
270
270
270
270
270
270
270
270
270
270
270
270
270
270
270
270
270
270
270
270
270
270
270
270
270
270
270
270
270
270
270
270
270
270
270
270
270
270
270
270
270
270
270
270
270
270
270
270
270
270
270
270
270
270
270
270
270
270
270
270
270
270
270
270
270
270
270
270
270
270
270
270
270
270
270
270
270
270
270
270
270
270
270
270
270
270
270
270
270
270
270
270
270
270
270
270
270
270
270
270
270
270
270
270
270
270
270
270
270
270
270
270
270
270
270
270
270
270
270
270
270
270
270
270
270
270
270
270
270
270
270
270
270
270
270
270
270
270
270
270
270
270
270
270
270
270
270
270
270
270
270
270
270
270
270
270
270
270
270
270
270
270
270
270
270
270
270
270
270
270
270
270
270
270
270
270
270
270
270
270
270
270
270
270
270
270
270
270
270
270
270
270
270
270
270
270
270
270
270
270
270
270
270
270
270
270
270
270
270
270
270
270
270
270
270
270
270
270
270
270
270
270
270
270
270
270
270
270
270
270
270
270
270
270
270
270
270
270
270
270
270
270
270
270
270
270
270
270
270
270
270
270
270
270
270
270
270
270
270
270
270
270
270
270
270
270
270
270
270
270
270
270
270
270
270
270
270
270
270
270
270
270
270
270
270
270
270
270
270
270
270
270
270
270
270
270
270
270
270
270
270
270
270
270
270
270
270
270
270
270
270
270
270
270
270
270
270
270
270
270
270
270
270
270
270
270
270
270
270
270
270
270
270
270
270
270
270
270
270
270
270
270
270
270
270
270
270
270
270
270
270
270
270
270
270
270
270
270
270
270
270
270
270
270
270
270
270
270
270
270
270
270
270
270
270
270
270
270
270
270
270
270
270
270
270
270
270
270
270
270
270
270
270
270
270
270
270
270
270
270
270
270
270
270
270
270
270
270
270
270
270
270
270
270
270
270
270
270
270
270
270
270
270
270
270
270
270
270
270
270
270
270
270
270
270
270
270
270
270
270
270
270
270
270
270
270
270
270
270
270
270
270
270
270
270
270
270
270
270
270
270
270
270
270
270
270
270
270
270
270
270
270
270
270
270
270
270
270
270
270
270
270
270
270
270
270
270
270
270
270
270
270
270
270
270
270
270
270
270
270
270
270
270
270
270
270
270
270
270
270
270
270
270
270
270
270
270
270
270
270
270
270
270
270
270
270
270
270
270
270
270
270
270
270
270
270
270
270
270
270
270
270
270
270
270
270
270
270
270
270
270
270
270
270
270
270
270
270
270
270
270
270
270
270
270
270
270
270
270
270
270
270
270
270
270
270
270
270
270
270
270
270
270
270
270
270
270
270
270
270
270
270
270
270
270
270
270
270
270
270
270
270
270
270
270
270
270
270
270
270
270
270
270
270
270
270
270
270
270
270
270
270
270
270
270
270
270
270
270
270
270
270
270
270
270
270
270
270
270
270
270
270
270
270
270
270
270
270
270
270
270
270
270
270
270
270
270
270
270
270
270
270
270
270
270
270
270
270
270
270
270
270
270
270
270
270
270
270
270
270
270
270
270
270
270
270
270
270
270
270
270
270
270
270
270
270
270
270
270
270
270
270
270
270
270
270
270
270
270
270
270
270
270
270
270
270
270
270
270
270
270
270
270
270
270
270
270
270
270
270
270
270
270
270
270
270
270
270
270
270
270
270
270
270
270
270
270
270
270
270
270
270
270
270
270
270
270
270
270
270
270
270
270
270
270
270
270
270
270
270
270
270
270
270
270
270
270
270
270
270
270
270
270
270
270
270
270
270
270
270
270
270
270
270
270
270
270
270
270
270
270
270
270
270
270
270
270
270
270
270
270
270
270
270
270
270
270
270
270
270
270
270
270
270
270
270
270
270
270
270
270
270
270
270
270
270
270
270
270
270
270
270
270
270
270
270
270
270
270
270
270
270
270
270
270
270
270
270
270
270
270
270
270
270
270
270
270
270
270
270
270
270
270
270
270
270
270
270
270
270
270
270
270
270
270
270
270
270
270
270
270
270
270
270
270
270
270
270
270
270
270
270
270
270
270
270
270
270
270
270
270
270
270
270
270
270
270
270
270
270
270
270
270
270
270
270
270
270
270
270
270
270
270
270
270
270
270
270
270
270
270
270
270
270
270
270
270
270
270
270
270
270
270
270
270
270
270
270
270
270
270
270
270
270
270
270
270
270
270
270
270
270
270
270
270
270
270
270
270
270
270
270
270
270
270
270
270
270
270
270
270
270
270
270
270
270
270
270
270
270
270
270
270
270
270
270
270
270
270
270
270
270
270
270
270
270
270
270
270
270
270
270
270
270
270
270
270
270
270
270
270
270
270
270
270
270
270
270
270
270
270
270
270
270
270
270
270
270
270
270
270
270
270
270
270
270
270
270
270
270
270
270
270
270
270
270
270
270
270
270
270
270
270
270
270
270
270
270
270
270
270
270
270
270
270
270
270
270
270
270
270
270
270
270
270
270
270
270
270
270
270
270
270
270
270
270
270
270
270
270
270
270
270
270
270
270
270
270
270
270
270
270
270
270
270
270
270
270
270
270
270
270
270
270
270
270
270
270
270
270
270
270
270
270
270
270
270
270
270
270
270
270
270
270
270
270
270
270
270
270
270
270
270
270
270
270
270
270
270
270
270
270
270
270
270
270
270
270
270
270
270
270
270
270
270
270
270
270
270
270
270
270
270
270
270
270
270
270
270
270
270
270
270
270
270
270
270
270
270
270
270
270
270
270
270
270
270
270
270
270
270
270
270
270
270
270
270
270
270
270
270
270
270
270
270
270
270
270
270
270
270
270
270
270
270
270
270
270
270
270
270
270
270
270
270
270
270
270
270
270
270
270
270
270
270
270
270
270
270
270
270
270
270
270
270
270
270
270
270
270
270
270
270
270
270
270
270
270
270
270
270
270
270
270
270
270
270
270
270
270
270
270
270
270
270
270
270
270
270
270
270
270
270
270
270
270
270
270
270
270
270
270
270
270
270
270
270
270
270
270
270
270
270
270
270
270
270
270
270
270
270
270
270
270
270
270
270
270
270
270
270
270
270
270
270
270
270
270
270
270
270
270
270
270
270
270
270
270
270
270
270
270
270
270
270
270
270
270
270
270
131
270
270
270
270
270
270
270
270
270
270
270
270
270
270
270
270
270
270
270
270
270
270
270
270
270
270
270
270
270
270
270
270
270
270
270
270
270
270
270
270
270
270
270
270
270
270
270
270
270
270
270
270
270
270
270
270
270
270
270
270
270
270
270
270
270
270
270
270
270
270
270
270
270
270
270
270
270
270
270
270
270
270
270
270
270
270
270
270
270
270
270
270
270
270
270
270
270
270
270
270
270
270
270
270
270
270
270
270
270
270
270
270
270
270
270
270
270
270
270
270
270
270
270
270
270
270
270
270
270
270
270
270
270
270
270
270
270
151
270
270
270
270
270
270
270
270
270
270
270
270
270
270
270
270
270
270
270
270
270
270
270
270
270
270
270
270
270
270
270
270
270
270
270
270
270
270
270
270
270
270
270
270
270
270
270
270
270
270
270
270
270
270
270
270
270
270
270
270
270
270
270
270
270
270
270
270
270
270
270
270
270
270
270
270
270
270
270
270
270
270
270
270
270
270
270
270
270
270
270
270
270
270
270
270
270
270
270
270
270
270
270
270
270
270
270
270
270
270
270
270
270
270
270
270
270
270
270
270
270
270
270
270
270
270
270
270
270
270
270
270
270
270
270
270
270
270
270
270
270
270
270
270
270
270
270
270
270
270
270
270
270
270
270
270
270
270
270
270
270
270
270
270
270
270
270
270
270
270
270
270
270
270
270
270
270
270
270
270
270
270
270
270
270
270
270
270
270
270
270
270
270
270
270
270
270
270
270
270
270
270
270
270
270
270
270
270
270
270
270
270
270
270
270
270
270
270
270
270
270
270
270
270
270
270
270
270
270
270
270
270
270
270
270
270
270
270
270
270
270
270
270
270
270
270
270
270
270
270
270
270
270
270
270
270
270
270
270
270
270
270
270
270
270
270
270
270
270
270
270
270
270
270
270
270
270
270
270
270
270
270
270
270
270
270
270
270
270
270
270
270
270
270
270
270
270
270
270
270
270
270
270
270
270
270
270
270
270
270
270
270
270
270
270
270
270
270
270
270
270
270
270
270
270
270
270
270
270
270
270
270
270
270
270
270
270
270
270
270
270
270
270
270
270
270
270
270
270
270
270
270
270
270
270
270
270
270
270
270
270
270
270
270
270
270
270
270
270
270
270
270
270
270
270
270
270
270
270
270
270
270
270
270
270
270
270
270
270
270
270
270
270
270
270
270
270
270
270
270
270
270
270
270
270
270
270
270
270
270
270
270
270
270
270
270
270
270
270
270
270
270
270
270
270
270
270
270
270
270
270
270
270
270
270
270
270
270
270
270
270
270
270
270
270
270
270
270
270
270
270
270
270
270
270
270
270
270
270
270
270
270
270
270
270
270
270
270
270
270
270
270
270
270
270
270
270
270
270
270
270
270
270
270
270
270
270
270
270
270
270
270
270
270
270
270
270
270
270
270
270
270
270
270
270
270
270
270
270
270
270
270
270
270
270
270
270
270
270
270
270
270
270
270
270
270
270
270
270
270
270
270
270
270
270
270
270
270
270
270
270
270
270
270
270
270
270
270
270
270
270
270
270
270
270
270
270
270
270
270
270
270
270
270
270
270
270
270
270
270
270
270
270
270
270
270
270
270
270
270
270
270
270
270
270
270
270
270
270
270
270
270
270
270
270
270
270
270
270
270
270
270
270
270
270
270
270
270
270
270
270
270
270
270
270
270
270
270
270
270
270
270
270
270
270
270
270
270
270
270
270
270
270
270
270
270
270
270
270
270
270
270
270
270
270
270
270
270
270
270
270
270
270
270
270
270
270
270
270
270
270
270
270
270
270
270
270
270
270
270
270
270
270
270
270
270
270
270
270
270
270
270
270
270
270
270
270
270
270
270
270
270
270
270
270
270
270
270
270
270
270
270
270
270
270
270
270
270
270
270
270
270
270
270
270
270
270
270
270
270
270
270
270
270
270
270
270
270
270
270
270
270
270
270
270
270
270
270
270
270
270
270
270
270
270
270
270
270
270
270
270
270
270
270
270
270
270
270
270
270
270
270
270
270
270
270
270
270
270
270
270
270
270
270
270
270
270
111
270
270
270
270
270
270
270
270
270
270
270
270
270
270
270
270
270
270
270
270
270
270
270
270
270
270
270
270
270
270
270
270
270
270
270
270
270
270
270
270
270
270
270
270
270
270
270
270
270
270
270
270
270
270
270
270
270
270
270
270
270
270
270
270
270
270
270
270
270
270
270
270
270
270
270
270
270
270
270
270
270
270
270
270
270
270
270
270
270
270
270
270
270
270
270
270
270
270
270
270
270
270
270
270
270
270
270
270
270
270
270
270
270
270
270
270
270
270
270
270
270
270
270
270
270
270
270
270
270
270
270
270
270
270
270
270
270
270
270
270
270
270
270
270
270
270
