248
250
251
263
245
239
244
241
255
246
245
238
243
242
219
244
238
251
199
175
244
216
239
226
241
194
193
191
237
223
247
209
188
197
232
208
231
210
229
161
240
179
189
231
203
224
225
233
228
178
216
214
230
216
218
210
191
202
160
170
196
196
203
220
224
200
199
168
222
193
227
239
203
197
179
160
224
211
136
192
188
197
207
196
174
184
229
201
202
126
192
236
171
182
163
157
191
158
169
159
186
239
123
194
135
177
178
165
142
140
184
152
168
185
205
161
169
122
174
270
166
203
142
213
218
157
116
164
192
176
157
110
185
155
206
270
116
170
173
138
199
160
139
160
154
126
145
175
181
170
164
186
89
122
200
138
212
157
137
123
117
157
122
76
114
270
270
121
108
98
157
135
123
270
86
70
270
270
101
128
72
82
96
95
93
270
270
138
106
270
270
159
119
270
270
116
270
68
270
270
270
270
270
270
100
270
270
270
270
270
270
111
270
270
270
103
270
270
270
270
270
270
270
270
270
270
270
270
270
270
111
270
270
270
270
270
270
270
270
270
270
270
270
270
270
270
270
270
270
270
270
270
270
270
270
270
270
270
270
270
270
270
270
270
270
270
270
270
270
270
270
270
270
270
270
270
270
270
270
270
270
270
270
270
270
270
270
270
270
270
270
270
270
270
270
270
270
270
270
270
270
270
270
270
270
270
270
270
270
270
270
270
270
270
270
270
270
270
270
270
270
270
270
270
270
270
270
270
270
270
270
270
270
270
270
270
270
270
270
270
270
270
270
270
270
270
270
270
270
270
270
270
270
270
270
270
270
270
270
270
270
270
270
270
270
270
270
270
270
270
270
270
270
270
270
270
270
270
270
270
270
270
270
270
270
270
270
270
270
270
270
270
270
270
270
270
270
270
270
270
270
270
270
270
270
270
270
270
270
270
270
270
270
270
270
270
270
270
270
270
270
270
270
270
270
270
270
270
270
270
270
270
270
270
270
270
270
270
270
270
270
270
270
270
270
270
270
270
270
270
270
270
270
270
270
270
270
270
270
270
270
270
270
270
270
270
270
270
270
270
270
270
270
270
270
270
270
270
270
270
270
270
270
270
270
270
270
270
270
270
270
270
270
270
270
270
270
270
270
270
270
270
270
270
270
270
270
270
