440
389
447
406
446
513
398
478
381
433
524
434
455
535
421
421
504
590
368
533
413
353
510
433
400
506
413
448
412
416
378
327
363
409
454
415
524
375
761
385
631
316
671
356
396
349
419
751
343
669
350
358
330
676
334
359
692
442
298
324
418
325
665
663
327
396
312
711
509
343
664
579
309
382
307
405
329
275
353
317
329
283
303
297
305
340
310
289
287
309
307
615
286
290
316
346
427
289
302
323
307
284
282
292
270
284
650
260
300
290
287
295
273
231
265
269
261
250
263
411
254
262
254
290
273
255
250
297
257
230
247
251
267
248
247
277
277
293
257
242
253
241
247
245
227
234
257
232
265
222
215
270
269
241
238
224
333
211
212
218
233
245
241
230
217
220
188
218
235
214
239
204
193
214
226
220
181
181
226
202
209
183
221
146
218
182
225
191
366
231
193
206
184
189
206
182
179
174
193
171
184
146
183
364
177
174
157
192
160
188
187
173
188
136
364
177
165
139
178
164
174
161
157
154
105
144
185
107
177
181
364
364
364
134
149
138
168
137
364
123
111
164
141
364
364
95
122
364
102
125
153
364
364
364
364
131
364
364
126
364
364
94
102
91
364
364
364
364
364
364
95
92
364
364
364
364
364
364
364
364
364
364
364
364
364
364
364
364
364
364
364
364
364
364
364
364
364
364
364
364
364
364
364
364
364
364
364
364
364
364
364
364
364
364
364
364
364
364
364
364
364
364
364
364
364
364
364
364
364
364
364
364
692
364
364
364
364
364
364
364
364
364
364
364
364
364
364
364
364
364
364
364
364
364
364
364
364
364
364
364
364
364
364
364
364
364
364
364
364
364
364
364
364
364
364
364
364
364
364
364
364
364
364
364
364
364
364
364
144
364
364
364
364
364
364
364
364
364
364
364
364
364
364
364
364
364
364
364
364
364
364
364
364
364
364
364
364
364
364
364
364
364
364
364
364
364
364
364
364
364
364
364
364
364
364
364
364
364
364
364
364
364
364
364
364
364
364
364
364
364
364
364
364
364
364
364
364
364
364
364
364
364
364
364
364
364
364
364
364
364
364
364
364
364
364
364
364
364
364
364
364
364
364
364
364
364
364
364
364
364
364
364
364
364
364
364
364
364
364
364
364
364
364
364
364
364
364
364
364
364
364
364
364
364
364
364
364
364
364
364
364
364
364
364
364
364
364
364
364
364
364
364
364
364
364
364
364
364
364
364
364
364
364
364
364
364
364
364
364
364
364
364
364
364
364
364
364
364
364
364
364
364
364
364
364
364
364
364
364
364
364
364
364
364
364
364
364
364
364
364
364
364
364
364
364
364
364
364
364
364
364
364
364
364
364
364
364
364
364
364
364
364
364
364
364
364
364
364
364
364
364
364
364
364
364
364
364
364
364
364
364
364
364
364
364
364
364
364
364
364
364
364
364
364
364
364
364
364
364
364
364
364
364
364
364
364
364
364
364
364
364
364
364
364
364
364
364
364
364
364
364
364
364
364
364
364
364
364
364
364
364
364
364
364
364
364
364
364
364
364
364
364
364
364
364
364
364
364
364
364
364
364
364
364
364
364
364
364
364
364
364
364
364
364
364
364
364
364
364
364
364
364
364
364
364
364
364
364
364
364
139
364
364
364
364
364
364
364
364
364
364
364
364
364
364
364
364
364
364
364
364
364
364
364
364
364
364
364
364
364
364
364
364
364
364
364
364
364
364
364
364
364
364
364
364
364
364
364
364
364
364
364
364
364
364
364
364
364
364
364
364
364
364
364
364
364
364
364
364
364
364
364
364
364
364
364
364
364
364
364
364
364
364
364
364
364
364
364
364
364
364
364
364
364
364
364
364
364
364
364
364
364
364
364
364
364
364
364
364
364
364
364
364
364
364
364
364
364
364
364
364
364
364
364
364
364
364
364
364
364
364
364
364
364
364
364
364
364
364
364
364
364
364
364
364
364
364
364
364
364
364
364
364
364
364
364
364
364
364
364
364
364
364
364
364
364
364
364
364
364
364
364
364
364
364
364
364
364
364
364
364
364
364
364
364
364
364
364
364
364
364
364
364
364
364
364
364
364
364
364
364
364
364
364
364
364
364
364
364
364
364
364
364
364
364
364
364
364
364
364
364
364
364
364
364
364
364
364
364
364
364
364
364
364
364
364
364
364
364
364
364
364
364
364
364
364
364
364
364
364
364
364
364
364
364
364
364
364
364
364
364
364
364
364
364
364
364
364
364
364
364
364
364
364
364
364
364
364
364
364
364
364
364
364
364
364
364
364
364
364
364
364
364
364
364
364
364
364
364
364
364
364
364
364
364
364
364
364
364
364
364
364
364
364
364
364
364
364
364
364
364
364
364
364
364
364
364
364
364
364
364
364
364
364
364
364
364
364
364
364
364
364
364
364
364
364
364
364
364
364
364
364
364
364
364
364
364
364
364
364
364
364
364
364
364
364
364
364
364
364
364
364
364
364
364
364
364
364
364
364
364
364
364
364
364
364
364
364
364
364
364
364
364
364
364
364
364
364
364
364
364
364
364
364
364
364
364
364
364
364
364
364
364
364
364
364
364
364
364
364
364
364
364
364
364
364
364
364
364
364
364
364
364
364
364
364
364
364
364
364
364
364
364
364
364
364
364
364
364
364
364
364
364
364
364
364
364
364
364
364
364
364
364
364
364
663
364
364
364
364
364
364
364
364
364
364
364
364
364
364
364
364
364
364
364
364
364
364
364
364
364
364
364
364
364
364
364
364
364
364
364
364
364
364
364
364
364
364
364
364
364
364
364
364
364
364
364
364
364
364
364
364
364
364
364
364
364
364
364
364
364
364
364
364
364
364
364
364
364
364
364
364
364
364
364
364
364
364
364
364
364
364
364
364
364
364
364
364
364
364
364
364
364
364
364
364
364
364
364
364
364
364
364
364
364
364
364
364
364
364
364
364
364
364
364
364
364
364
364
364
364
364
364
364
364
364
364
364
364
364
364
364
364
364
364
364
364
364
364
364
364
364
364
364
364
364
364
364
364
364
364
364
364
364
364
364
364
364
364
364
364
364
364
364
364
364
364
364
364
364
364
364
364
364
364
364
364
364
364
364
364
364
364
364
364
364
364
364
364
364
364
364
364
364
364
364
364
364
364
364
364
364
364
364
364
364
364
364
364
364
364
364
364
364
364
364
751
364
364
364
364
364
364
364
364
364
364
364
364
364
364
364
364
364
364
364
364
364
364
364
364
364
364
364
364
364
364
364
364
364
364
364
364
364
364
364
364
364
364
364
364
364
364
364
364
364
364
364
364
364
364
364
364
364
364
364
364
364
364
364
364
364
364
364
364
364
364
364
364
364
364
364
364
364
364
364
364
364
364
364
364
364
364
364
364
364
364
364
364
364
364
364
364
364
364
364
364
364
364
364
364
364
364
364
364
364
364
364
364
364
364
364
364
364
364
364
364
364
364
364
364
364
364
364
364
364
364
364
364
364
364
364
364
364
364
364
364
364
364
364
364
364
364
364
364
364
364
364
364
364
364
364
364
364
364
364
364
364
364
364
364
364
364
364
364
364
364
364
364
364
364
364
364
364
364
364
364
364
364
364
364
364
364
364
364
364
364
364
364
364
364
364
364
364
364
364
364
364
364
364
364
364
364
364
364
364
364
364
364
364
364
364
364
364
364
364
364
364
364
364
364
364
364
364
364
364
364
364
364
364
364
364
364
364
364
364
364
364
364
364
364
364
364
364
364
364
364
364
364
364
364
364
364
364
364
364
364
364
364
364
364
364
364
364
364
364
364
364
364
364
364
364
364
364
364
364
364
364
364
364
364
364
364
364
364
364
364
364
364
364
364
364
364
364
364
364
364
364
364
364
364
364
364
364
364
364
364
364
364
364
364
364
364
364
364
364
364
364
364
364
364
364
364
364
364
364
364
364
364
364
364
364
364
364
364
364
364
364
364
364
364
364
364
364
364
364
364
364
364
364
364
364
364
364
364
364
364
364
364
364
364
364
364
364
364
364
364
364
364
364
364
364
364
364
364
364
364
364
364
364
364
364
364
364
364
364
364
364
364
364
364
364
364
364
364
364
364
364
364
364
364
364
364
364
364
364
364
364
364
364
364
364
364
364
364
364
364
364
364
364
364
364
364
364
364
364
364
364
364
364
364
364
364
364
364
364
364
364
364
364
364
364
364
364
364
364
364
364
364
364
364
364
364
364
364
364
364
364
364
364
364
364
364
364
364
364
364
364
364
364
364
364
364
364
364
364
364
364
364
364
364
364
364
364
364
364
364
364
364
364
364
364
364
364
364
364
364
364
364
364
364
364
364
364
364
364
364
364
364
364
364
364
364
364
364
364
364
364
364
364
364
364
364
364
364
364
364
364
364
364
364
364
364
364
364
364
364
364
364
364
364
364
364
364
364
364
364
364
364
364
364
364
364
364
364
364
364
364
364
364
364
364
364
364
364
364
364
364
364
364
364
364
364
364
364
364
364
364
364
364
364
364
364
364
364
364
364
364
364
364
364
364
364
364
364
364
364
364
364
364
364
364
364
364
364
364
364
364
364
364
364
364
364
364
364
364
364
364
364
364
364
364
364
364
364
364
364
364
364
364
364
364
364
364
364
364
364
364
364
364
364
364
364
364
364
364
364
364
364
364
364
364
364
364
364
364
364
364
364
364
364
364
364
364
364
364
364
364
364
364
364
364
364
364
364
364
364
364
364
364
364
364
364
364
364
364
364
364
364
364
364
364
364
364
364
364
364
364
364
364
364
364
364
364
364
364
364
364
364
364
364
364
364
364
364
364
364
364
364
364
364
364
364
364
364
364
364
364
364
364
364
364
364
364
364
364
364
364
364
364
364
364
364
364
364
364
364
364
364
364
364
364
364
364
364
364
364
364
364
364
364
364
364
364
364
364
364
364
364
364
364
364
364
364
364
364
364
364
364
364
364
364
364
364
364
364
364
364
364
364
364
