1882
2081
1788
2299
2758
2145
2705
2705
2157
1720
2758
3094
1527
1683
1461
2025
1492
1936
2758
2270
1587
3094
2145
2089
1125
2474
1363
1699
1842
1052
1380
1267
1984
1132
1587
1882
1739
2299
1754
2118
1545
1960
1321
1034
1176
1682
2026
1002
1513
1201
1265
2474
2027
1077
1720
1158
1311
2705
1501
1936
1222
2081
1646
1366
2066
1461
1527
2027
1330
2118
1704
1267
1136
3094
1104
1297
1960
1754
1504
2043
1184
2089
1502
1135
1152
2043
1446
2056
1150
1308
2026
1150
1870
1492
2102
2066
1646
1177
1259
1225
1170
1984
832
1267
1682
1181
1613
1170
1125
1136
1040
1582
998
898
3297
1713
1196
1848
825
1438
1330
1321
1901
926
1049
1513
925
2063
1848
1499
956
2043
1448
691
1201
2158
1007
1184
1788
1108
880
1704
860
2474
1196
738
1380
2056
1099
976
1222
1225
801
1446
1363
1172
776
1181
1150
710
1003
1901
2102
1060
1611
1018
2089
539
2056
1499
1152
1077
1085
884
734
1870
1170
1683
1170
2213
1177
1399
1181
1366
1832
1234
841
1135
1699
1132
1170
2270
716
855
711
1265
1739
1754
1020
674
2063
1052
880
1502
489
513
2213
461
485
793
446
495
1176
1170
2145
1303
1335
1545
1800
432
497
1108
1335
667
1077
1832
1186
1060
1682
787
489
500
525
925
825
2027
552
1049
657
645
593
397
593
1399
381
1848
612
754
538
1504
1311
558
1308
825
1104
495
1040
925
470
1438
1267
900
2066
1196
1499
1613
1074
1002
1270
702
484
1077
440
2157
1868
947
894
448
832
754
1960
1120
419
976
455
832
858
403
886
503
449
748
453
1303
675
531
641
464
458
382
2213
753
1099
485
573
1153
676
639
568
351
389
884
647
860
622
432
1501
383
442
756
1870
418
221
312
638
1142
1158
2026
776
1800
390
1153
1077
448
1077
1446
1399
291
371
483
366
280
392
538
557
1003
956
475
926
298
3297
884
406
371
460
1582
443
395
947
663
1120
443
393
1108
362
482
1074
389
1270
387
251
431
330
512
221
780
493
884
306
350
321
404
523
448
314
2102
1382
1318
710
497
599
1587
383
483
530
339
753
1832
352
1335
1016
348
898
884
322
832
638
884
1382
1153
1186
884
296
314
305
880
1172
348
841
867
1842
428
3297
469
291
501
372
884
1177
295
522
884
1034
1259
354
1611
884
884
411
610
2213
276
1085
278
884
324
1297
884
370
1868
710
884
884
587
2158
884
332
449
261
2299
1366
884
884
900
884
884
894
619
745
884
1437
483
332
288
884
558
513
666
336
275
884
884
884
884
884
1330
444
884
380
308
884
884
1016
1077
884
711
884
2025
884
685
884
884
237
929
421
884
930
415
448
1181
449
599
334
1153
1382
884
825
265
680
884
884
496
412
884
884
884
884
535
375
286
397
1228
390
884
582
1754
884
884
884
1225
752
884
884
884
229
369
884
884
787
884
884
884
368
884
423
530
884
412
884
351
884
612
3297
1800
884
884
884
884
596
884
884
884
884
884
437
884
884
884
321
884
654
884
884
884
485
1267
884
1936
639
855
884
568
884
884
884
378
884
884
884
481
884
355
753
884
884
884
450
396
884
360
884
1901
884
884
554
884
884
884
884
884
884
884
321
884
329
884
884
884
884
610
884
884
350
884
884
884
884
1099
2063
884
884
884
884
884
884
317
884
447
586
884
2118
884
884
2102
884
884
884
290
884
884
388
884
884
663
884
251
884
884
884
283
884
496
884
884
884
884
884
1142
884
884
511
884
538
884
259
884
753
535
884
884
884
884
324
221
858
884
884
448
884
884
884
884
884
657
884
884
884
884
241
1382
1170
884
884
884
884
884
884
464
884
884
884
1060
884
884
884
884
884
1184
884
884
884
884
884
884
884
244
884
230
884
884
884
884
884
884
1504
884
884
884
884
884
617
884
884
884
884
884
884
884
884
884
884
884
884
522
884
884
884
884
884
884
884
884
884
884
399
410
884
503
593
884
884
884
884
884
1611
884
884
884
884
884
884
884
884
884
884
884
884
884
884
884
713
884
884
884
884
884
884
1234
884
884
884
884
443
884
1007
884
830
884
884
884
884
3297
884
884
884
884
884
884
884
400
884
884
884
884
884
1303
884
884
884
884
884
884
884
884
884
884
884
884
884
884
884
884
884
884
245
884
884
884
884
884
884
884
929
884
998
884
884
884
884
884
884
884
884
884
469
884
884
884
884
604
884
884
641
884
461
263
884
884
884
884
884
884
884
884
2066
884
884
593
493
884
884
884
884
458
884
884
884
232
884
884
884
884
884
884
884
884
884
610
884
884
884
884
884
884
884
884
884
884
275
884
441
884
884
884
884
884
884
884
884
884
723
884
884
884
884
884
582
884
909
884
884
884
925
884
884
884
884
884
884
884
884
884
884
884
884
884
884
884
884
884
884
884
884
884
884
884
884
884
884
884
884
884
227
884
884
884
884
884
884
884
884
884
884
884
884
884
448
884
884
884
884
884
753
884
884
884
884
414
884
884
884
884
884
884
884
884
292
884
884
884
884
884
884
884
884
884
884
884
884
884
593
884
344
884
884
884
884
884
884
884
884
884
884
884
884
884
884
884
884
884
884
884
884
884
884
884
884
884
884
884
884
884
884
884
884
1186
884
1868
884
884
884
884
884
884
884
884
884
884
884
884
884
884
884
884
884
884
884
884
884
884
884
2102
884
884
884
884
884
884
884
884
884
884
513
884
884
884
884
884
884
884
884
884
884
884
884
884
884
884
884
884
884
884
884
884
884
884
884
884
884
884
264
884
884
884
884
884
884
884
884
884
884
884
884
884
303
534
884
884
884
884
884
884
884
884
884
884
884
884
884
884
884
884
884
884
884
884
884
884
291
884
884
884
884
530
884
884
884
884
884
884
884
884
884
884
884
884
1446
884
884
884
884
884
884
884
884
884
884
884
884
884
884
884
884
884
884
884
884
884
884
884
884
461
884
884
884
884
884
884
884
884
1438
884
884
884
884
884
884
884
884
884
884
884
884
884
884
884
884
884
884
884
884
884
884
884
884
884
884
884
884
884
354
884
884
884
884
884
884
884
884
884
884
884
884
884
884
884
884
884
884
884
884
884
884
884
884
884
884
884
884
884
884
884
884
884
884
884
884
884
884
884
884
884
884
884
884
884
884
884
884
266
884
884
884
884
884
884
884
884
884
884
884
884
884
884
884
884
884
884
884
884
884
884
884
884
884
884
884
884
248
884
884
884
884
884
884
884
884
884
884
884
884
884
884
884
884
884
884
884
884
884
884
884
884
884
884
884
884
884
884
884
884
884
884
884
884
455
884
884
884
884
884
884
884
884
884
884
884
884
884
884
825
884
884
884
884
884
884
884
884
884
884
884
884
884
884
884
884
884
884
884
884
884
884
884
884
884
884
884
884
884
884
884
884
884
884
884
884
884
693
884
884
884
884
884
884
884
884
884
884
884
884
884
884
884
884
884
884
884
884
884
884
884
884
884
884
884
884
884
884
884
884
884
884
884
884
884
884
884
884
884
884
884
884
884
884
884
884
884
884
884
884
884
884
884
884
884
884
884
884
884
884
884
884
884
884
884
884
884
884
884
884
884
884
884
884
884
884
884
884
884
884
884
884
830
884
884
884
884
884
884
884
444
884
884
884
884
884
884
884
884
884
884
884
884
884
884
884
884
884
884
884
884
884
884
884
884
884
884
884
884
884
884
884
884
884
884
884
884
884
884
884
884
884
884
884
884
884
884
884
884
1267
884
884
884
884
884
884
884
884
884
884
884
884
884
884
884
884
884
884
884
1218
884
884
442
884
884
884
884
884
884
884
884
832
884
884
884
884
884
884
884
884
884
884
884
884
884
236
884
884
884
884
884
884
884
884
884
884
884
884
884
884
884
884
884
884
884
884
884
884
801
884
884
884
884
884
884
884
884
884
926
884
884
884
443
884
884
884
884
884
884
884
884
884
884
884
884
884
884
884
884
884
884
884
884
884
884
884
884
884
884
884
884
884
884
884
884
884
884
884
884
884
884
884
884
884
884
884
884
884
884
884
884
884
884
884
884
884
884
884
884
884
884
884
884
884
884
884
884
884
884
884
884
884
884
884
240
884
884
884
884
884
884
884
884
884
884
884
884
884
884
884
884
884
884
884
884
884
884
884
884
884
884
884
884
884
884
884
884
884
884
884
884
884
884
884
884
884
884
884
884
884
884
884
884
884
884
884
884
884
884
884
884
884
884
884
884
884
884
884
884
884
884
884
884
884
884
884
884
884
884
884
1984
884
884
884
884
884
884
884
884
884
884
884
884
884
884
884
884
884
884
884
884
884
884
884
884
884
884
884
884
884
884
884
884
884
1682
884
884
884
884
884
884
884
884
884
884
884
884
884
884
884
884
884
884
884
884
884
884
884
884
884
884
884
884
884
884
884
884
884
884
884
884
884
884
884
884
884
884
884
884
884
884
884
884
884
884
884
884
884
884
884
884
884
884
884
884
884
884
884
884
884
884
884
222
884
884
884
884
884
884
884
884
884
884
884
884
884
884
884
884
884
884
258
884
884
884
884
884
884
884
884
884
884
884
884
884
884
884
884
884
884
884
884
884
884
884
706
884
884
884
884
884
884
884
884
884
884
884
884
884
884
884
884
884
884
884
884
884
884
884
884
884
884
884
884
884
884
884
884
884
884
1153
884
884
884
884
884
1136
884
884
884
884
884
884
884
884
884
884
884
884
884
884
884
884
884
884
884
