977
1006
887
836
949
970
1014
903
1151
510
1209
981
1044
896
1094
1048
496
809
803
860
515
1039
928
869
948
510
1151
689
508
448
466
863
851
493
515
544
832
671
748
886
476
462
909
552
463
753
829
486
519
481
494
1080
517
504
632
942
631
746
535
434
460
775
902
597
747
482
454
966
430
504
949
559
859
716
501
654
478
438
433
456
420
542
745
445
429
1264
439
627
3269
478
2635
1166
623
1321
489
468
521
470
458
2461
446
1695
905
650
1535
484
456
667
434
551
1482
741
417
1166
438
408
421
444
424
400
442
423
413
423
428
444
399
1321
471
437
437
483
487
509
420
421
430
439
411
566
1094
456
449
410
489
4637
625
1913
431
406
422
419
599
584
439
442
453
475
603
431
421
404
400
391
392
407
422
424
474
412
544
427
1153
2527
698
420
455
421
766
4637
609
434
1035
433
409
427
393
439
401
412
671
562
457
517
396
415
1483
436
409
424
480
390
721
520
498
436
415
534
433
435
426
676
427
421
499
627
699
511
397
638
465
594
447
1166
637
410
1582
411
1253
411
517
399
718
403
452
659
497
413
610
410
421
631
640
701
1131
574
414
410
1000
2557
438
411
1210
1429
389
668
2097
405
481
675
704
632
412
411
409
435
422
600
415
622
433
836
404
367
404
406
402
435
442
453
410
379
677
404
455
389
1275
416
648
375
1151
423
419
411
394
966
408
473
401
385
1212
419
410
383
426
818
1275
1851
389
606
377
623
427
428
784
411
549
1026
498
404
390
437
379
2635
398
519
493
363
408
1303
453
433
420
415
389
425
594
412
542
412
499
505
435
384
556
390
428
317
451
1537
675
378
399
683
370
624
440
430
416
626
400
757
422
428
354
458
750
368
480
400
389
621
382
663
398
399
388
566
384
363
401
417
420
404
368
401
575
586
373
406
623
631
387
392
363
386
440
775
413
641
396
406
409
398
647
486
396
364
501
467
430
607
400
389
408
406
366
378
388
376
414
550
415
453
412
459
541
512
403
397
863
411
394
1549
410
416
366
361
536
905
364
447
493
364
599
622
596
392
504
359
376
360
421
433
436
420
398
603
393
379
634
560
400
388
580
384
377
569
440
508
383
375
1212
388
382
400
394
408
710
400
445
459
611
664
384
431
368
591
406
374
372
380
474
377
663
398
384
388
445
500
894
419
359
381
419
411
333
656
389
374
383
387
416
432
383
394
356
387
993
381
409
406
680
373
355
428
370
415
389
405
391
382
355
396
388
420
362
436
388
382
383
406
522
365
403
561
553
543
358
534
403
386
579
365
382
386
1104
403
384
391
458
2340
359
390
569
641
2452
374
387
784
455
391
595
378
433
506
371
393
364
531
343
387
435
358
400
399
348
572
569
515
390
376
484
2527
421
467
375
3030
335
592
380
659
570
380
400
611
382
413
649
357
372
354
766
371
1786
550
411
395
425
573
385
365
543
2502
356
390
615
423
674
399
602
382
1153
631
689
478
496
477
403
377
1026
563
418
379
366
1303
389
712
341
603
622
357
619
352
395
470
397
875
354
369
423
367
506
363
396
394
580
401
556
396
388
384
400
376
362
351
376
375
547
443
620
399
381
643
1044
366
389
391
649
643
354
400
403
380
450
381
664
357
435
443
347
383
344
369
632
532
341
392
597
594
347
392
385
359
361
392
430
383
553
351
395
394
376
374
542
557
477
351
398
415
364
524
398
389
474
860
420
555
392
403
524
398
373
611
391
469
338
350
395
389
362
639
394
448
383
376
562
512
312
1799
364
361
563
409
419
456
377
459
2635
355
618
373
370
393
362
371
644
376
370
425
412
334
378
400
596
371
372
339
390
349
417
347
396
375
478
354
538
347
564
377
599
454
799
1131
386
435
356
412
565
330
423
377
2340
420
326
404
435
321
382
349
598
595
375
387
439
421
352
330
454
422
710
357
355
380
395
335
694
1318
365
391
561
599
488
358
395
603
4637
344
1166
561
528
744
359
397
497
375
342
817
380
365
357
410
348
500
352
613
377
661
336
416
354
607
379
586
507
348
405
342
459
839
328
380
358
467
597
344
354
356
407
360
356
359
1799
363
366
374
396
378
356
322
359
538
334
365
425
365
1043
378
358
420
354
340
407
392
315
506
391
346
536
369
345
649
354
1799
454
602
356
365
3030
431
344
410
379
343
348
341
421
378
602
377
540
350
339
1786
331
362
401
398
664
638
503
1173
749
518
382
391
430
386
357
472
694
582
442
605
384
431
393
422
387
347
386
358
422
1913
604
366
582
367
525
347
330
639
394
3030
329
357
418
419
414
355
357
388
402
398
318
548
655
367
3030
389
313
388
1478
637
399
407
353
364
400
498
356
384
387
470
345
2502
366
397
549
361
1913
363
335
332
539
335
357
355
321
326
377
476
381
591
352
359
414
534
355
322
546
306
341
422
306
365
522
392
357
342
380
343
351
744
362
351
438
331
476
495
362
355
352
363
694
418
542
365
387
304
2557
363
829
369
408
388
441
388
350
351
442
672
501
603
370
343
369
375
371
418
348
377
367
378
346
326
394
442
341
376
359
425
480
332
388
425
357
392
1851
349
443
417
457
386
392
394
376
372
344
415
643
591
321
558
421
391
339
398
377
305
362
442
339
333
527
346
461
985
368
315
359
304
447
663
509
347
298
689
446
369
370
344
402
324
319
338
364
360
325
312
374
567
344
366
389
310
323
362
364
404
358
502
353
449
323
333
389
382
391
334
315
550
335
602
700
375
380
348
336
394
327
389
319
365
381
376
427
401
335
485
601
388
365
627
341
379
407
325
380
364
410
546
465
523
522
363
376
352
363
690
337
366
381
335
325
292
651
283
368
404
342
352
358
316
595
361
555
346
369
324
358
413
350
329
364
358
396
364
309
412
439
343
415
379
375
335
315
386
356
397
354
391
404
404
385
396
512
367
365
2502
355
337
335
379
399
426
418
358
371
381
461
363
535
370
358
423
582
349
434
465
355
344
447
351
342
567
363
452
373
410
367
354
300
895
359
320
365
326
2502
467
514
349
427
395
344
370
373
329
2097
407
363
615
422
342
312
543
414
449
810
320
401
334
397
604
377
381
537
336
338
305
373
371
381
320
3281
351
321
347
346
398
344
386
351
337
370
373
327
537
365
335
354
424
351
313
607
360
328
316
731
409
364
334
352
350
332
334
589
341
301
316
442
307
356
517
384
508
404
396
432
493
349
502
388
1838
349
289
399
326
385
348
282
529
323
367
382
361
346
323
392
531
612
388
323
675
326
526
375
386
483
317
295
308
339
580
345
381
364
784
344
327
566
326
499
356
355
357
369
323
367
387
368
350
497
313
340
289
480
333
592
307
372
373
326
343
412
344
316
318
331
506
308
474
376
517
319
426
373
327
553
470
371
332
509
301
587
326
390
401
333
1913
491
325
558
324
279
456
338
342
290
351
356
498
394
493
331
334
376
306
346
332
383
412
315
425
378
391
632
580
365
471
334
387
338
353
343
322
360
939
354
315
378
552
651
542
403
401
347
294
340
351
312
367
349
619
322
316
329
322
565
331
353
350
312
345
365
443
308
338
336
321
403
632
4378
393
332
343
544
352
549
538
478
326
380
370
336
399
507
446
364
381
349
355
3281
556
319
321
314
373
335
398
360
428
346
4378
361
309
534
295
577
391
328
421
292
386
376
332
271
402
330
354
354
374
347
337
337
343
830
404
379
294
367
657
310
365
376
412
313
292
348
409
391
576
277
554
340
2452
572
393
304
375
353
363
305
295
369
345
350
345
314
490
685
340
343
317
371
293
328
327
304
359
366
381
358
285
352
562
342
563
370
300
364
327
320
351
399
566
371
388
326
378
275
587
319
303
284
326
469
328
333
348
273
360
401
277
339
604
337
377
374
285
377
349
358
329
322
390
390
429
345
356
342
313
414
376
349
329
314
350
344
281
540
264
316
356
450
361
291
358
361
334
367
363
671
326
623
324
302
342
576
401
685
863
329
356
2097
822
321
373
331
957
360
1461
410
321
311
385
333
2067
358
431
319
466
312
513
322
286
304
487
303
443
333
306
402
531
324
346
307
304
574
291
368
534
350
303
310
399
335
321
553
330
324
328
317
331
319
316
272
328
381
391
355
331
372
649
517
400
503
567
541
358
340
317
316
365
332
508
319
379
370
358
304
330
375
342
322
300
878
290
396
473
344
357
355
345
385
1140
356
379
333
292
291
375
432
474
332
387
1043
342
578
328
299
312
984
339
336
396
341
334
365
359
480
292
361
350
318
694
481
354
332
319
347
368
407
374
310
357
319
321
478
309
501
580
381
376
347
324
320
327
351
350
522
350
381
548
307
335
302
406
310
315
353
294
317
332
311
371
981
328
401
320
307
367
368
300
363
324
321
307
323
495
300
490
343
3281
416
352
315
339
328
633
304
309
496
343
401
306
328
284
337
401
312
532
365
1210
530
329
305
193
325
357
342
327
363
510
331
324
324
313
307
683
403
383
542
330
262
308
301
328
301
656
700
351
379
269
311
355
348
299
339
343
387
301
310
316
619
294
332
313
544
299
295
302
318
446
327
318
347
435
324
451
367
352
338
375
2461
312
293
370
516
360
2258
569
501
263
468
220
317
274
389
351
304
247
307
351
350
312
331
1483
257
476
368
337
273
366
303
320
347
734
324
330
280
278
307
281
306
323
365
334
337
332
385
292
532
4378
309
292
359
326
336
461
290
342
347
310
284
341
301
401
379
371
355
474
284
402
364
339
272
312
329
293
340
317
491
321
314
377
311
285
357
306
2067
402
286
307
306
224
268
340
342
333
344
299
257
347
335
371
277
399
315
351
623
305
311
1537
602
434
317
342
331
360
389
412
325
317
388
317
280
282
357
388
423
339
345
387
578
303
2502
331
325
541
278
284
310
373
292
322
351
886
311
444
355
329
350
380
294
305
356
316
305
334
360
5703
341
286
343
338
303
333
321
430
387
290
283
302
319
578
394
611
385
343
482
287
1291
318
300
481
383
291
388
302
373
341
354
339
304
345
346
338
281
338
335
439
341
416
337
281
329
329
350
759
317
326
255
307
810
346
616
313
348
346
361
469
331
538
337
362
261
316
283
351
371
299
320
364
317
721
340
289
361
275
310
485
355
337
280
352
312
456
247
342
394
259
362
351
326
232
361
350
328
301
1549
5703
598
287
318
476
277
336
304
337
384
329
356
292
259
311
367
322
353
290
316
404
379
363
417
493
293
326
597
545
434
378
1284
587
611
471
307
316
718
623
311
290
272
299
448
301
297
298
296
334
338
296
332
373
338
348
534
435
295
286
321
336
354
313
306
314
295
246
322
361
340
307
298
267
314
386
562
311
337
328
293
615
617
279
277
260
353
352
964
333
302
322
340
512
572
333
346
305
575
554
275
407
311
277
313
293
354
376
292
500
331
372
323
777
533
280
706
300
235
314
288
361
364
244
343
322
261
584
301
566
395
311
334
480
284
350
255
315
419
315
314
289
584
298
325
383
318
263
451
376
335
301
519
347
283
367
315
374
354
300
289
308
299
306
605
409
300
355
378
318
488
271
294
617
358
523
325
507
278
275
471
313
677
417
332
1222
369
331
553
280
301
443
331
371
347
329
526
276
453
258
363
836
299
367
409
283
427
322
255
330
320
286
360
335
291
327
303
271
385
332
307
633
278
282
303
350
284
275
535
758
302
300
733
323
349
284
351
318
372
320
297
279
348
320
295
317
299
323
392
289
337
217
310
594
266
392
312
300
502
580
304
587
283
287
333
251
245
306
329
301
276
351
295
303
391
620
290
332
382
347
403
607
337
348
308
299
332
306
365
447
483
993
563
251
371
283
387
281
307
527
302
385
398
441
300
354
299
560
240
285
308
395
4637
330
339
341
301
278
615
304
329
348
457
309
286
315
3269
285
283
298
199
1318
372
323
314
302
328
358
340
265
281
320
290
324
444
818
282
320
288
330
440
341
326
378
360
316
297
280
346
307
372
309
469
308
615
338
277
281
283
319
268
352
333
263
652
550
291
350
281
284
309
361
293
267
292
390
368
256
345
539
321
259
261
301
324
326
321
389
365
306
308
305
465
309
381
360
286
194
360
328
291
309
234
285
283
303
266
265
333
326
375
534
362
361
341
254
286
278
344
331
548
334
664
288
263
318
329
524
287
318
321
289
286
881
311
325
287
326
333
299
300
307
277
310
385
335
393
330
276
269
314
452
318
371
284
274
320
335
320
300
298
300
520
258
263
339
315
283
292
461
158
360
298
318
344
320
1535
292
347
352
388
337
322
261
720
254
385
321
337
386
887
4637
297
355
265
407
347
301
367
299
265
561
332
282
252
332
310
336
386
1478
296
469
267
283
317
333
405
304
283
360
361
331
749
558
288
446
309
285
333
266
249
246
450
311
496
321
410
389
328
368
352
323
254
623
283
320
538
322
312
314
316
333
306
293
321
280
500
342
296
538
260
283
354
337
379
396
242
321
352
228
346
301
280
333
385
275
325
597
170
252
287
273
342
324
291
310
280
336
323
327
295
299
271
306
253
307
330
303
317
334
217
310
301
273
283
297
306
333
494
344
371
341
284
268
252
307
487
338
297
286
291
299
580
342
333
233
243
316
292
377
294
281
570
284
333
231
340
342
1259
299
344
347
304
267
328
295
236
329
251
239
256
293
335
301
480
237
282
239
294
316
289
299
303
316
279
277
342
283
251
368
340
333
286
244
334
312
343
309
299
2557
292
325
349
186
311
253
631
287
340
242
300
231
384
286
318
265
301
279
420
544
357
340
817
301
331
297
2340
273
323
285
292
361
234
338
568
328
267
318
331
327
336
799
262
321
310
322
270
354
319
309
570
305
368
282
311
314
298
232
332
326
341
325
300
283
284
433
306
269
990
323
295
267
397
387
347
283
300
303
269
273
270
328
212
247
229
209
270
309
322
360
291
300
365
274
277
352
308
304
264
257
330
234
345
452
270
284
288
252
274
290
420
277
232
424
293
370
277
301
284
167
361
288
570
310
301
325
291
197
319
319
230
352
267
559
266
257
305
277
236
298
303
365
239
236
316
431
284
275
300
220
354
250
333
317
265
1007
175
304
277
325
877
268
310
298
322
340
350
285
352
305
390
558
661
270
256
553
217
329
227
294
228
365
300
326
295
234
395
340
271
269
555
370
318
315
298
331
395
513
255
212
362
305
214
420
300
311
355
234
298
323
252
587
317
256
323
443
338
331
188
329
278
389
256
459
268
330
225
212
634
267
259
258
319
436
340
332
194
342
231
305
391
274
356
241
245
487
255
345
284
297
292
316
592
308
295
549
315
290
268
361
495
343
262
330
415
307
298
267
333
228
288
296
371
297
477
301
250
454
301
342
284
242
276
280
290
425
235
478
263
335
519
275
316
226
262
312
288
551
330
285
267
530
362
295
281
388
271
290
271
332
357
430
378
275
339
272
244
296
255
307
279
332
570
312
197
455
472
240
274
275
282
714
262
321
359
328
276
300
248
256
238
289
343
266
387
238
299
318
338
330
247
335
326
282
273
566
262
298
290
291
486
350
279
248
307
543
540
319
294
305
329
194
578
294
346
330
266
372
384
375
250
274
584
280
452
358
325
345
420
285
281
261
247
289
290
553
275
275
291
346
320
376
248
271
235
318
371
240
326
293
277
563
392
592
355
325
712
255
278
260
157
199
286
316
570
278
443
274
275
283
287
286
331
287
337
251
338
309
232
323
236
406
243
402
270
286
334
1284
278
283
299
377
310
311
285
597
305
487
252
627
362
293
193
288
295
338
331
246
288
260
229
295
403
727
218
288
270
286
2557
275
282
323
1104
266
240
330
292
289
570
288
365
266
317
274
236
312
286
215
375
478
307
605
192
284
367
304
306
278
279
283
229
397
263
275
286
305
285
215
416
166
224
860
335
261
371
256
298
302
327
301
156
206
365
330
307
217
303
294
252
309
495
231
311
308
615
324
330
290
292
516
272
267
268
322
278
279
276
300
272
284
276
312
321
234
373
297
275
344
309
290
397
334
393
404
307
367
231
558
547
316
318
351
281
333
291
189
241
257
333
398
327
299
265
273
524
570
252
281
407
261
267
300
258
222
277
228
356
213
245
299
289
264
306
332
470
299
275
255
291
201
318
272
237
274
288
236
224
188
335
569
286
226
371
262
373
286
303
304
239
277
340
191
570
259
266
332
218
283
365
342
484
312
264
355
265
345
186
280
355
347
251
325
217
291
228
259
158
521
231
357
257
276
247
305
348
2527
321
334
305
317
285
233
591
255
249
239
301
309
295
342
542
360
445
300
240
278
257
344
637
231
149
269
318
570
237
283
306
590
296
221
210
392
258
320
333
252
320
390
279
254
320
304
353
279
364
288
371
332
343
205
308
206
294
413
302
297
210
309
283
285
232
241
243
318
267
313
265
498
293
245
602
3269
269
294
274
281
235
228
320
336
294
274
232
249
586
291
226
238
334
287
178
245
267
336
392
294
249
244
288
290
310
326
255
329
252
590
287
253
286
237
201
307
350
328
194
279
570
251
313
342
286
212
142
249
281
509
568
285
328
310
230
282
377
302
852
343
305
316
289
308
563
315
278
314
231
246
307
298
282
310
269
328
293
296
162
273
317
289
332
570
839
308
273
558
223
202
376
341
236
263
323
328
391
570
225
180
293
381
288
213
519
323
294
247
346
299
160
241
184
289
229
284
291
288
270
238
234
335
314
271
382
288
232
282
329
409
254
267
172
291
3281
280
249
207
369
315
308
1206
266
296
240
249
264
284
342
276
270
336
322
317
234
201
314
275
336
570
259
332
303
293
340
374
500
255
311
202
328
315
367
570
221
277
306
235
192
288
172
265
905
370
358
254
253
259
277
391
226
290
313
226
288
237
291
1535
286
292
222
285
204
278
264
296
328
278
189
314
298
171
316
251
221
274
344
328
278
289
375
257
294
291
291
284
289
185
210
181
295
297
261
302
301
570
312
305
281
268
266
264
263
375
468
272
372
346
570
212
473
5703
152
352
276
179
587
428
312
216
275
267
228
326
261
349
654
267
317
250
259
263
269
283
240
570
549
379
332
222
313
274
321
266
236
249
278
345
269
275
340
169
279
433
234
264
227
177
285
570
2258
300
348
269
317
570
258
337
234
248
331
242
261
297
303
293
297
142
592
265
174
265
297
165
282
269
315
271
266
288
376
287
339
259
203
275
570
326
154
281
276
202
201
250
319
326
254
261
214
222
361
314
259
465
291
327
784
305
251
292
286
284
148
341
176
199
312
542
345
264
563
489
284
207
235
274
986
322
185
269
297
250
292
248
242
261
345
359
396
409
331
352
257
277
390
309
265
255
282
255
216
287
570
306
166
427
272
188
292
201
233
283
187
586
186
152
220
297
184
282
589
252
202
282
419
286
145
558
405
442
308
655
204
267
226
264
570
250
298
232
570
260
5703
260
286
286
455
351
227
389
176
292
506
287
183
196
282
341
290
277
266
323
258
273
221
285
284
306
243
276
282
269
267
264
265
570
197
362
298
293
259
264
351
202
197
283
498
550
570
235
277
570
244
222
285
395
293
212
330
276
246
327
284
287
647
247
249
315
303
319
570
364
570
293
173
318
225
280
303
293
282
385
230
249
331
270
222
255
501
244
418
156
151
200
299
418
347
213
258
251
217
265
320
205
327
209
570
249
252
274
936
268
142
282
383
241
286
258
248
299
304
210
287
297
240
268
293
244
152
238
301
308
257
311
836
268
295
247
287
296
283
344
151
203
570
263
228
570
570
223
303
329
247
280
285
169
360
260
291
299
229
284
256
223
336
266
164
308
304
283
259
231
189
250
236
285
271
224
274
281
927
545
256
178
354
319
256
286
351
210
246
288
206
241
317
570
278
238
161
168
291
292
226
311
149
404
206
529
180
357
286
570
143
261
326
1816
274
262
337
279
289
235
235
145
235
482
336
218
225
248
240
296
291
256
220
514
305
205
298
475
324
284
340
286
288
342
262
303
243
147
248
180
244
570
258
212
281
209
164
258
395
234
268
313
570
201
291
241
318
351
168
193
454
230
240
570
333
288
270
261
462
269
209
321
283
334
225
279
714
211
321
305
570
246
283
240
180
291
318
258
281
282
268
197
199
210
197
254
273
270
215
251
170
224
253
202
300
382
270
188
226
198
538
157
240
227
214
257
430
1537
383
181
570
276
246
301
180
283
339
570
177
275
261
206
439
272
336
199
209
146
250
290
266
329
496
226
1582
252
329
149
192
239
192
228
276
311
408
224
570
977
223
292
187
284
334
149
246
222
301
210
278
247
281
283
227
588
259
214
163
343
208
274
276
234
947
256
282
263
187
298
185
388
183
294
570
385
240
1551
214
257
565
328
293
322
312
210
259
537
2452
333
301
318
570
260
334
403
301
150
268
237
400
345
264
245
290
223
283
311
225
224
283
195
269
227
498
243
340
299
215
334
641
292
395
242
570
235
307
153
293
570
296
294
345
146
311
142
256
1122
247
356
337
289
276
196
324
218
346
2286
221
272
593
246
170
229
311
284
252
570
414
316
242
328
264
259
232
267
285
180
262
209
152
253
270
263
276
198
201
242
283
238
187
261
265
457
316
283
248
280
283
348
330
250
306
309
462
259
283
249
280
229
242
318
266
570
181
570
163
293
570
145
258
195
244
258
306
185
282
273
333
544
388
277
277
230
570
570
439
285
145
228
570
272
554
245
304
193
253
278
570
195
188
195
271
342
209
345
210
259
260
570
286
254
226
346
216
242
338
170
570
207
275
199
186
214
142
615
341
261
323
284
205
242
2461
287
570
292
286
276
256
210
373
327
270
359
298
358
295
570
570
537
279
143
231
271
230
254
186
246
298
383
175
302
194
616
283
169
293
181
570
176
698
183
570
205
370
354
261
156
182
292
205
413
261
233
225
209
303
570
570
227
344
212
228
238
304
279
339
170
189
188
326
144
468
272
289
202
250
570
288
250
564
570
178
239
3269
570
276
277
570
570
325
249
290
286
324
280
570
262
245
307
313
167
278
247
153
309
472
235
299
215
162
208
570
570
187
255
308
238
281
254
239
570
254
258
570
310
316
180
193
506
225
152
570
147
337
272
570
227
230
300
214
277
522
257
228
223
950
570
320
290
3269
196
570
166
570
309
251
246
282
284
264
246
507
239
266
241
213
178
143
216
570
299
511
259
271
224
193
570
191
257
309
229
570
570
317
273
228
159
280
187
343
506
215
208
163
276
261
238
255
282
252
253
263
223
173
267
570
205
239
203
240
454
221
154
261
258
296
259
249
301
281
198
161
318
242
274
240
253
302
260
224
310
169
238
253
369
289
410
316
252
340
276
408
221
228
570
283
224
317
144
283
415
434
204
176
298
263
197
313
227
310
274
290
200
278
284
149
142
265
221
266
276
258
405
236
295
244
279
239
250
317
264
265
238
290
233
213
194
247
1355
208
280
289
277
320
570
220
217
218
530
266
178
316
224
570
306
286
238
146
314
257
203
153
275
277
182
316
570
232
278
267
579
274
570
272
254
258
323
220
230
289
199
254
2898
224
562
235
264
270
154
218
267
295
570
570
142
279
570
281
282
337
271
198
236
217
192
209
187
301
570
406
167
1272
264
221
240
290
169
223
190
144
219
200
271
225
765
252
394
237
320
298
265
224
180
341
2122
274
271
177
263
149
242
570
160
570
292
180
330
364
334
179
164
327
160
570
219
307
265
179
173
570
186
570
287
4637
150
254
292
292
351
257
369
296
229
417
203
233
262
570
202
531
570
313
191
566
379
570
331
270
346
315
570
570
240
256
240
570
984
148
278
570
291
478
297
349
231
205
269
276
279
215
235
157
360
242
274
251
327
360
407
177
239
218
222
269
339
303
156
570
302
570
296
254
148
208
259
570
214
194
206
239
236
329
241
225
263
160
314
542
234
153
271
142
223
2527
235
142
307
252
596
225
204
343
1318
570
252
282
279
250
277
261
204
203
198
249
570
570
186
248
247
276
147
294
275
570
284
232
189
178
161
570
219
389
261
266
209
226
308
248
285
227
291
224
250
177
570
174
292
471
263
245
288
212
205
259
235
208
212
227
373
218
156
177
272
400
279
275
570
299
241
276
209
226
218
488
239
570
235
240
293
316
229
295
546
244
201
570
211
336
196
284
227
570
1122
570
243
265
301
166
284
247
243
366
142
292
233
317
178
570
584
201
245
344
301
570
570
503
570
570
362
361
249
290
253
570
227
250
309
195
272
255
196
178
247
340
258
262
271
234
153
570
257
229
244
230
243
291
224
234
308
280
244
361
570
212
185
269
149
373
269
570
276
246
245
234
157
2898
605
148
235
272
243
256
570
280
222
335
301
305
681
286
315
570
337
570
307
237
267
283
212
174
159
281
375
277
259
257
262
245
339
513
570
182
570
143
203
160
165
144
570
233
570
143
182
211
261
289
275
570
203
561
357
252
223
318
177
575
210
551
147
250
570
226
312
306
273
159
248
357
381
311
186
185
570
285
185
279
230
250
248
606
223
209
283
277
234
276
222
552
147
264
272
322
214
213
272
242
181
240
286
486
570
233
254
161
223
283
246
570
250
570
570
296
304
150
168
189
269
274
148
249
192
339
570
229
245
285
220
184
228
295
263
260
154
258
570
237
221
231
570
228
339
279
147
570
230
296
243
189
236
316
200
570
168
307
191
248
198
210
246
279
211
1244
259
836
163
2461
287
570
275
157
167
570
570
294
333
570
280
267
570
295
570
151
570
570
570
502
243
144
251
208
224
274
222
225
320
322
233
227
639
207
145
286
534
240
240
656
570
298
570
184
570
263
570
570
242
284
171
197
251
224
292
570
211
330
177
311
570
278
441
287
186
251
169
211
202
235
241
242
146
349
142
273
167
419
179
252
338
207
150
570
211
570
241
248
523
570
259
268
206
179
209
245
246
570
319
210
652
213
1616
230
301
252
570
273
245
282
205
224
333
257
236
177
335
570
201
245
570
367
570
205
282
570
615
234
271
169
356
213
570
368
570
232
341
570
310
354
570
283
195
174
282
570
154
570
267
570
253
276
355
209
180
174
281
187
316
939
570
171
260
165
297
242
570
570
247
249
272
352
155
1166
570
279
260
328
1241
243
237
189
203
278
196
215
570
570
258
253
570
277
260
197
227
201
177
242
350
258
227
570
263
314
212
174
570
233
570
282
271
256
207
176
218
222
667
304
143
285
349
230
245
487
329
233
148
164
241
251
192
238
162
278
231
310
467
298
282
211
221
227
177
144
284
244
266
570
268
230
213
223
570
570
275
195
570
291
151
146
570
285
205
276
182
195
252
269
210
570
178
420
334
570
199
570
612
294
231
570
226
522
151
142
599
255
199
245
168
570
150
212
198
570
570
247
184
227
144
157
198
576
570
276
142
168
1355
255
570
275
490
222
215
325
570
570
323
259
293
280
296
243
570
295
286
289
363
271
238
306
570
259
270
259
173
302
330
498
303
570
297
224
277
570
175
211
148
257
570
570
281
255
570
248
228
234
233
285
294
506
296
231
570
164
570
570
253
259
334
295
155
252
317
215
268
218
570
229
247
257
163
278
570
570
225
182
2258
186
150
227
322
181
255
253
286
570
241
570
173
188
211
314
570
269
195
230
570
570
250
570
570
286
570
199
507
207
271
197
570
570
332
270
475
282
570
570
249
202
169
315
294
272
145
257
158
189
250
207
271
210
237
570
250
313
215
570
570
145
145
570
272
298
249
184
204
290
171
570
570
225
320
570
266
298
178
274
262
249
511
268
205
570
395
248
570
169
270
224
216
570
570
570
255
277
318
273
227
346
205
285
156
170
570
210
570
617
155
165
570
235
249
310
570
570
298
570
200
160
570
307
218
257
197
237
143
356
353
216
570
570
247
173
206
187
258
356
263
152
256
148
220
242
142
547
570
1259
175
200
184
570
230
151
180
1355
248
570
176
277
177
570
246
570
447
570
570
148
238
194
274
570
570
202
223
570
570
276
287
180
570
570
570
228
185
222
285
183
287
213
150
570
570
197
570
389
749
570
570
570
304
225
570
570
255
279
192
165
270
570
570
570
570
142
287
429
214
282
231
245
224
219
260
261
279
570
265
212
180
335
249
207
151
177
553
169
216
570
160
233
196
283
218
146
270
570
570
193
185
478
159
194
165
570
277
215
570
314
298
230
177
252
256
324
265
570
198
228
247
224
265
225
268
189
190
229
570
570
225
170
570
268
570
305
148
480
214
361
237
298
327
284
266
373
223
251
147
330
166
570
188
570
570
187
570
570
234
240
266
263
277
150
262
570
256
570
209
570
221
570
211
328
295
176
157
244
570
275
535
570
149
171
320
142
570
570
570
570
470
208
265
570
210
209
174
570
153
202
570
570
215
304
211
231
204
277
181
171
570
273
221
191
143
187
224
230
149
570
295
275
228
570
180
220
277
160
273
154
222
263
228
267
321
210
144
262
251
570
570
241
179
208
570
221
257
570
169
167
570
720
143
283
4378
283
264
570
244
236
183
241
531
570
234
200
570
570
570
147
570
256
270
318
215
323
160
217
213
570
217
570
282
358
203
570
336
291
191
570
363
570
272
532
226
570
570
570
154
245
270
453
195
246
144
180
162
319
242
187
250
186
202
475
570
177
570
570
570
233
267
227
469
255
233
570
200
147
270
170
570
172
151
169
570
570
228
240
211
258
252
158
144
250
221
570
176
182
284
570
570
233
147
246
225
570
570
261
570
246
570
241
235
219
226
191
179
226
570
226
194
142
233
570
162
261
570
259
570
570
166
570
570
179
192
158
570
245
250
570
160
273
861
278
199
316
570
230
174
285
156
304
194
570
570
328
475
570
197
570
274
570
188
207
570
149
570
570
570
570
267
570
182
282
211
215
289
570
160
213
570
231
308
570
179
230
245
570
161
669
288
209
311
456
570
570
191
570
570
160
570
218
570
188
570
251
159
225
219
505
570
570
251
225
328
351
515
288
462
396
466
249
201
220
570
570
248
570
155
570
194
217
570
155
271
570
188
570
570
570
275
201
211
248
570
415
279
591
570
570
570
172
4378
570
181
318
358
570
286
142
570
187
248
191
202
162
304
570
570
570
570
570
180
570
1222
159
383
570
570
269
241
243
570
230
149
570
278
570
282
570
570
570
236
233
256
570
222
237
570
152
570
260
570
186
315
237
570
570
229
190
240
167
146
236
251
172
225
570
570
570
570
570
570
570
261
176
215
315
309
570
570
226
733
305
570
233
226
212
239
203
280
570
570
213
570
570
570
570
570
237
306
570
358
167
210
570
239
148
282
361
148
570
529
142
570
178
285
570
570
194
260
287
215
155
570
570
570
570
570
570
279
402
570
259
203
149
570
243
259
570
216
352
570
570
204
164
570
570
148
407
751
570
213
279
244
165
195
570
180
159
245
175
277
570
238
570
251
570
215
570
321
201
570
240
192
570
147
168
211
152
198
228
279
737
245
330
193
570
341
570
570
167
570
570
570
148
204
287
164
570
227
570
400
268
570
168
303
570
168
301
570
256
570
171
254
570
570
570
570
570
190
215
245
570
322
167
570
314
257
570
570
150
243
170
570
570
570
243
570
241
570
261
317
570
570
570
212
570
269
205
570
570
290
164
570
155
570
229
231
155
570
222
243
570
570
570
187
320
570
570
570
570
536
188
258
313
223
570
570
570
258
181
257
154
570
263
570
570
249
570
280
570
326
397
269
570
303
183
570
570
570
340
209
570
570
170
187
570
258
223
174
222
281
570
570
156
228
205
325
570
225
570
212
271
213
306
570
236
570
570
160
553
217
1173
309
172
186
950
416
570
570
230
570
570
570
570
254
249
235
570
570
570
320
570
682
259
534
570
570
570
145
570
165
277
481
199
570
203
260
570
206
266
570
323
570
570
570
207
162
570
570
570
293
193
317
570
150
278
226
570
699
570
570
160
157
260
570
1291
183
184
235
161
277
202
238
219
570
570
570
296
570
570
570
570
264
157
154
194
259
570
570
570
287
570
152
570
310
570
222
231
570
570
145
570
294
154
185
570
570
231
570
570
570
570
570
270
278
220
280
200
250
260
570
156
241
174
212
570
570
338
219
209
243
271
570
570
157
142
570
193
280
570
263
570
149
310
151
570
570
570
570
295
189
570
570
244
228
1166
181
570
570
228
570
570
276
309
171
278
217
570
294
570
514
570
570
570
237
187
570
570
287
268
184
151
260
570
244
570
171
310
570
192
278
371
271
570
570
219
570
184
570
199
604
1551
173
570
235
246
147
570
349
147
570
273
570
251
570
240
184
230
148
323
290
570
570
232
570
154
570
334
570
205
234
143
570
570
570
350
570
234
570
200
403
570
214
570
570
187
166
570
240
453
570
570
327
570
480
570
570
570
197
570
233
198
230
570
185
570
570
318
570
570
236
570
407
258
570
570
201
239
570
570
273
570
242
570
274
570
154
200
203
155
570
256
570
210
214
570
570
231
570
570
570
570
239
291
388
208
570
570
570
282
213
570
570
570
570
570
228
196
145
570
570
212
189
223
570
279
183
172
147
570
178
570
570
570
256
570
192
570
329
585
570
171
570
204
152
297
570
172
163
142
163
570
342
153
570
305
570
152
267
570
191
570
217
570
570
205
259
570
570
570
570
570
570
706
570
570
151
308
206
267
570
570
142
570
194
252
570
570
178
179
570
570
165
260
178
1206
231
204
177
570
217
570
177
260
359
236
142
162
570
244
193
570
570
237
231
149
265
570
256
258
292
570
570
161
570
148
570
570
570
280
570
570
142
570
213
172
296
822
158
570
570
570
570
150
298
199
570
570
310
570
297
155
212
250
570
516
177
570
570
269
299
570
214
156
570
203
570
570
570
220
203
570
210
570
289
236
570
254
570
240
301
309
207
570
570
275
570
215
570
218
299
310
570
570
570
255
282
221
570
570
152
169
1786
261
570
195
165
249
570
570
570
490
570
570
3281
167
570
570
166
570
170
316
570
174
570
570
570
223
570
570
570
570
200
270
244
197
572
230
570
570
605
570
570
754
270
570
570
570
214
247
3281
570
197
207
148
570
220
570
570
155
200
570
449
570
570
146
217
277
770
570
570
570
142
570
345
570
570
209
570
144
570
235
223
570
149
192
414
570
224
570
570
570
183
570
153
570
152
570
161
570
234
570
570
147
570
570
570
570
570
186
245
252
570
570
570
570
570
155
230
158
570
202
183
570
214
570
570
570
287
262
570
158
172
224
231
198
164
570
570
305
252
263
154
570
570
143
1196
570
2122
219
570
571
272
570
148
183
570
570
230
570
570
570
570
570
167
162
570
570
142
570
218
570
250
570
570
731
259
233
147
356
570
570
251
570
207
570
162
570
262
163
205
168
148
223
570
2340
570
570
570
255
228
570
293
151
570
348
570
146
570
456
194
147
286
271
162
570
570
570
570
570
570
226
168
188
570
278
145
570
570
283
219
217
143
570
570
207
570
436
292
149
168
271
261
570
200
570
570
570
570
206
570
570
195
570
570
570
485
276
570
222
193
211
193
248
570
234
543
570
570
181
570
570
570
142
570
570
570
185
382
570
246
570
156
192
570
570
570
570
570
570
570
570
151
219
162
570
570
570
570
244
353
170
593
245
149
570
604
570
142
570
179
570
192
570
180
145
570
256
570
199
257
570
613
237
212
570
570
228
412
187
570
242
200
570
258
570
570
152
570
570
142
570
171
203
570
570
215
278
246
348
298
570
239
570
236
570
276
570
247
166
570
570
570
570
143
570
570
570
243
570
570
570
570
570
570
570
570
151
570
570
142
249
570
570
570
570
570
570
160
570
360
391
570
375
570
570
212
220
570
570
292
570
570
570
570
570
570
570
241
217
224
187
570
570
570
570
224
174
316
570
247
187
214
570
143
378
570
409
570
231
156
158
204
570
337
570
262
570
327
570
570
175
570
570
680
570
570
570
570
314
570
175
301
168
156
354
570
570
209
570
570
570
570
229
570
194
570
570
172
570
570
570
570
570
570
242
160
266
163
262
154
570
228
146
362
570
248
570
570
570
570
570
570
570
570
234
156
237
570
521
186
321
570
570
165
199
570
570
157
233
489
570
214
253
239
211
200
570
189
570
570
570
570
570
222
570
570
570
570
227
570
214
570
570
570
570
184
264
210
570
570
230
570
534
570
570
570
570
570
185
257
341
212
142
570
570
369
179
152
570
570
570
570
570
150
218
570
570
570
258
172
154
142
270
570
570
570
570
570
570
234
570
570
570
184
570
570
570
570
211
570
570
570
149
570
205
235
570
570
570
570
154
570
390
215
570
570
232
570
570
570
570
570
570
157
186
570
570
570
242
570
570
2452
570
570
164
570
182
164
570
570
570
570
292
570
570
236
142
570
570
570
209
570
570
570
570
290
199
570
570
248
570
175
570
226
393
272
149
570
570
281
570
200
295
570
185
193
299
570
570
243
570
148
570
570
570
263
570
570
570
226
570
570
570
570
272
570
570
570
570
173
570
570
570
168
157
570
570
336
252
570
154
181
570
570
570
570
259
197
570
327
570
570
570
4378
570
278
570
570
570
263
191
253
570
570
244
570
570
570
145
217
308
570
570
236
157
259
570
570
570
192
276
570
570
282
570
570
192
570
185
570
284
297
226
142
190
570
570
317
246
233
570
214
509
570
570
570
310
302
570
570
570
570
570
143
570
570
379
570
150
570
2527
570
303
895
570
570
221
570
570
179
222
219
570
225
269
193
570
198
570
181
570
570
570
570
218
570
570
570
570
570
570
570
570
570
570
570
222
268
570
570
206
570
570
570
570
188
570
570
162
179
148
570
570
570
570
144
570
570
570
570
570
570
142
570
227
570
570
570
570
570
570
570
570
570
570
268
570
173
279
144
500
570
570
570
570
570
220
570
164
227
570
570
570
234
570
570
570
570
570
151
369
143
204
174
570
182
570
570
284
570
570
570
202
249
570
570
570
570
570
669
570
215
274
570
288
570
195
255
570
570
203
170
570
270
446
144
570
266
570
570
570
570
287
232
570
570
188
570
570
161
143
504
233
570
570
204
570
570
570
212
570
291
201
224
570
570
570
570
570
154
1616
232
190
570
200
570
570
309
255
570
570
277
570
570
182
570
278
570
361
570
205
205
215
570
189
146
570
255
174
164
570
382
570
570
289
570
570
570
145
313
570
570
570
570
824
570
297
570
155
286
275
178
570
168
179
507
265
570
570
570
570
570
570
570
570
570
269
190
181
570
169
153
570
570
570
172
354
200
570
861
570
215
233
570
570
270
570
515
570
239
570
570
570
570
570
213
570
570
570
570
570
570
570
192
209
143
570
250
269
194
163
570
415
570
570
570
230
570
570
570
570
570
395
570
570
149
570
570
570
570
231
570
257
570
570
570
570
570
570
570
570
570
185
208
570
570
570
156
570
570
570
570
142
570
259
276
570
193
570
570
570
570
570
570
145
156
269
570
242
284
570
570
151
570
545
142
570
570
570
570
231
251
570
570
570
289
570
298
570
570
570
570
570
570
570
161
570
570
282
321
570
570
210
570
570
570
570
144
242
173
570
570
244
187
570
570
215
159
570
570
570
243
446
570
570
570
242
570
570
570
239
570
570
378
570
570
570
173
284
570
570
192
570
570
570
570
570
169
570
570
225
570
570
570
170
149
244
161
234
570
570
570
291
570
570
570
207
570
196
180
570
237
570
144
158
570
250
349
570
247
263
570
247
269
570
570
157
570
570
168
416
159
570
570
570
216
570
169
570
195
570
570
234
570
165
570
570
154
570
570
570
570
570
145
570
570
167
570
620
218
570
570
149
144
570
150
570
570
149
143
570
570
570
570
469
570
570
154
570
185
570
273
240
155
570
570
248
570
570
570
570
570
266
570
570
570
570
570
570
570
570
570
180
237
570
570
227
570
570
570
279
570
570
251
570
199
570
209
570
570
570
570
203
570
186
165
475
243
570
570
570
468
570
288
159
570
263
267
570
570
570
570
173
570
570
147
182
293
165
570
570
142
570
570
570
150
570
323
204
266
186
570
570
570
570
570
570
570
570
570
570
150
252
224
332
570
570
570
570
570
570
570
353
277
167
235
203
220
570
570
570
570
570
570
570
570
570
570
570
339
256
181
570
570
570
203
570
570
570
570
570
290
570
143
236
570
570
570
570
226
570
570
570
570
570
228
145
283
570
570
570
570
167
290
570
570
570
570
570
570
570
221
178
570
570
570
570
233
186
570
570
244
570
570
570
570
229
570
1241
570
570
250
570
570
246
570
570
570
570
570
278
570
143
570
570
177
418
252
256
201
570
238
570
570
206
570
570
570
570
570
163
570
570
570
570
570
570
570
570
570
163
570
570
312
143
240
570
570
237
570
570
570
570
299
526
570
570
570
570
570
161
153
570
570
408
570
570
273
570
570
570
570
570
238
232
570
220
570
570
570
570
570
272
570
570
570
570
570
570
570
570
571
570
570
182
570
520
570
570
570
570
473
570
570
283
570
570
570
570
230
570
570
570
570
3269
570
570
712
570
570
570
570
570
570
206
570
491
2635
191
570
570
570
570
570
212
148
156
570
315
570
570
570
570
570
570
570
570
570
276
570
570
570
228
570
208
260
570
570
570
570
570
570
570
271
276
570
570
570
142
204
279
570
570
570
570
205
570
292
191
570
570
570
260
152
277
570
216
570
570
570
570
570
570
570
570
290
570
570
570
174
570
570
570
570
570
232
570
570
570
145
155
175
183
570
203
570
570
570
186
570
142
570
570
570
570
570
570
487
253
570
145
570
570
186
280
570
241
154
570
274
570
570
570
570
570
337
570
570
570
297
570
394
570
223
570
570
198
570
570
570
570
179
570
570
570
570
570
570
174
570
570
570
570
727
570
289
570
570
570
205
570
570
570
157
570
570
149
570
570
229
531
570
570
570
217
570
570
570
570
570
570
570
570
570
570
570
570
313
570
220
570
570
570
570
570
570
247
570
570
570
570
570
570
570
570
175
570
570
256
570
142
570
570
344
166
570
249
570
616
570
169
570
570
570
570
570
570
570
570
852
570
570
570
173
570
570
153
274
165
172
570
151
570
144
258
570
570
570
173
195
570
570
869
570
570
570
570
209
395
570
570
570
186
570
570
570
570
145
570
570
173
570
570
570
234
167
570
570
570
570
570
570
570
153
570
570
221
570
570
570
570
146
570
570
570
570
570
570
570
570
570
570
570
223
190
570
570
570
570
183
277
570
332
570
570
270
570
570
570
570
570
149
166
570
570
570
167
570
570
570
570
154
391
570
570
183
570
570
570
570
570
570
570
570
570
570
570
476
570
570
151
570
570
570
570
570
570
570
295
570
570
191
570
419
570
570
570
218
204
570
570
222
570
570
570
570
570
570
149
416
570
570
570
570
570
570
223
155
570
570
238
570
219
570
570
570
570
558
570
570
570
570
570
570
570
570
570
570
228
570
205
570
570
570
570
570
153
142
570
570
570
570
147
570
323
570
570
570
784
147
144
570
206
570
570
239
570
570
570
142
534
570
155
570
142
570
570
570
570
180
182
229
179
570
570
570
308
214
757
570
350
147
224
570
570
570
570
265
570
570
247
174
570
570
154
570
202
570
570
570
570
570
570
570
570
570
570
570
570
570
570
172
506
570
570
570
570
570
570
570
316
570
570
570
271
570
570
570
570
570
570
151
198
312
570
570
198
570
570
570
153
570
570
234
154
570
570
239
570
497
570
570
570
570
570
570
570
570
570
251
570
570
570
570
570
570
306
570
570
570
570
570
570
185
570
570
570
570
144
570
570
570
570
240
570
570
570
570
570
157
486
570
177
308
570
570
220
570
142
570
570
221
145
570
570
570
570
224
570
570
570
239
570
153
570
149
202
570
570
570
570
570
152
570
160
156
570
570
570
570
570
570
570
614
162
570
570
570
570
570
570
301
570
147
570
250
509
570
570
570
570
570
570
570
570
570
570
205
570
196
570
570
570
570
570
178
293
570
570
229
570
570
570
570
570
570
570
570
570
570
570
570
570
570
570
570
570
570
570
570
570
570
570
570
570
570
570
570
196
145
570
221
570
570
570
570
197
570
570
142
142
570
570
570
570
279
570
502
143
570
219
570
234
570
570
570
570
570
570
570
570
471
188
570
321
182
570
570
570
570
570
241
570
570
570
570
165
326
239
570
570
570
570
570
570
570
570
570
189
570
156
570
570
570
570
570
201
570
570
451
277
570
570
570
570
570
570
570
570
570
570
570
570
570
570
173
570
301
570
570
570
570
186
570
570
570
570
274
570
310
570
175
570
570
570
570
286
570
570
570
179
199
570
570
146
570
570
570
570
570
570
182
570
193
570
245
570
570
570
570
570
228
4378
570
570
570
296
570
570
149
570
570
570
570
155
261
570
570
142
570
570
570
570
570
745
570
570
570
570
570
570
570
288
570
570
570
253
570
570
254
188
570
570
570
570
282
570
570
570
178
570
169
570
254
241
570
5703
570
177
570
570
194
570
175
570
570
570
570
570
153
570
570
570
299
570
264
570
570
570
570
266
570
570
570
161
570
242
570
570
570
570
570
570
570
570
570
570
570
570
570
570
570
570
570
570
570
570
253
570
570
570
570
570
570
570
570
570
570
570
570
570
152
570
570
570
570
570
570
180
570
570
570
196
347
570
570
570
152
570
173
570
570
570
142
570
163
570
570
570
570
1131
570
570
570
234
570
159
570
570
570
570
213
570
570
570
570
570
570
570
570
570
570
185
169
570
570
178
209
570
570
570
570
936
570
570
570
570
162
570
570
309
307
570
193
570
570
570
570
570
570
297
570
570
570
149
570
570
570
498
570
570
570
570
570
570
570
570
570
570
245
570
570
570
210
570
570
570
180
570
186
570
243
570
570
570
225
570
570
570
570
570
570
570
570
570
570
570
570
470
570
570
1037
218
570
570
249
200
188
570
570
277
570
570
570
570
570
201
570
570
570
187
570
570
142
147
570
570
149
570
570
570
570
570
570
570
570
201
570
570
318
570
570
570
570
570
570
570
230
1461
570
178
213
570
570
570
570
570
570
570
570
570
570
209
2286
570
570
570
570
338
181
570
570
570
570
570
570
570
570
157
570
570
570
570
570
570
570
570
570
240
570
570
570
254
570
253
570
570
570
570
570
570
570
570
570
570
570
570
570
356
570
570
570
570
570
570
487
570
570
570
749
570
162
570
570
355
570
570
570
570
570
160
570
570
570
148
486
570
570
570
570
570
570
570
570
570
570
145
570
570
570
570
264
570
570
268
286
570
570
570
570
570
570
570
570
570
247
570
570
570
570
570
148
570
570
433
570
570
570
570
570
570
208
570
335
570
570
570
570
570
570
284
570
570
570
217
570
142
570
570
570
145
570
570
570
570
570
570
570
570
570
570
570
1535
570
570
570
570
570
554
570
570
570
181
232
570
187
211
570
570
570
570
570
570
162
570
570
570
570
570
570
570
570
1483
570
570
570
291
570
570
570
486
570
570
570
570
570
570
570
570
570
570
224
570
570
570
570
570
532
149
192
264
570
570
570
185
570
570
570
570
570
570
216
426
299
570
570
570
570
570
570
570
570
570
570
570
570
570
249
570
570
570
570
570
570
297
570
570
570
570
570
570
188
570
570
570
570
570
570
302
570
570
570
570
570
570
570
570
570
570
570
570
570
570
570
1026
570
570
570
570
570
570
570
570
570
570
570
570
570
570
570
570
570
570
570
570
570
570
570
570
232
570
570
570
570
570
570
570
217
570
570
570
570
154
570
570
570
143
167
570
570
570
163
220
146
165
570
570
240
570
570
570
927
570
378
146
302
570
570
570
570
570
570
290
570
570
570
570
570
570
570
570
570
570
570
570
295
570
204
570
209
570
570
570
570
570
363
570
570
570
570
570
570
570
570
570
570
570
570
570
190
570
570
249
228
177
570
570
570
570
193
570
570
570
336
570
570
163
570
570
570
570
570
570
570
570
570
570
570
570
570
570
570
570
570
570
194
570
570
570
570
570
570
570
472
570
570
570
570
165
570
570
570
570
570
570
570
446
570
570
570
570
570
570
570
570
570
205
570
570
570
570
570
570
570
558
570
570
570
570
570
164
247
570
570
570
570
219
570
223
570
570
570
570
570
570
570
570
570
570
570
570
570
570
570
186
360
570
570
570
570
570
570
570
200
570
243
570
570
237
570
146
570
570
570
566
158
570
570
570
570
160
570
570
570
263
229
570
570
570
570
1483
151
570
570
191
143
570
570
168
570
570
570
570
570
570
570
570
570
570
211
570
570
570
570
570
570
570
570
229
570
570
570
570
570
570
570
570
570
570
570
570
570
252
272
216
570
570
570
570
570
570
570
313
570
570
570
754
570
570
570
570
301
570
247
227
188
302
570
570
570
281
200
570
570
570
570
570
570
375
570
570
263
143
570
280
570
254
570
570
570
570
150
344
570
570
570
570
570
200
570
570
221
570
570
570
570
570
570
570
570
570
570
570
570
161
570
570
570
570
570
570
158
570
570
570
607
203
570
570
189
570
570
570
148
570
409
570
570
213
570
570
570
570
570
570
570
570
570
570
570
570
570
570
256
553
570
2635
570
570
570
570
570
570
570
570
570
570
570
570
201
162
570
570
570
570
570
570
570
570
570
570
570
570
570
570
570
570
570
570
570
570
414
570
570
351
570
570
570
570
185
570
570
570
570
159
570
570
570
570
570
570
570
570
314
570
570
570
570
160
570
570
570
570
191
570
570
570
570
570
570
570
570
570
570
570
570
570
570
570
142
570
570
570
570
570
964
570
225
570
570
570
570
570
570
570
352
570
570
570
570
570
570
570
570
570
570
570
570
145
570
570
570
570
570
570
269
570
570
570
570
196
231
570
777
570
570
570
570
570
570
570
570
570
570
570
570
570
570
570
570
570
570
425
570
570
369
570
570
570
570
570
570
570
570
570
570
168
570
570
177
570
570
570
191
570
570
156
799
570
570
570
570
161
570
570
570
570
570
570
570
386
570
570
570
300
224
570
570
570
570
570
570
570
570
570
570
570
570
570
570
570
570
155
570
570
570
570
570
570
570
570
570
570
570
570
570
570
243
570
570
570
570
570
570
570
570
167
570
570
570
570
570
570
570
570
570
570
570
570
570
570
626
351
570
570
216
570
570
570
651
570
570
570
570
570
570
570
570
570
570
570
570
570
570
321
570
570
570
154
570
570
570
570
570
570
570
570
570
320
570
570
570
570
817
570
570
570
570
570
570
184
570
570
570
570
570
570
570
570
570
570
570
570
570
570
570
570
570
570
570
218
201
570
570
570
570
570
203
570
570
570
570
570
570
570
570
570
570
570
570
570
570
570
570
570
570
570
570
570
258
360
570
570
272
503
167
570
570
280
570
570
282
570
570
570
570
570
163
570
570
193
570
570
570
157
570
570
570
224
570
570
570
570
570
570
570
570
570
570
570
570
570
570
570
570
570
570
570
570
570
570
570
570
570
570
570
570
254
482
570
570
570
570
570
206
570
570
353
570
242
570
195
570
236
570
570
570
570
570
570
570
570
570
570
570
570
182
400
570
570
570
570
570
570
570
570
162
570
570
570
570
570
570
451
570
570
164
570
570
570
570
1582
570
570
570
570
570
570
570
570
570
2067
570
152
570
570
310
570
260
570
570
570
756
570
570
570
570
570
570
570
570
570
570
570
570
570
153
570
570
570
570
145
570
570
570
570
256
570
570
570
570
517
570
570
570
570
227
570
179
570
570
570
2557
570
570
570
570
570
570
570
570
570
570
570
570
570
570
570
570
570
570
570
570
570
570
570
570
570
570
570
570
570
570
142
570
570
570
570
570
570
570
248
570
570
570
570
570
570
570
570
570
570
570
570
570
570
570
570
570
142
570
570
143
570
150
570
198
266
570
570
143
570
570
570
570
570
570
570
570
570
570
151
570
570
570
570
570
570
570
570
570
570
570
570
570
570
570
570
570
570
454
156
570
570
570
142
570
570
570
431
570
570
215
570
570
570
570
570
570
570
570
570
570
570
271
570
570
570
570
570
570
570
268
570
245
289
570
570
570
441
570
570
570
250
570
570
570
570
570
234
358
142
570
570
570
180
570
570
570
570
144
570
570
570
570
570
570
570
570
225
570
570
570
570
570
570
570
570
570
570
570
570
570
570
570
570
570
570
570
231
570
570
570
570
570
570
570
570
235
570
570
570
570
570
570
570
570
570
570
570
570
570
570
570
570
570
570
570
570
570
570
570
570
570
570
570
570
570
570
570
232
570
570
570
570
570
570
570
570
570
493
570
570
570
570
1131
570
570
570
570
570
570
443
151
570
570
570
570
570
260
570
570
570
570
570
570
570
231
570
570
570
570
570
570
570
570
497
570
570
570
265
570
570
570
343
163
570
570
570
570
570
570
563
570
570
570
570
570
570
570
570
570
570
570
570
570
570
570
570
570
570
1007
570
570
570
570
570
570
570
197
570
570
570
167
145
570
570
570
570
570
570
570
570
570
570
570
570
570
570
570
267
570
570
570
570
570
570
570
570
570
570
220
570
410
186
570
570
171
570
570
570
270
570
570
570
570
570
570
570
570
570
570
195
570
570
570
570
570
570
570
570
570
237
570
570
570
570
570
570
570
570
191
570
570
570
570
570
570
234
570
570
257
230
570
570
570
570
570
570
570
570
1549
570
230
570
570
570
570
570
570
170
570
570
570
570
570
570
570
570
570
570
570
570
570
570
570
570
288
570
570
570
570
570
570
570
1838
570
215
570
1272
170
570
570
570
570
570
570
570
570
570
570
195
570
570
570
570
570
570
570
152
570
2527
570
570
570
278
570
570
570
570
570
570
570
189
570
570
570
570
570
570
570
570
570
570
509
570
149
301
179
570
570
248
570
570
570
570
570
570
570
205
570
295
151
570
159
570
570
570
202
570
570
570
570
496
570
200
570
570
570
570
274
570
570
570
570
570
570
570
570
570
570
570
158
570
570
570
570
570
570
142
570
570
219
570
570
570
570
288
570
570
570
570
570
570
570
570
570
570
570
570
153
144
570
570
877
570
430
570
570
570
570
539
570
570
570
570
570
570
570
142
570
570
570
570
570
570
570
570
291
570
548
214
570
570
570
570
570
570
570
570
570
247
305
570
570
570
570
314
570
570
157
570
570
570
570
570
570
570
144
570
570
570
570
570
570
570
570
570
570
570
570
570
570
570
519
570
570
570
199
399
570
570
570
570
570
570
570
570
570
570
570
570
570
570
570
570
570
570
570
570
570
570
570
214
494
570
570
570
570
570
570
570
570
570
570
221
570
570
570
570
570
570
181
570
570
570
193
570
570
570
570
570
570
570
570
570
570
570
570
146
570
271
570
570
570
570
570
570
570
151
570
570
570
570
570
570
570
570
570
570
570
235
570
570
570
570
570
570
570
570
570
570
570
285
235
570
570
570
181
570
570
570
570
570
570
570
570
570
570
257
570
570
570
148
570
570
570
570
570
570
570
570
176
166
570
570
158
147
570
570
570
570
570
570
570
570
570
238
570
570
570
570
570
193
570
570
570
570
570
570
570
570
233
278
570
271
570
151
570
230
478
162
570
208
570
570
570
570
570
570
570
570
570
570
570
570
570
570
520
570
570
570
570
570
570
570
570
570
570
570
283
570
570
570
570
570
570
180
570
570
570
570
570
570
570
570
570
570
570
570
570
570
570
570
570
570
570
570
570
570
471
570
570
570
142
570
345
570
570
570
570
570
570
570
570
570
570
570
570
570
570
570
570
570
570
570
570
580
570
570
570
570
570
570
570
570
570
228
570
570
570
570
570
570
570
570
570
570
570
570
570
570
570
570
570
570
570
570
570
570
570
570
570
570
148
570
570
570
570
570
570
570
570
570
570
570
570
570
570
570
570
570
570
570
570
570
570
570
570
570
570
570
570
570
570
570
205
570
594
570
570
476
570
570
570
168
570
570
249
201
283
570
570
570
570
570
570
570
570
570
570
570
570
570
284
570
570
186
570
570
266
220
570
570
570
570
570
570
570
570
570
570
570
570
570
142
517
198
570
570
570
570
570
570
570
4378
570
260
570
570
570
570
570
570
570
570
570
570
570
204
570
570
570
269
172
570
3030
570
570
570
570
570
570
570
570
570
570
570
570
570
570
570
570
570
570
570
283
570
570
570
570
570
354
570
570
570
570
570
570
570
570
570
570
570
408
570
570
570
570
570
570
570
570
245
570
570
570
570
570
570
570
570
570
570
570
570
570
570
570
570
570
570
570
570
570
570
570
570
570
570
570
455
570
570
570
570
570
570
570
570
570
570
570
570
570
570
570
570
570
570
570
570
570
570
202
570
570
570
570
570
570
570
570
570
570
570
142
570
570
570
570
570
570
570
570
570
570
570
570
570
570
570
570
286
570
570
570
570
570
570
249
570
570
275
570
347
570
570
570
570
570
570
570
570
570
570
175
570
570
570
570
296
376
570
570
570
570
570
570
570
570
570
570
570
570
570
570
570
570
570
570
570
570
570
570
570
570
570
570
570
570
570
570
570
570
1080
570
570
570
570
570
570
570
570
570
570
298
570
570
255
570
570
177
570
570
570
570
570
570
570
570
570
570
230
570
570
570
570
208
570
570
570
570
570
570
570
570
570
205
570
570
570
570
570
570
570
297
570
570
570
570
570
570
570
570
570
570
570
207
570
570
570
161
570
570
570
570
570
570
570
570
570
570
570
570
570
570
570
570
570
570
570
570
570
570
570
570
570
570
570
570
570
570
570
570
152
570
570
570
570
570
570
570
570
570
570
570
156
570
570
570
570
149
241
570
570
570
570
570
570
570
570
570
570
570
570
570
570
570
570
570
570
570
570
570
570
570
570
570
570
570
570
570
570
570
570
570
570
570
570
570
570
570
570
570
570
570
570
570
570
570
570
570
570
570
570
570
570
570
171
570
570
169
570
570
570
570
570
570
570
570
570
570
570
570
412
570
570
196
570
570
570
570
570
570
570
570
570
570
570
570
168
570
570
570
570
570
570
570
570
570
570
570
570
570
570
570
159
570
570
570
570
570
570
570
243
175
570
570
154
570
570
570
172
570
570
1616
570
570
570
143
570
570
570
570
570
570
173
220
570
570
570
570
570
570
570
570
570
570
570
570
570
570
198
570
570
570
570
570
307
570
570
570
570
570
570
570
241
570
570
1478
570
570
570
570
570
570
570
570
613
570
570
570
570
570
791
570
570
570
570
570
570
570
570
570
570
2067
142
570
570
570
570
570
570
570
570
570
570
570
570
570
570
570
142
570
570
160
570
570
570
570
570
570
570
570
570
570
570
570
570
142
570
570
570
570
570
570
570
570
570
570
570
570
570
2122
570
570
570
570
570
570
570
570
570
570
570
570
157
570
570
570
570
570
570
570
570
355
570
271
570
570
570
570
301
570
570
570
570
570
183
570
570
570
570
570
570
570
939
570
570
150
570
570
570
175
570
570
489
570
570
570
570
184
570
570
570
570
570
570
570
570
570
570
570
207
570
570
570
570
570
570
570
570
570
570
242
570
570
570
239
570
570
570
570
570
570
570
570
203
570
570
570
570
570
570
570
570
570
570
570
570
570
570
570
570
570
570
570
570
570
570
570
570
570
570
570
570
570
570
570
570
570
570
254
570
391
445
570
570
570
570
156
570
145
570
570
570
570
225
570
570
570
570
267
570
570
570
570
570
570
148
570
570
570
570
662
570
570
570
570
570
570
570
570
570
570
570
570
570
146
570
570
457
570
570
165
570
570
570
570
551
570
570
570
570
570
570
570
570
570
570
570
239
570
570
570
570
260
570
570
570
570
570
570
570
570
570
570
250
570
570
570
440
570
570
570
570
570
570
570
570
570
570
288
570
570
570
570
292
570
570
570
570
570
570
172
570
570
570
570
570
570
522
570
570
570
570
570
570
570
570
187
570
570
570
570
570
570
570
192
570
570
570
165
570
392
570
268
570
570
570
570
570
570
570
570
570
570
570
570
570
570
171
570
570
570
570
570
570
570
570
570
570
570
570
570
570
570
570
570
570
212
570
570
570
570
570
570
570
183
570
147
570
570
570
570
570
570
570
184
222
570
570
570
570
570
146
244
570
570
570
570
570
394
570
570
570
570
570
570
570
570
570
228
570
570
570
570
570
570
570
570
570
570
570
570
570
570
570
570
641
570
570
570
570
570
689
570
570
570
570
570
570
570
570
152
570
570
570
570
570
570
570
570
570
570
570
570
570
570
570
570
570
570
570
570
570
570
570
227
570
570
570
570
570
570
152
570
570
570
570
570
570
570
570
570
570
570
570
570
570
570
570
570
570
570
570
570
570
570
570
570
570
379
570
269
570
293
570
570
570
162
570
570
152
570
1206
570
570
570
570
570
570
570
570
224
235
570
570
570
201
570
570
570
510
570
193
570
570
570
570
191
570
570
570
570
570
570
570
570
570
570
570
570
570
570
570
214
570
271
570
570
570
570
570
570
570
445
570
570
570
154
570
570
570
570
570
570
570
868
570
570
570
570
158
570
570
244
185
570
570
570
570
570
570
570
570
570
570
570
570
570
570
570
316
222
570
242
570
570
570
570
570
176
570
570
570
570
148
570
570
570
570
570
570
1464
570
570
231
570
570
570
570
570
1275
570
570
570
570
570
570
570
570
570
570
570
570
570
570
570
570
324
570
570
570
570
175
570
570
570
570
570
570
570
570
570
570
570
570
570
570
570
570
570
570
570
570
570
570
570
570
570
191
570
570
467
570
570
570
570
570
570
570
570
570
570
244
570
570
570
570
570
570
570
570
570
570
570
570
570
570
570
570
570
570
570
570
570
570
570
570
570
570
570
570
570
570
570
570
570
146
570
570
570
570
570
570
570
570
570
570
570
570
570
570
570
570
570
570
570
570
570
570
570
570
570
570
570
570
570
570
142
570
570
570
570
570
570
570
570
570
570
570
570
249
167
570
570
570
570
570
570
570
570
570
570
570
570
430
204
570
151
570
570
570
570
418
570
570
570
570
570
570
570
570
570
570
570
570
570
570
570
570
570
570
570
570
570
570
570
570
570
570
570
570
570
570
570
570
570
570
570
570
570
570
570
570
570
570
142
245
570
570
570
188
570
570
570
570
570
570
570
570
570
570
570
570
570
178
234
570
570
570
570
570
570
570
570
570
570
570
570
570
570
570
570
570
570
320
570
570
203
570
570
570
570
570
570
570
570
570
570
570
561
570
570
570
570
570
570
570
570
570
570
570
570
570
570
570
570
570
570
570
570
220
570
570
570
570
570
570
570
570
570
570
570
570
570
167
570
570
570
570
570
570
570
570
570
343
570
570
570
570
570
570
570
570
570
570
570
570
570
570
570
570
570
570
570
570
570
570
570
570
458
570
570
570
570
570
570
570
570
570
570
570
570
570
570
570
570
570
570
570
570
290
570
570
570
570
570
570
570
570
570
570
570
269
570
570
570
570
570
570
570
570
299
570
570
570
570
570
570
415
570
570
570
570
570
570
570
570
570
570
570
570
570
570
570
431
570
570
171
570
570
570
570
570
570
570
570
570
261
570
570
570
302
570
570
570
570
570
570
570
570
570
570
570
570
570
570
570
570
570
570
570
570
570
570
570
570
570
570
236
570
570
570
570
570
570
570
570
570
570
570
570
570
570
570
570
570
570
570
570
570
570
570
570
570
570
570
570
570
570
160
570
570
570
570
570
570
570
570
570
570
570
570
570
570
570
570
570
570
570
570
570
570
570
570
570
570
570
570
570
570
570
570
570
570
570
570
570
570
570
229
570
570
570
570
570
570
570
570
570
570
570
570
570
570
570
570
570
570
570
570
570
570
570
570
570
570
570
570
570
327
570
570
570
380
570
570
204
570
570
570
570
570
570
570
570
570
570
570
570
570
179
570
570
570
570
570
570
570
570
570
570
570
570
570
570
570
570
570
570
570
570
570
570
265
570
570
570
570
570
570
570
570
570
570
570
570
452
180
570
570
215
570
570
570
570
570
570
570
570
570
570
570
570
152
570
570
570
570
570
570
570
570
570
570
570
570
570
180
570
570
570
570
570
570
570
570
570
570
570
570
570
570
570
148
570
570
570
570
570
570
570
570
570
570
570
570
570
570
570
570
570
570
570
570
570
570
570
570
570
570
570
570
570
570
570
570
570
570
570
570
570
570
570
570
570
570
160
570
570
570
570
570
570
570
570
570
570
570
421
570
570
570
570
570
570
570
570
570
570
570
570
570
570
246
570
570
166
570
570
570
570
570
570
570
570
150
570
570
570
284
570
570
570
570
570
570
570
570
570
570
570
167
570
570
570
570
570
570
570
570
570
570
570
168
570
570
570
570
570
570
570
570
1248
570
211
570
570
570
570
570
570
570
570
570
570
570
266
570
570
425
570
570
570
570
570
168
420
570
570
570
570
570
272
570
570
570
570
570
570
570
570
570
570
570
570
170
570
570
570
570
570
570
570
570
570
366
570
570
570
570
570
570
570
570
570
570
570
570
570
570
570
161
570
570
570
570
570
570
570
570
286
570
570
570
570
570
570
570
570
570
570
167
570
570
570
570
570
570
570
570
570
570
570
570
570
570
570
570
570
570
570
570
570
570
570
570
570
570
570
570
570
570
570
570
570
570
570
570
570
570
570
323
570
570
570
256
502
570
570
570
570
570
570
570
1037
570
570
570
570
570
570
570
570
570
570
570
570
570
570
570
570
570
570
570
570
570
570
570
570
570
570
570
570
570
570
570
570
570
286
570
570
570
570
164
570
570
570
570
570
570
570
570
570
570
570
570
570
570
570
570
570
570
570
324
570
570
570
570
570
194
570
570
570
570
570
245
570
570
570
570
570
570
570
570
570
570
570
570
570
570
570
570
570
570
570
570
570
570
570
570
570
570
570
570
570
199
570
570
570
570
570
570
570
570
570
570
570
570
570
570
570
570
570
570
570
570
570
570
570
570
570
570
188
199
570
570
570
570
570
570
570
570
570
570
570
570
153
570
570
570
570
570
570
570
570
570
150
570
570
570
570
570
570
570
570
570
570
144
570
570
335
570
570
570
570
570
195
147
516
570
570
570
570
570
279
570
570
570
570
570
142
570
570
570
570
570
570
570
570
570
570
570
570
570
506
570
570
570
570
570
570
251
184
570
570
570
570
570
570
570
172
570
570
570
570
570
570
444
570
250
570
570
570
570
570
570
570
570
570
570
570
195
570
570
570
570
570
570
570
206
570
570
570
570
570
570
570
570
570
570
570
570
570
570
570
570
570
570
570
570
570
570
323
570
570
570
570
570
570
570
570
570
570
570
570
570
570
570
143
570
570
570
570
570
570
570
570
570
570
246
570
570
570
570
570
570
570
570
570
570
570
570
570
570
570
570
570
570
570
570
570
570
570
570
570
570
143
570
570
570
570
570
247
570
570
570
570
570
570
570
301
570
570
570
570
304
570
570
570
570
570
570
570
570
570
570
570
570
570
570
570
570
570
570
570
570
570
570
570
160
570
570
570
570
570
570
570
570
570
570
570
570
570
570
570
142
570
570
570
570
570
570
570
570
570
570
570
570
570
570
570
570
204
570
570
570
570
570
570
570
570
570
570
570
570
570
570
570
570
570
570
570
570
570
570
570
570
570
570
570
360
570
570
570
570
570
570
570
570
570
570
570
570
570
570
570
570
570
570
570
570
570
570
570
570
394
570
570
570
570
570
570
232
570
570
570
145
570
570
570
570
570
570
570
237
570
570
570
570
570
570
570
570
570
570
570
570
570
570
570
570
570
570
570
570
570
570
570
570
570
570
254
570
570
570
570
570
570
570
570
570
570
570
570
570
570
570
570
570
570
570
239
570
570
570
570
570
293
570
570
158
570
570
570
570
570
570
142
570
570
570
408
570
570
570
570
570
570
570
345
570
570
570
570
570
570
570
570
570
498
570
570
570
570
570
570
570
570
570
570
570
570
570
570
570
570
570
570
570
733
570
570
570
570
570
294
570
570
570
570
570
570
570
570
570
570
570
570
570
570
570
570
570
570
570
570
570
570
570
230
570
570
3269
570
151
570
570
570
570
570
570
570
570
570
570
570
570
526
570
570
570
570
570
570
570
570
570
570
570
570
570
235
570
570
570
570
570
570
570
570
570
570
570
570
570
570
570
1284
570
570
570
570
570
570
570
570
570
570
570
570
570
570
570
570
570
570
570
149
570
570
570
570
570
570
570
570
570
570
570
570
570
570
570
570
570
700
570
570
570
570
570
570
570
570
294
570
318
570
570
570
570
570
570
570
570
261
570
570
570
570
570
570
570
570
570
570
570
570
570
570
570
570
570
570
570
570
157
570
570
570
570
986
570
206
570
3281
570
570
570
281
570
570
143
570
570
570
570
570
570
570
570
570
570
570
570
570
570
570
570
570
570
570
570
570
570
570
570
570
570
570
570
570
570
570
570
570
570
570
570
570
570
570
570
570
570
570
570
570
570
570
570
570
570
570
570
570
570
570
570
570
570
570
570
570
570
570
570
570
570
570
570
570
570
570
570
570
570
570
570
570
551
570
570
570
352
570
570
570
570
570
570
570
570
570
570
570
570
570
570
570
570
570
570
570
570
570
570
259
570
570
570
570
570
570
570
570
570
570
570
570
570
570
570
570
570
570
570
570
570
260
570
570
570
570
570
570
570
570
570
570
570
570
570
570
570
570
277
570
570
570
570
570
570
570
570
570
570
570
570
220
570
570
570
570
570
570
174
570
570
570
570
570
570
570
570
570
304
570
570
570
570
570
570
570
570
570
570
570
570
570
570
213
570
570
570
570
570
570
570
570
570
570
570
570
172
570
570
570
570
570
570
570
570
570
570
570
570
570
570
570
570
1037
570
570
570
570
570
570
570
570
570
570
432
570
203
570
570
570
570
175
570
570
570
570
570
570
570
570
570
570
570
570
570
570
570
570
570
570
570
215
187
570
570
570
176
570
570
570
570
570
570
570
570
570
570
570
570
570
570
570
214
570
570
570
570
570
570
570
570
570
570
570
570
570
570
570
570
570
570
570
570
570
570
570
570
570
570
570
570
570
570
570
570
570
570
570
570
570
570
570
570
570
570
570
570
570
570
570
570
570
570
570
570
570
570
241
570
570
570
570
570
570
570
570
570
570
570
570
570
244
570
570
570
570
570
570
570
570
570
570
180
570
570
570
469
570
570
570
570
570
570
570
570
570
570
570
570
570
570
570
570
570
570
570
570
1272
570
570
570
570
570
570
570
570
149
570
543
570
570
570
570
570
570
570
570
570
570
570
570
570
244
570
570
570
570
570
570
570
570
570
570
570
570
570
570
570
570
570
570
570
570
570
570
144
570
570
570
570
570
570
570
570
570
570
570
570
570
570
570
570
570
570
570
570
570
570
570
570
570
570
234
570
570
570
570
570
570
570
570
570
570
570
570
227
570
570
570
570
570
570
570
570
570
570
570
570
570
570
570
570
570
191
570
210
570
570
570
570
570
570
570
570
194
570
570
570
171
570
570
147
570
570
570
570
570
570
570
570
570
570
570
570
570
570
570
570
570
570
518
570
570
570
570
570
570
570
570
570
570
570
570
570
570
570
570
570
570
570
570
570
570
570
570
570
570
570
209
570
570
570
570
570
570
570
570
570
570
570
570
570
570
570
570
570
349
570
570
570
570
570
570
570
570
570
570
570
570
570
570
570
570
570
570
570
570
570
570
570
570
570
570
570
570
570
570
570
570
570
570
570
570
570
570
570
570
570
570
570
570
570
570
570
570
570
570
570
570
570
570
570
570
570
570
570
570
570
570
570
570
570
570
570
570
570
570
570
570
570
570
570
570
570
570
570
570
570
570
570
570
570
570
570
570
570
570
570
570
570
570
570
570
570
570
570
570
570
570
570
570
570
570
570
570
570
570
570
570
570
570
570
570
570
570
570
570
570
570
570
570
570
570
570
570
570
570
570
570
570
570
570
570
570
570
570
570
570
570
570
570
570
570
570
570
570
570
570
570
570
570
570
570
570
570
570
570
570
570
570
570
570
570
570
570
570
570
570
570
570
570
570
287
570
570
570
570
570
570
570
570
570
776
570
570
570
570
570
570
570
570
570
570
570
570
570
570
570
570
570
570
570
570
570
570
204
570
570
570
570
570
570
570
570
570
570
570
570
570
570
570
570
570
570
570
570
570
570
570
570
570
570
570
570
570
570
570
570
570
570
275
152
570
570
570
247
570
570
570
570
570
570
570
570
570
570
570
570
570
570
570
570
570
570
570
570
570
570
570
189
570
207
249
570
570
570
570
300
570
570
570
570
570
570
432
570
570
570
570
570
570
570
570
570
570
214
570
570
570
570
570
570
570
570
570
570
570
570
414
570
570
570
570
570
570
570
183
570
570
570
570
570
230
570
570
570
570
570
570
570
570
570
458
570
570
570
570
570
570
246
570
191
570
570
570
570
142
570
570
570
570
570
171
570
165
570
570
570
430
570
570
570
570
570
570
570
1816
570
570
570
570
570
570
570
570
570
570
570
570
570
570
570
570
570
570
570
570
570
570
570
570
570
570
570
570
570
570
570
570
570
244
570
570
570
570
570
570
570
570
279
570
570
570
570
570
570
570
570
570
570
570
570
570
570
570
358
570
570
570
570
570
570
570
570
570
570
570
570
570
156
570
570
570
570
570
570
570
570
570
570
570
570
570
579
570
570
570
570
570
570
570
570
570
570
570
570
570
570
570
153
570
570
570
570
570
570
570
570
570
570
570
570
570
570
570
570
570
570
570
570
570
516
570
575
396
570
273
570
570
570
570
235
570
570
570
570
570
570
570
570
570
570
570
570
570
570
570
570
570
570
570
570
570
570
570
570
570
570
570
570
175
570
570
570
570
570
570
570
570
570
570
570
570
297
570
570
570
570
570
570
570
570
570
570
570
570
570
570
570
432
570
570
570
570
570
570
297
570
329
570
570
570
570
570
570
570
570
570
570
570
570
570
570
570
570
570
570
570
570
246
570
570
570
570
570
570
570
570
570
570
570
570
570
3030
570
570
570
570
570
570
570
570
570
570
570
570
570
570
570
570
570
570
570
570
570
570
570
570
570
570
570
570
570
570
570
570
570
570
570
570
570
570
570
570
570
570
570
570
570
570
570
570
570
570
570
570
570
570
570
570
570
570
570
570
570
570
570
570
570
570
570
570
570
570
570
570
570
570
570
570
570
570
570
570
570
570
206
262
570
570
570
570
570
570
570
570
570
570
570
570
570
570
570
570
570
570
160
570
570
570
570
570
570
570
570
570
570
570
570
570
570
570
570
570
570
570
570
570
570
172
570
570
570
570
640
570
570
570
570
570
570
570
570
570
570
570
570
570
570
570
441
570
570
570
570
570
570
570
570
570
570
570
570
570
570
570
570
570
570
570
570
570
570
570
570
570
570
570
570
570
570
570
570
570
285
570
570
570
151
570
570
570
570
570
570
570
570
570
570
570
570
570
570
570
570
570
570
570
570
570
570
570
570
570
570
570
570
570
570
570
570
570
570
570
570
570
570
570
570
570
570
570
570
570
570
570
570
570
570
570
570
171
570
570
570
570
570
570
570
570
570
570
570
570
570
570
570
570
570
570
570
570
195
570
570
570
570
570
570
570
570
570
257
570
570
570
570
570
570
570
570
570
570
570
570
570
200
570
570
570
570
570
570
570
570
570
570
570
570
570
570
570
570
570
570
570
570
570
570
570
570
570
570
570
570
570
570
570
570
570
192
570
570
570
570
570
570
570
570
570
570
252
782
570
570
570
570
570
570
570
570
570
570
570
570
570
570
570
570
570
570
570
570
570
570
570
570
155
570
473
570
270
570
570
570
570
570
570
570
570
570
570
570
570
570
570
570
570
570
570
570
570
570
570
570
570
570
570
248
570
570
570
570
570
570
570
570
570
570
570
570
570
362
570
570
570
570
570
570
570
570
570
570
570
570
570
570
570
570
570
570
570
570
570
240
570
570
570
570
570
570
570
570
570
570
570
570
570
570
570
570
570
570
570
570
570
570
570
570
570
570
570
570
713
570
570
570
570
570
570
570
570
570
570
570
164
570
157
570
570
570
570
570
570
570
570
570
570
570
570
570
570
570
570
570
570
570
570
570
570
570
570
570
194
570
570
570
570
2452
570
570
570
570
570
570
570
570
570
570
165
570
570
570
570
570
570
570
570
570
570
570
570
570
444
570
570
570
570
570
570
570
570
570
570
570
570
570
570
570
570
570
570
570
570
570
570
570
570
570
570
570
570
570
570
570
570
570
570
570
570
290
570
570
570
570
570
570
570
570
570
570
570
570
570
570
570
570
570
570
570
570
570
570
570
570
570
570
570
327
570
570
570
570
570
570
570
570
570
570
570
570
570
570
570
570
570
570
570
570
570
570
570
570
570
570
570
570
570
570
570
570
570
147
570
570
570
570
570
570
570
570
570
570
570
570
323
570
570
570
570
570
570
570
570
570
570
570
734
570
570
570
570
570
221
570
570
570
570
570
570
570
570
570
570
570
570
570
570
291
570
570
570
570
570
570
570
570
570
570
570
570
570
570
570
570
570
570
570
570
570
570
570
570
570
570
570
570
570
570
570
570
570
570
570
160
570
570
570
570
570
570
570
570
570
570
570
570
570
570
570
570
570
570
570
570
570
570
570
570
570
570
570
570
570
570
570
570
570
570
570
570
570
570
570
570
570
570
570
570
570
570
570
570
570
570
570
570
570
570
494
570
570
570
182
570
570
570
286
570
570
570
570
570
570
570
570
570
570
570
570
570
570
164
570
570
570
570
570
570
570
570
570
570
570
570
570
570
570
570
570
570
570
570
291
570
570
570
570
570
200
570
570
570
570
570
570
570
570
570
570
570
570
570
570
570
570
570
570
570
570
570
570
570
570
570
570
570
570
570
570
570
570
570
570
236
570
570
570
570
570
570
570
570
570
570
163
154
570
570
570
570
570
570
570
570
570
570
570
570
570
570
570
570
570
570
570
570
570
570
570
570
570
570
570
570
570
570
570
570
570
570
570
570
570
570
570
570
570
570
570
570
570
570
570
570
570
570
570
570
570
570
570
570
570
570
570
570
570
570
570
570
570
570
570
570
570
570
570
570
570
570
570
570
570
570
570
570
570
570
570
570
570
570
570
570
570
570
570
570
570
570
570
570
570
570
570
570
570
570
570
570
570
570
570
570
570
570
570
570
570
570
570
570
570
570
445
570
570
395
570
570
570
570
570
570
570
570
570
570
570
570
570
570
570
570
570
570
188
570
570
570
570
570
570
570
570
570
570
570
570
391
570
195
570
570
570
321
570
570
570
570
570
570
570
570
570
570
570
570
570
570
570
570
570
570
570
570
570
570
570
570
570
570
570
570
570
570
570
570
570
570
570
570
148
570
570
570
570
570
570
570
294
570
570
570
570
570
570
570
570
570
570
570
570
497
570
570
570
570
570
570
570
570
570
570
570
570
188
570
570
570
570
570
570
570
570
570
570
570
570
570
570
570
570
570
570
570
570
570
570
570
570
570
570
570
570
570
570
570
570
570
570
570
570
570
1816
570
570
570
570
570
570
570
570
570
570
570
327
570
570
570
570
570
570
570
570
570
570
570
570
570
570
570
570
570
570
570
570
570
570
570
570
570
570
570
570
570
570
570
181
570
570
570
570
570
570
570
570
342
570
570
570
570
570
570
570
570
570
570
570
570
570
570
570
570
570
570
570
570
570
570
570
570
570
570
570
570
570
570
570
570
570
570
570
570
570
570
570
570
570
570
570
570
570
570
570
570
570
570
570
570
570
570
570
570
570
570
570
570
570
570
570
570
570
570
570
570
570
570
570
570
570
570
570
570
570
570
570
275
570
570
570
570
570
570
570
570
570
570
570
570
570
570
570
570
570
570
570
570
570
570
570
570
570
570
570
570
570
570
570
570
570
570
570
570
570
176
570
570
570
570
570
570
570
570
570
570
570
570
570
570
570
570
570
570
570
570
570
570
570
570
570
570
570
570
570
570
570
570
570
570
570
570
570
570
570
570
570
570
570
570
143
570
188
152
570
570
570
570
570
570
570
570
570
570
570
570
570
570
570
570
570
570
570
570
570
570
570
570
163
570
570
223
570
570
570
570
570
570
570
570
570
570
570
570
570
146
570
570
570
570
570
570
570
570
570
570
570
570
570
570
570
570
570
570
570
570
570
570
570
570
570
570
570
716
570
570
570
570
570
570
570
570
570
570
570
570
570
570
570
570
570
570
570
570
570
570
570
570
570
570
570
570
570
570
570
570
570
570
570
570
570
570
570
570
570
570
570
1429
570
570
570
570
570
570
570
570
570
570
570
570
570
570
570
570
570
570
570
570
570
570
570
570
570
570
570
570
570
570
266
570
570
570
570
570
570
570
570
570
570
570
570
570
570
570
570
570
570
570
570
570
570
570
570
570
570
570
570
290
570
570
570
570
570
570
570
570
570
144
570
570
570
570
570
570
570
570
570
570
570
570
570
570
570
570
570
570
570
570
570
570
570
570
570
570
570
570
570
570
570
570
570
570
570
570
570
570
142
570
570
570
570
298
570
169
570
570
570
570
570
570
570
570
570
570
570
570
570
570
570
570
570
570
570
570
570
570
570
570
570
570
570
570
570
570
570
570
570
570
570
570
570
570
570
570
570
570
570
570
570
570
570
570
570
570
570
570
570
570
570
570
570
438
570
570
570
570
570
570
570
570
570
570
570
570
570
570
570
570
570
570
570
570
570
219
570
570
570
570
570
570
570
227
570
570
570
570
514
570
570
570
570
570
570
570
570
570
570
570
570
479
570
570
570
570
570
570
570
570
570
570
570
570
570
570
570
570
570
570
570
570
570
570
570
570
570
570
570
150
570
570
570
570
570
570
570
570
570
570
570
570
570
570
570
570
570
570
570
570
570
570
570
570
570
570
570
1295
570
570
570
570
570
570
570
570
570
570
570
570
570
570
570
570
570
278
570
570
570
570
570
570
570
570
570
570
570
570
570
252
570
570
570
570
570
570
570
570
570
570
570
570
570
570
570
570
570
570
570
570
570
570
570
570
570
570
570
570
570
570
570
570
570
570
570
570
570
227
570
570
144
570
570
570
570
570
570
570
570
570
570
570
570
570
570
570
570
570
157
570
570
570
570
570
570
570
570
191
570
570
570
570
570
570
570
570
570
570
570
570
570
570
570
570
570
570
570
570
570
308
570
247
570
570
570
570
570
570
570
570
570
570
570
570
570
570
570
570
570
570
570
570
570
570
570
570
570
570
570
194
570
570
570
196
570
307
570
570
570
570
570
570
570
570
570
570
570
570
570
570
570
570
570
570
570
570
209
570
570
570
570
570
570
570
570
570
570
570
570
570
570
570
570
570
570
570
570
570
570
570
570
570
570
570
570
570
570
570
570
570
570
570
570
570
570
570
570
570
570
570
570
219
181
570
570
570
570
570
570
570
570
570
570
570
570
570
570
570
570
570
570
570
570
570
570
570
570
570
570
570
570
570
570
570
570
570
570
570
570
570
570
570
570
570
570
570
570
570
570
570
570
570
570
570
570
570
570
570
570
570
570
570
570
570
570
570
570
570
570
570
570
570
570
570
570
570
570
570
570
570
570
570
570
570
2898
570
570
570
570
570
570
570
570
570
570
570
570
570
570
570
570
570
570
570
570
570
570
570
570
570
159
570
570
570
570
570
570
570
570
570
570
570
570
570
570
570
570
570
570
570
570
570
570
570
570
570
570
570
570
570
570
570
570
570
570
570
570
570
570
570
570
570
570
570
570
570
570
570
570
570
570
570
570
570
570
570
570
570
570
570
570
570
570
570
570
570
570
570
570
570
570
570
570
570
570
570
570
570
570
570
570
570
570
570
570
570
570
570
570
570
570
570
570
570
570
570
570
570
570
570
570
570
570
570
570
570
570
570
570
570
570
570
570
570
570
570
570
570
453
570
570
142
570
570
570
570
570
570
570
570
570
570
570
570
570
570
570
570
570
570
570
570
570
570
570
570
570
570
570
570
570
570
570
570
570
570
570
375
570
414
570
570
570
570
570
570
570
570
570
570
570
570
570
570
570
570
570
570
570
570
465
570
570
570
570
570
570
570
570
570
570
570
570
570
570
570
570
570
570
570
570
570
570
570
570
570
570
570
570
570
570
570
570
570
570
570
570
570
570
570
570
570
570
570
570
570
570
570
570
570
570
570
164
570
570
570
570
570
570
570
570
214
570
570
352
570
570
570
570
570
570
570
570
570
570
570
570
143
570
570
570
570
570
570
570
570
570
570
570
570
570
570
570
570
570
570
570
570
570
570
570
570
570
570
570
570
570
570
570
570
570
570
570
570
570
570
570
570
570
570
570
570
570
570
570
570
570
570
570
570
570
570
570
570
570
570
570
570
570
570
570
570
570
570
570
570
570
570
570
570
570
570
570
570
570
570
570
570
570
570
570
570
570
570
570
570
570
570
570
570
570
570
570
570
570
570
570
570
570
570
570
570
570
570
570
570
570
570
570
570
570
570
570
570
570
570
570
570
570
570
570
570
570
570
570
570
570
570
570
570
570
570
570
570
570
570
570
570
570
570
570
570
570
570
570
570
570
570
570
570
570
570
570
570
570
570
570
570
570
570
570
570
570
570
570
570
570
570
570
570
570
570
570
570
570
570
570
570
570
570
570
570
570
570
570
570
570
570
570
570
570
570
570
570
570
570
570
570
570
570
570
570
570
148
570
570
570
570
570
570
570
570
570
570
570
570
171
570
570
570
570
570
570
570
570
570
570
570
570
570
570
570
570
570
570
570
570
570
570
570
570
570
570
570
570
570
570
570
570
570
570
570
570
570
570
570
570
570
570
570
570
570
570
570
570
570
570
570
570
570
570
570
570
570
570
570
570
570
570
570
570
570
570
570
227
570
570
570
186
570
570
570
570
570
570
570
570
570
570
570
570
570
570
570
570
570
570
570
570
570
169
570
570
570
570
570
570
570
570
570
570
570
570
570
570
570
570
570
570
570
570
570
570
570
570
570
570
570
570
570
570
570
570
570
570
570
570
570
570
570
570
570
570
570
570
570
570
570
570
570
570
570
570
570
570
570
570
570
570
570
570
570
570
570
570
570
570
570
570
570
570
570
570
570
570
570
570
570
570
570
570
570
211
570
570
570
570
570
570
570
570
570
570
570
570
570
570
570
570
570
570
570
570
570
570
570
221
570
570
570
570
570
570
570
570
570
570
570
570
570
570
570
570
570
570
570
570
570
570
570
570
570
570
570
570
570
570
570
570
570
570
570
570
570
570
570
570
570
570
570
570
570
570
570
570
570
570
570
570
570
570
570
570
570
570
570
570
570
570
570
570
570
570
160
570
570
570
570
570
570
570
570
570
570
570
570
570
570
570
570
570
570
570
570
570
570
570
570
570
570
570
570
570
570
570
570
570
570
570
570
570
570
570
570
570
570
570
570
570
570
570
570
570
570
570
570
570
570
570
570
570
570
570
570
570
570
570
570
570
570
570
570
512
570
570
570
570
570
570
570
570
570
570
570
570
570
570
570
570
570
570
570
570
570
570
570
570
570
570
570
570
570
570
765
570
570
570
570
570
570
570
570
570
570
570
570
570
570
364
570
570
570
236
570
570
570
570
570
263
570
570
570
570
570
570
570
570
570
570
570
570
570
570
570
570
570
570
570
570
570
570
570
570
570
570
570
570
570
570
570
570
570
570
570
570
570
570
570
570
570
570
570
570
570
570
570
570
570
570
570
570
570
570
570
570
570
570
570
532
570
570
570
570
570
570
570
570
570
570
570
570
570
570
570
570
570
570
570
570
570
570
570
570
570
570
570
570
570
570
570
570
570
570
570
570
570
570
570
570
570
570
570
570
451
570
570
570
570
570
570
159
570
570
570
570
570
570
570
570
570
570
570
570
296
570
570
570
570
570
570
570
286
570
570
570
570
570
570
570
570
570
570
570
570
570
570
570
570
570
570
570
570
570
570
570
570
570
570
570
570
570
570
570
570
570
570
570
570
570
570
570
570
570
570
570
570
570
570
570
570
570
570
570
570
570
570
570
570
570
570
570
570
570
570
570
570
570
208
570
570
570
570
570
570
570
570
570
570
570
570
570
570
570
570
570
570
570
570
570
570
167
570
570
570
570
570
570
570
570
570
570
570
570
570
570
570
570
570
570
570
570
144
570
570
570
570
570
570
570
570
570
570
570
570
570
570
570
258
570
570
245
570
570
570
570
570
570
570
570
570
570
570
570
570
570
570
570
570
570
570
570
570
570
570
570
570
570
570
570
570
570
570
570
570
570
570
570
570
570
570
570
570
570
570
570
570
570
570
570
570
570
570
570
680
570
570
570
570
570
570
570
570
570
570
207
570
570
570
570
570
570
570
570
570
570
570
188
570
570
570
570
570
190
570
570
570
570
570
282
570
144
570
570
570
570
570
570
570
570
570
570
570
570
570
570
570
570
570
570
570
570
570
570
570
570
570
570
570
570
570
570
570
570
570
570
570
570
570
570
570
570
570
570
570
570
570
570
570
570
570
570
570
570
570
570
570
570
570
570
570
570
570
570
570
570
570
570
570
231
570
570
570
570
570
514
570
570
570
570
570
570
570
570
570
570
570
570
570
570
307
570
570
570
570
570
570
570
570
570
570
570
570
570
570
570
570
570
570
570
570
570
570
570
570
570
570
570
570
570
180
570
570
570
570
570
570
570
570
570
570
570
570
570
570
570
570
570
570
570
570
570
570
570
570
570
570
570
570
570
570
570
570
570
570
570
570
570
570
570
570
570
570
570
570
570
570
570
570
570
570
570
570
570
570
570
570
570
570
570
570
570
570
570
570
570
570
570
570
570
570
570
570
570
570
570
570
570
570
570
570
570
570
570
570
570
570
570
570
570
570
570
570
570
570
570
570
570
570
570
570
570
570
570
570
570
570
570
570
570
570
570
570
570
570
570
570
570
570
570
570
570
570
570
570
570
570
570
570
570
570
570
570
570
570
570
570
570
570
570
570
570
570
570
570
570
570
570
570
570
570
570
570
570
570
570
570
570
570
570
570
570
570
570
570
570
570
570
570
570
570
570
570
570
570
570
570
570
570
570
570
570
570
570
570
570
538
570
570
361
570
570
570
570
570
570
570
570
570
570
570
570
570
570
570
570
570
570
570
570
570
570
570
570
570
570
570
570
570
570
570
570
431
570
570
570
570
570
570
570
570
570
570
570
570
341
570
570
570
570
570
570
570
570
570
570
570
570
570
570
570
570
570
570
570
570
570
570
570
1038
570
570
570
570
570
570
570
570
570
570
570
570
570
570
570
570
570
570
570
570
570
570
570
570
570
570
570
570
570
570
570
570
570
570
570
570
570
570
570
570
155
570
570
570
570
570
570
570
570
570
570
570
570
570
570
570
570
570
570
570
570
570
275
570
570
570
570
570
570
570
570
570
570
570
570
570
570
570
570
570
570
570
570
570
570
570
570
570
570
570
570
570
570
570
570
570
570
570
570
570
570
570
570
570
570
570
570
570
570
570
570
570
570
570
570
570
570
570
570
570
570
570
570
570
570
570
570
570
570
570
570
570
570
570
570
570
570
570
570
570
570
570
570
570
570
570
570
570
570
570
264
570
570
551
570
570
570
570
570
570
570
570
570
570
570
570
570
570
570
570
570
570
570
570
570
570
570
570
570
570
570
570
570
570
570
2461
570
570
570
570
570
570
570
570
570
570
570
570
570
570
570
570
570
570
570
480
570
570
570
570
570
570
570
232
607
570
570
570
570
570
570
570
570
570
570
570
570
570
570
570
570
570
570
570
570
570
570
570
465
570
570
570
570
570
570
570
570
570
570
570
570
570
570
570
570
570
570
570
570
570
570
570
570
570
570
570
570
570
570
570
570
570
570
570
570
570
570
570
570
570
570
570
570
570
570
570
570
570
570
570
147
163
506
570
570
570
570
570
570
570
219
570
570
570
570
570
570
570
570
570
570
570
570
570
570
570
570
570
570
570
570
570
570
570
570
570
570
570
570
570
570
570
570
570
570
570
570
570
570
432
570
570
570
570
570
570
570
570
570
570
570
570
570
570
570
570
570
570
570
570
570
570
142
570
570
570
570
570
570
570
570
570
570
570
570
570
570
570
