4470
4470
1434
4470
3313
973
1922
3917
774
580
379
3313
4470
1088
357
973
674
345
839
448
1216
1981
346
644
289
1159
2407
257
1137
491
569
744
896
520
499
4470
815
798
1216
520
538
3313
1275
525
220
303
356
521
542
520
245
176
744
310
1027
430
401
135
716
544
500
3917
473
301
646
198
4470
520
1981
165
560
230
520
207
236
520
308
520
520
1377
612
851
671
287
1275
321
628
1922
717
282
520
161
520
752
520
352
520
382
517
581
520
240
404
520
217
520
517
210
620
145
581
1560
244
252
520
255
148
147
187
196
520
520
520
1560
1657
206
307
162
520
520
1596
284
251
297
260
330
671
168
2407
520
1657
217
520
520
243
520
520
520
253
520
212
224
348
520
1596
520
520
646
334
518
174
263
365
537
2407
282
145
584
520
130
774
520
844
282
520
520
495
612
421
138
744
520
226
148
148
300
520
520
520
520
359
3917
520
716
218
520
896
256
217
520
520
520
520
520
520
904
269
520
391
520
520
342
380
695
431
1275
1981
520
520
274
520
201
520
520
520
520
321
305
1434
520
520
286
370
375
487
207
130
520
520
154
448
491
251
520
169
520
520
3313
520
520
209
520
520
520
520
163
520
564
248
1596
251
520
520
520
583
520
520
156
520
520
520
433
365
520
654
146
520
495
1036
435
223
520
520
520
520
520
520
520
226
520
520
520
520
520
520
520
1216
250
520
294
348
520
257
520
223
237
520
520
520
520
306
520
130
309
520
236
520
145
520
1981
752
135
520
322
520
164
520
520
520
520
520
520
400
173
520
520
392
520
520
520
130
255
520
520
520
520
224
520
520
535
254
322
149
520
520
520
148
520
520
520
241
520
851
520
520
377
395
520
414
705
520
520
520
164
520
520
520
520
520
130
165
179
520
520
520
520
520
520
520
520
213
520
520
520
520
520
171
520
520
520
520
520
520
520
520
200
520
520
130
520
520
520
520
520
378
520
520
520
385
417
520
520
520
520
520
520
520
520
520
520
153
520
520
520
1088
520
520
520
520
520
520
520
558
520
322
135
520
520
520
520
520
1036
520
520
520
520
520
520
214
520
520
504
520
520
520
520
520
520
520
520
215
520
520
520
546
520
520
520
520
520
520
520
520
520
520
520
256
520
520
477
520
520
520
520
520
520
536
520
194
139
632
520
140
224
904
482
520
520
520
520
520
680
520
516
520
520
520
520
520
520
520
520
520
520
520
400
520
350
142
366
520
520
520
520
520
520
520
836
256
520
520
520
520
520
520
520
520
489
520
520
520
520
520
520
520
520
520
520
520
520
520
201
520
520
520
520
520
520
520
520
520
250
358
520
520
520
520
672
520
520
520
520
189
191
520
520
520
520
520
520
520
520
520
235
520
1596
520
520
520
520
520
520
520
520
520
520
520
520
520
130
520
520
520
520
132
520
520
520
520
520
520
217
520
520
520
520
520
197
520
520
520
520
520
520
520
520
520
520
520
520
520
520
520
520
520
520
181
520
520
301
205
520
520
520
520
520
520
520
520
520
520
520
520
520
243
240
520
171
520
520
520
520
520
520
141
728
520
520
520
520
203
520
520
520
199
520
520
520
520
520
520
520
520
310
520
520
520
520
520
520
520
564
520
520
520
520
232
520
520
170
187
520
520
520
520
520
520
520
520
520
520
520
520
520
520
520
520
520
193
192
520
520
520
520
262
520
520
520
520
520
520
520
520
520
520
542
520
520
520
520
520
520
520
520
520
520
520
520
520
520
520
520
179
520
520
520
520
520
520
281
520
520
520
520
520
520
520
280
520
520
520
520
520
520
520
520
520
520
520
520
520
520
520
268
520
520
520
520
520
520
520
520
520
520
1592
520
520
186
520
520
520
520
520
520
520
520
520
520
520
520
520
520
520
520
203
520
520
520
520
520
340
520
259
520
520
520
261
520
213
520
520
520
520
520
520
131
520
520
173
520
520
520
841
520
520
520
520
520
520
520
520
520
520
184
520
520
520
520
520
520
520
520
520
520
520
520
520
520
520
520
520
520
520
1592
520
520
520
520
520
520
520
130
520
520
177
520
520
520
243
520
520
520
520
520
520
520
520
520
520
520
520
520
288
520
520
520
520
520
520
520
520
520
520
520
520
520
520
520
520
520
520
520
520
520
520
520
520
607
520
520
520
520
520
520
252
520
520
520
520
520
520
273
520
520
520
520
520
140
520
520
520
520
520
520
520
520
520
520
1377
520
520
520
520
520
520
520
520
520
520
520
520
520
520
520
520
520
520
889
520
520
231
520
520
520
140
520
520
520
520
520
259
520
520
273
520
214
520
520
520
520
782
520
520
520
240
278
520
520
520
520
520
520
520
520
520
520
520
520
520
520
520
520
520
520
520
520
520
520
520
520
520
520
520
282
520
520
520
520
520
255
520
236
242
520
520
520
520
520
520
520
520
520
520
205
520
520
520
520
155
520
520
520
520
520
520
520
520
520
520
520
520
520
520
520
520
520
520
520
520
520
520
520
520
520
520
520
520
520
520
520
348
520
520
520
520
520
520
520
520
754
520
520
520
520
520
520
520
520
520
520
520
520
520
520
520
520
520
252
136
520
520
520
520
520
520
520
520
520
520
520
520
520
520
520
520
520
520
520
520
520
520
520
520
520
520
520
520
520
520
520
520
520
520
520
520
520
520
520
520
520
520
520
520
520
520
520
520
1377
520
520
520
520
520
520
520
520
520
520
520
520
520
520
520
520
520
520
520
520
520
520
520
520
520
520
520
520
520
520
520
520
520
520
520
520
520
520
520
520
520
520
520
520
520
520
520
520
520
520
520
520
520
520
520
520
520
520
520
520
250
520
164
520
520
520
520
137
520
520
520
520
142
520
520
520
520
520
520
520
520
520
520
520
520
520
520
520
520
520
520
520
520
520
520
877
520
520
520
520
520
520
520
520
520
520
520
520
520
520
520
520
520
520
520
520
520
520
520
520
520
520
581
520
520
520
520
520
520
520
520
520
520
151
520
520
520
520
520
520
520
520
520
520
520
520
520
520
520
520
520
520
520
520
520
520
520
520
520
520
520
520
520
520
520
520
259
520
520
520
520
520
367
520
520
520
520
520
520
520
520
520
556
520
405
520
520
520
520
520
520
520
520
520
520
520
520
520
520
438
520
520
520
520
520
520
520
520
520
520
520
520
520
520
520
520
520
520
520
266
217
229
520
520
520
520
520
520
259
520
520
670
520
520
520
520
520
520
827
520
520
520
520
520
520
168
520
520
520
520
520
520
520
520
520
520
520
520
520
520
520
520
520
520
520
520
520
520
520
135
520
520
520
520
520
520
520
520
520
520
520
520
520
520
520
138
520
520
520
520
188
520
520
520
520
520
520
520
520
520
520
520
520
520
520
560
520
520
520
520
520
520
520
520
520
520
520
520
520
520
520
520
520
520
520
520
520
520
520
520
520
520
520
520
520
520
520
520
520
520
520
520
198
130
520
520
520
520
520
520
520
520
520
520
132
259
520
520
520
520
253
520
520
520
520
520
520
520
520
520
520
520
520
520
520
520
520
520
520
520
520
520
520
520
248
520
520
520
520
520
520
520
520
520
520
520
520
520
520
520
520
520
174
520
520
520
520
520
520
520
520
287
520
520
520
520
520
520
520
520
163
520
225
520
520
183
520
520
520
520
520
520
520
271
520
520
267
520
520
520
520
520
520
520
520
520
520
520
520
520
520
520
520
520
520
520
520
520
520
520
520
520
520
520
250
520
520
520
520
520
520
520
520
520
520
520
520
520
520
520
520
252
520
520
520
520
520
520
520
520
520
433
1029
520
520
520
520
520
520
520
415
520
520
520
520
520
520
520
520
520
520
520
520
520
520
520
520
520
520
520
520
520
170
520
520
520
520
520
520
520
520
520
520
520
520
520
520
520
520
520
520
520
520
520
520
520
520
520
520
520
520
520
520
520
520
247
520
520
520
520
520
520
520
520
520
520
520
520
520
520
520
520
520
520
520
520
520
520
520
520
520
520
520
520
520
520
520
520
520
520
520
520
520
221
520
520
520
520
520
520
520
520
520
520
520
520
203
520
520
520
520
520
520
520
520
520
520
520
520
520
520
520
520
520
520
520
520
207
259
520
520
520
520
520
520
520
520
520
520
319
520
520
520
520
520
520
520
520
520
520
520
131
520
520
520
520
520
520
520
520
520
520
520
520
520
520
520
520
520
520
520
520
520
520
520
520
520
520
520
520
520
520
520
520
520
520
520
520
520
520
520
520
520
520
520
472
520
520
520
520
520
520
520
520
520
520
520
249
520
520
520
520
520
520
520
744
520
520
520
520
520
520
520
520
520
520
520
520
520
520
520
520
520
520
520
520
520
520
520
520
520
520
520
520
520
520
520
520
535
520
520
520
148
520
520
520
520
520
520
520
520
520
520
520
520
520
520
520
520
520
520
520
520
520
520
520
520
520
520
520
520
520
520
323
520
520
520
520
520
387
520
520
520
520
520
520
520
520
520
520
520
520
520
520
520
520
520
520
520
520
520
520
161
520
520
520
520
520
520
520
520
520
520
520
520
520
520
520
520
520
520
229
520
165
520
520
520
520
520
520
520
520
520
520
520
520
520
520
520
520
520
520
520
520
520
520
520
520
520
520
520
520
520
520
520
520
520
520
520
520
520
520
520
520
520
520
520
520
520
520
520
520
520
520
520
520
520
520
520
520
520
520
520
520
520
520
520
520
520
520
520
520
520
520
520
520
520
520
520
520
520
520
520
520
520
520
520
520
520
520
520
191
520
520
520
520
520
520
520
520
520
520
520
520
520
520
520
520
520
520
520
520
520
520
520
520
520
520
520
520
520
520
520
520
520
520
520
520
520
520
520
520
520
520
520
520
520
520
520
520
520
520
520
520
520
520
520
520
520
520
520
520
520
520
520
520
520
520
520
520
520
520
520
520
520
520
520
520
520
520
520
520
520
520
520
520
520
520
520
520
191
520
520
520
520
520
520
520
520
520
520
520
520
520
520
520
520
520
520
520
243
520
520
520
520
520
520
520
520
520
520
520
