891
889
851
989
804
800
881
791
1076
1022
874
888
956
1119
830
783
1029
817
1290
852
817
1080
791
886
950
864
924
1369
794
855
739
1524
909
797
1624
1001
1427
896
887
750
737
858
1041
745
1187
956
788
775
809
759
861
798
727
843
777
1283
820
1192
795
874
793
756
1013
717
811
714
975
946
823
890
1059
784
1407
1117
857
832
1001
732
1151
690
1011
932
812
936
864
1010
948
929
913
891
892
724
1161
766
853
1101
851
1194
754
929
823
1338
772
800
793
923
768
1130
1023
1019
768
769
810
1078
826
656
1090
681
591
851
767
720
1131
996
995
1084
726
719
898
1007
839
691
761
780
738
1103
1022
1189
998
760
997
1010
908
726
773
697
1014
862
672
800
1348
795
799
715
942
824
865
1146
813
957
766
843
698
1028
871
773
725
665
677
1246
1213
921
858
830
1219
925
719
931
860
686
868
1004
838
749
1098
782
743
695
791
768
760
692
1238
878
782
680
664
752
746
921
878
849
693
802
710
803
849
734
695
812
1187
738
710
717
735
888
783
743
885
843
728
725
675
721
928
695
855
876
1107
736
1069
1347
683
618
842
691
833
757
671
1195
834
798
757
761
597
787
762
632
718
1219
773
860
831
803
869
812
770
760
1260
803
693
1032
746
1000
1034
1301
705
730
721
751
702
672
732
1161
642
1095
721
643
949
672
1018
724
843
635
731
708
671
757
1106
734
640
755
675
899
702
713
920
692
986
759
649
642
839
698
975
714
666
783
930
718
658
780
679
728
788
890
837
762
777
963
670
779
792
1008
753
673
890
751
732
727
1017
620
817
789
680
715
685
658
738
1073
985
714
1285
771
982
1290
696
736
713
759
680
672
658
903
689
715
832
705
854
915
606
643
680
702
1283
1292
940
820
684
1036
712
696
1325
760
759
712
720
616
830
689
606
760
846
1018
1282
696
1506
1291
1196
806
642
747
1019
708
1150
664
632
643
821
709
693
743
871
1003
748
711
669
663
1281
861
648
1422
770
772
671
565
950
558
651
686
704
721
738
636
795
691
699
1194
876
766
606
560
852
729
1412
667
679
560
797
632
629
674
562
873
628
919
663
668
758
946
777
750
675
694
739
743
648
662
681
606
693
753
1273
668
590
663
845
715
772
686
1047
1506
766
654
701
925
977
1127
725
679
845
711
827
844
1286
922
763
1151
608
730
591
715
1149
682
950
707
615
652
659
689
693
518
742
937
660
598
652
644
1340
1049
917
699
797
865
630
679
1021
664
602
721
658
681
671
751
652
1003
1177
1014
558
894
886
839
640
758
670
852
645
727
800
597
819
1197
825
752
799
623
618
949
1407
983
699
873
749
676
1084
653
682
632
794
732
664
630
722
877
627
795
700
770
813
1161
755
785
978
704
702
627
627
786
709
847
779
672
661
763
1113
871
645
733
808
865
701
674
743
814
758
693
747
1018
779
574
697
755
858
671
719
715
1122
751
994
1084
651
1422
813
670
513
759
654
706
739
748
710
924
791
1150
718
787
604
773
829
846
650
718
766
791
698
913
702
1291
704
786
752
624
802
728
1127
727
794
868
851
749
1094
636
1196
1912
1004
594
892
897
624
702
743
778
765
633
672
619
695
1117
785
615
747
673
791
638
1039
628
808
708
626
668
639
931
702
786
1078
613
636
674
1039
865
779
1279
681
664
858
713
586
605
1219
861
677
618
882
665
625
642
972
581
1241
939
1095
598
595
641
1229
644
605
752
652
795
679
682
735
596
1001
699
664
973
553
573
1354
1086
717
819
1140
543
756
619
1151
979
675
628
681
765
666
895
760
604
662
658
1470
683
623
638
747
602
641
677
549
906
690
748
514
973
1229
989
562
683
716
697
1624
637
615
999
1282
606
924
656
639
593
982
737
655
727
744
606
638
670
816
650
613
508
720
1156
805
578
590
687
751
719
681
591
820
745
711
1279
681
637
580
942
728
780
748
632
758
913
853
1114
647
695
1034
904
870
756
701
704
801
936
743
550
1238
591
936
625
592
798
706
647
1242
619
642
1227
781
812
700
950
669
1219
594
662
641
825
787
1067
555
645
668
1524
721
692
585
649
665
673
708
668
1219
729
785
594
929
1077
547
639
697
861
1179
913
770
819
709
576
565
792
604
722
1118
537
605
578
609
640
658
665
1044
632
946
573
665
640
1115
770
862
564
840
671
696
713
662
723
641
708
721
646
1022
1197
580
689
464
676
935
1005
605
586
757
657
616
1085
672
783
615
779
821
710
558
1018
670
815
874
921
628
659
603
711
676
917
754
955
629
1206
645
570
579
589
675
910
980
847
599
800
752
647
575
762
638
995
649
623
686
809
861
779
644
712
920
1005
614
612
706
588
652
700
583
612
584
793
903
616
739
729
623
590
666
653
1063
620
581
596
475
919
570
660
708
631
628
878
585
982
622
687
729
566
705
1130
644
769
899
633
958
814
598
809
619
631
560
652
701
718
625
661
682
589
614
673
1030
1066
585
639
638
670
623
600
714
526
1225
691
2013
580
596
588
667
849
988
692
834
1685
611
580
596
561
916
646
1119
686
682
723
806
1168
607
723
574
617
633
555
1010
696
901
586
534
687
931
713
782
768
551
596
891
823
581
548
579
699
720
685
979
843
637
659
816
855
529
605
570
836
579
616
613
1069
651
613
752
629
1329
528
588
1039
567
693
826
727
642
490
684
703
523
1526
734
703
639
655
821
752
824
648
613
702
888
830
548
514
1146
1150
588
612
553
642
779
698
617
653
717
726
858
696
646
634
548
806
655
694
729
651
860
575
1131
925
614
1079
616
1412
618
638
1103
552
861
521
598
679
622
490
706
599
677
636
557
637
692
535
506
577
561
908
728
759
1010
582
529
715
1189
570
604
641
906
785
820
644
596
593
658
937
610
690
648
998
729
657
875
1188
765
629
963
653
562
709
547
1182
578
995
581
548
605
532
550
920
634
1086
1118
566
1117
678
705
610
693
527
574
740
647
768
663
619
531
879
729
923
737
594
797
668
581
707
621
619
714
544
770
1188
661
897
730
606
582
721
634
756
765
536
590
591
570
606
608
1013
788
582
743
616
651
538
685
597
524
565
599
590
564
620
875
770
593
645
534
772
591
720
589
799
794
649
538
588
518
953
526
649
731
732
774
765
956
634
465
574
804
627
676
568
958
569
708
594
630
767
673
620
1338
568
594
1161
960
994
647
721
643
581
571
1177
540
512
670
886
580
930
667
626
624
591
612
589
742
547
473
1107
641
785
782
487
575
615
594
609
629
651
996
1079
563
556
818
710
1003
495
590
567
598
504
537
582
793
606
659
627
638
1044
494
600
572
588
603
558
706
623
846
658
676
798
571
633
634
632
550
579
533
659
622
665
519
674
649
667
579
1260
618
923
913
1001
825
988
726
1369
686
851
575
592
605
648
765
727
681
681
644
782
717
594
817
478
600
595
534
1192
608
531
650
503
535
1229
566
536
1470
522
479
669
634
679
590
566
637
757
588
595
1149
726
578
527
612
745
1024
624
498
501
1066
539
608
567
1146
1080
1022
674
594
642
1008
663
706
820
947
541
1273
762
605
548
761
898
584
450
521
794
546
556
638
537
577
932
527
575
630
610
754
554
625
513
1144
542
920
786
618
638
557
504
551
631
630
854
531
609
606
636
661
708
1099
723
861
673
791
553
613
535
597
521
555
630
730
672
574
545
578
600
530
710
563
904
589
607
556
546
495
899
645
609
535
512
1286
703
528
557
554
612
911
645
502
1005
621
506
876
561
499
518
571
533
972
724
1299
666
585
570
620
736
741
473
507
878
702
460
443
976
674
729
543
684
632
900
596
619
459
812
737
472
591
649
965
652
1073
542
571
589
607
723
558
565
695
571
640
684
617
994
501
1075
501
514
784
544
814
706
789
560
868
1117
807
568
651
490
678
753
973
638
541
762
750
799
1114
569
673
806
769
1273
525
520
536
546
845
982
897
774
1225
545
575
715
768
627
566
639
625
564
560
922
546
548
605
489
795
472
714
611
662
803
577
534
632
549
596
712
528
707
515
645
986
605
1028
532
675
507
621
765
635
446
618
564
580
564
757
597
578
554
517
618
525
510
660
612
545
542
733
444
662
665
618
642
533
836
525
659
488
843
588
715
587
585
786
585
490
559
563
602
596
580
684
555
522
470
483
571
480
492
809
704
521
505
663
567
658
558
531
666
599
1058
547
557
1150
662
510
604
985
650
534
1044
487
616
548
537
526
579
570
542
579
913
1002
584
506
537
541
839
585
521
510
533
543
444
626
729
650
613
617
683
759
335
728
982
506
574
550
536
561
741
419
494
653
597
726
1001
917
536
661
588
515
813
691
485
663
508
714
666
440
484
594
496
552
1197
541
537
622
613
472
637
629
504
553
507
499
627
655
1078
560
591
549
515
631
920
538
432
513
562
580
1183
502
860
535
657
545
579
807
639
760
764
528
516
581
509
448
554
741
778
605
615
571
526
888
683
1179
547
490
647
475
887
510
490
557
799
585
713
482
495
611
539
540
505
746
564
552
477
1219
577
876
1001
655
668
641
591
541
662
618
566
439
413
516
397
561
513
626
455
433
477
528
807
520
622
616
598
716
487
705
644
513
523
590
539
566
1292
429
1047
484
534
756
1054
533
706
600
596
862
490
686
718
615
744
618
449
531
974
554
575
553
468
624
508
557
520
637
498
560
655
494
554
423
690
496
516
916
556
528
1183
503
565
443
622
741
662
1120
857
1685
433
489
533
538
429
561
498
752
507
702
516
603
711
757
690
607
501
1104
531
552
566
529
447
480
516
856
566
569
585
740
664
586
936
557
984
474
1077
1303
685
547
575
753
542
664
1429
836
1196
734
587
582
584
683
674
576
534
565
950
492
459
591
537
583
472
451
561
1132
555
548
487
508
516
434
550
617
496
607
522
585
924
731
631
684
751
492
513
445
681
442
585
726
681
666
432
753
473
524
921
527
732
526
540
592
523
537
582
607
527
556
550
641
486
484
693
827
1181
568
525
580
830
543
759
528
462
539
520
476
555
696
1180
1195
533
396
366
827
497
561
549
530
587
693
873
574
1526
496
530
428
482
505
526
543
648
948
588
539
919
966
507
844
577
507
599
547
539
645
515
524
627
499
517
832
533
454
585
668
449
645
683
1532
507
548
494
515
861
424
490
851
693
647
536
493
376
641
513
510
728
428
513
473
456
508
509
645
595
552
1176
587
399
960
799
432
582
539
556
812
955
447
1060
497
532
566
523
1031
539
627
598
630
788
451
432
409
618
585
460
485
878
598
505
456
568
1024
453
500
591
632
652
709
648
510
658
479
858
530
470
550
496
475
760
474
565
500
861
529
647
503
559
535
837
481
500
500
513
586
800
779
813
474
543
502
1101
973
542
975
916
703
677
509
433
402
537
526
718
531
1213
1003
853
450
467
912
580
438
469
520
478
902
541
530
1099
430
442
906
521
1303
417
513
447
910
656
1168
556
539
706
598
523
651
469
469
448
432
929
560
492
470
649
595
577
564
455
301
494
455
464
491
827
620
825
489
526
475
497
605
590
417
528
553
436
757
533
748
578
524
756
588
510
818
476
484
548
513
743
461
1349
1010
537
727
465
1036
738
601
1214
457
522
483
713
479
936
529
522
655
516
434
458
511
805
524
473
572
501
623
713
717
466
544
592
501
846
534
553
557
539
710
634
578
464
468
606
607
544
454
485
451
455
520
489
394
498
579
524
414
410
766
592
620
642
713
425
455
1094
549
463
571
535
553
541
454
562
488
551
638
995
421
378
611
491
774
388
417
527
484
544
673
479
444
622
693
536
510
521
704
825
478
428
498
617
539
822
527
513
887
524
464
591
460
435
718
585
691
601
466
564
397
611
666
871
632
457
1000
630
374
558
450
557
493
366
485
531
1191
1176
602
654
449
741
532
415
460
471
711
604
602
572
994
476
456
476
531
399
785
571
624
668
484
538
531
540
497
875
1090
550
397
507
1246
829
621
510
452
534
1285
835
414
526
475
455
730
673
563
570
455
572
782
873
882
389
526
949
495
422
442
647
855
1206
434
699
1000
511
835
599
470
542
393
533
407
574
779
871
522
836
764
936
577
492
438
728
1340
405
910
895
496
1281
461
1144
682
698
490
856
501
406
536
487
808
1020
485
477
568
388
449
786
520
1227
434
419
442
846
453
407
450
451
602
499
428
496
554
761
540
901
799
456
777
729
585
405
488
724
694
488
694
438
753
426
851
443
1269
823
487
501
452
445
772
851
1011
441
380
670
393
549
440
554
682
506
431
705
441
489
460
574
459
564
481
397
525
707
457
566
768
497
1001
558
649
407
762
693
829
420
565
1099
575
706
506
656
484
632
432
434
400
292
567
953
402
423
541
482
535
434
442
983
440
540
430
541
485
539
419
469
418
581
435
599
419
432
635
940
298
813
404
704
380
406
498
527
1075
507
516
587
810
924
442
524
508
714
748
365
480
568
628
481
480
447
472
457
622
468
870
475
1098
526
751
465
431
399
785
733
530
500
466
389
513
861
437
393
715
912
442
484
457
725
358
554
676
415
1354
441
579
420
482
413
433
421
757
642
401
574
457
530
655
430
648
557
617
775
1329
432
773
473
538
563
441
411
823
490
436
698
441
712
798
475
566
576
448
759
1427
567
452
443
502
363
797
747
433
693
623
491
455
759
1532
470
843
499
426
663
461
416
413
353
526
391
1187
518
761
385
407
997
800
496
432
501
439
515
1146
456
461
605
890
517
609
485
533
438
422
520
395
1032
381
418
900
633
454
471
373
505
431
908
691
505
562
429
757
523
417
393
855
563
432
489
479
381
446
451
464
716
793
437
545
317
484
935
630
434
729
489
618
405
737
460
445
417
437
768
341
664
356
508
422
452
758
1151
690
480
1086
489
596
780
573
463
396
342
366
1351
366
519
852
523
909
474
333
514
445
356
589
523
581
491
515
478
467
383
755
898
435
433
479
442
480
487
492
581
378
475
497
762
415
671
545
385
456
584
494
552
415
433
405
536
419
749
558
510
706
534
526
464
405
440
525
417
552
484
427
392
540
412
690
419
722
495
629
946
783
647
546
619
358
626
389
373
515
528
655
458
605
450
277
403
510
546
602
1104
388
738
417
471
491
394
488
818
623
438
1021
420
743
407
825
547
697
652
466
572
424
441
435
454
374
426
472
355
380
422
435
571
973
419
920
465
447
485
1506
454
421
709
876
496
757
508
714
692
514
563
843
421
449
512
506
435
430
451
558
434
395
422
487
321
531
562
602
529
369
290
520
471
769
618
439
538
433
632
728
768
580
543
431
484
689
519
508
479
420
489
443
824
640
587
533
513
572
416
762
735
493
517
555
449
371
473
404
475
838
433
447
437
392
302
619
584
455
425
605
732
633
268
470
660
572
473
680
770
729
370
400
464
558
361
1143
557
767
363
371
738
772
427
390
580
468
1134
400
651
378
364
360
542
483
430
367
459
426
646
641
389
1063
839
520
706
426
464
416
428
441
480
607
850
402
641
496
473
473
455
305
786
428
428
509
475
507
482
509
836
760
448
409
521
290
454
576
666
373
783
645
766
497
475
449
646
558
650
552
352
773
293
759
545
357
431
502
319
437
546
429
584
578
513
517
664
677
441
671
366
492
752
843
493
499
482
695
327
483
448
528
343
698
381
483
432
535
448
502
351
382
516
783
489
573
420
376
543
461
750
266
397
483
400
418
476
373
404
478
347
457
499
614
624
572
442
363
330
655
324
539
455
386
463
372
743
1067
512
409
576
542
755
387
366
559
694
553
416
511
537
402
382
404
1058
888
398
566
496
443
540
386
754
394
398
396
538
298
371
319
616
460
847
864
547
421
445
343
438
489
612
405
542
391
460
458
448
718
352
760
546
384
605
482
484
495
599
429
337
419
419
397
748
366
621
519
458
328
518
417
462
399
861
423
374
522
528
449
551
498
409
550
383
615
463
444
847
360
446
623
829
761
344
355
367
505
514
656
819
335
523
1067
381
378
369
456
469
750
416
450
399
490
437
343
638
540
370
468
408
465
629
550
419
560
467
309
531
1347
655
723
748
487
458
649
502
424
509
567
724
267
367
476
319
412
395
642
387
469
613
674
406
809
657
419
444
422
385
398
536
797
382
491
655
423
389
415
460
785
431
557
656
285
482
441
523
449
488
355
416
455
728
491
399
414
429
354
850
540
875
386
383
333
340
469
639
349
379
360
535
663
421
466
500
713
453
581
355
398
405
468
430
471
467
431
292
401
492
357
414
652
814
502
454
437
699
480
530
393
373
406
388
621
494
751
803
486
1206
411
727
581
406
715
752
399
394
1324
404
409
340
407
367
427
539
317
281
400
454
385
599
440
511
415
896
366
298
485
552
383
478
358
437
427
431
380
721
472
417
748
451
339
464
503
913
466
512
491
421
397
656
393
683
415
432
467
779
766
370
707
423
405
587
2013
779
593
574
332
532
614
343
498
459
404
685
509
430
793
537
164
450
520
527
281
430
656
693
277
757
482
398
819
412
665
468
528
384
903
388
645
1227
498
761
439
479
503
681
490
404
376
372
424
779
348
387
187
670
410
578
400
470
403
725
1044
416
747
1041
429
478
390
623
438
350
602
338
581
485
735
630
346
721
605
1422
850
806
702
686
323
513
381
177
656
429
359
364
613
336
453
397
723
438
638
1007
300
479
356
747
579
361
861
433
376
395
375
429
653
517
455
428
369
362
552
456
339
415
566
642
530
419
457
1429
342
402
1196
490
499
326
501
656
476
596
736
887
338
451
332
462
395
430
455
655
404
408
438
412
553
307
458
332
404
419
382
544
524
363
359
525
463
362
471
361
432
394
618
348
436
377
216
331
459
448
575
452
607
608
852
324
678
385
440
271
334
389
413
597
341
1076
293
371
681
293
366
823
477
471
390
468
371
713
359
698
669
390
434
655
444
508
550
614
249
714
534
349
1058
819
464
371
401
739
522
334
425
407
443
358
469
281
350
426
352
851
791
341
389
495
530
237
486
334
340
899
533
535
530
331
341
393
707
399
719
362
640
460
432
348
476
401
587
449
456
682
374
726
292
777
902
383
316
465
409
387
500
359
361
421
370
263
371
689
556
294
434
462
232
458
341
615
355
480
448
354
353
779
233
909
461
660
241
424
627
498
538
527
492
428
335
393
529
502
349
476
508
382
418
377
563
714
336
414
752
315
559
753
409
289
381
285
454
511
647
436
411
654
563
433
420
388
459
372
340
347
423
876
1156
471
498
555
386
421
198
816
387
483
367
380
508
357
414
356
797
489
497
350
348
246
465
515
466
442
343
819
332
478
383
415
767
438
404
656
459
228
427
369
391
399
724
490
366
785
410
315
508
578
371
909
489
476
494
319
466
361
319
229
352
470
349
620
461
321
1022
618
444
526
444
1049
668
836
379
257
346
449
303
431
327
487
434
463
772
526
544
355
277
388
356
271
491
378
656
420
288
320
550
756
589
308
1176
368
245
612
486
397
421
316
791
279
464
305
766
421
748
368
270
357
366
381
532
809
410
768
322
375
345
375
627
389
366
463
437
682
382
320
391
367
246
248
1005
339
526
360
411
668
356
456
322
363
411
717
433
328
403
681
696
656
462
337
878
725
355
692
392
821
350
594
387
923
375
470
422
279
261
335
425
365
353
273
679
431
386
463
803
512
237
692
395
380
500
661
349
335
673
531
321
1132
240
374
346
337
438
391
631
299
310
380
579
273
467
1325
438
443
429
428
869
677
803
394
531
460
816
259
797
418
283
328
349
355
196
421
350
366
459
405
393
318
384
357
393
523
517
698
535
247
644
949
657
385
237
475
509
1324
508
366
323
425
413
658
427
348
397
313
850
377
345
325
643
537
294
410
468
406
413
429
394
280
729
348
457
386
459
1114
554
389
405
326
436
328
257
511
288
509
414
433
534
743
347
646
372
326
293
357
424
1010
309
423
600
233
580
367
1277
366
568
341
504
664
457
442
265
409
292
758
417
400
379
420
260
700
554
324
420
565
964
370
466
411
727
317
395
363
360
347
274
625
446
716
456
484
395
328
297
802
656
350
461
487
658
448
599
271
397
381
668
782
307
1057
362
515
371
379
806
652
247
656
380
314
345
254
366
402
316
618
338
444
674
424
663
518
531
387
386
538
301
743
543
343
369
265
689
421
923
290
334
428
412
670
332
1039
417
370
366
517
497
1269
797
371
494
344
451
916
564
328
333
355
169
376
448
350
730
344
356
383
314
194
326
422
328
331
618
530
658
439
330
698
267
488
381
682
344
304
606
375
320
656
374
392
642
369
355
258
928
318
187
656
459
1113
296
327
735
420
321
732
316
560
221
287
381
245
581
1022
461
351
376
596
378
647
740
349
301
438
440
351
658
281
396
752
319
635
505
356
442
353
188
417
502
1301
594
656
651
351
284
710
437
333
288
595
680
341
656
393
694
230
341
374
631
853
331
605
286
656
291
416
333
523
373
911
579
329
379
754
766
244
263
345
475
268
313
392
377
649
671
374
371
463
323
666
352
334
345
789
355
661
363
641
1214
488
637
318
325
656
321
418
405
768
769
382
413
331
670
233
854
772
835
770
587
336
245
467
275
913
656
236
319
607
718
342
460
317
190
486
879
650
425
164
352
1099
503
421
617
283
745
510
329
661
854
659
646
318
339
794
234
388
433
208
290
374
308
433
715
292
538
391
259
522
291
712
656
378
329
379
815
672
215
1107
656
656
303
389
376
325
390
516
295
437
275
297
425
902
819
329
560
752
506
588
425
347
656
261
209
422
281
693
1196
324
415
490
636
721
287
631
656
381
316
329
343
588
331
460
170
325
433
442
500
390
1227
419
387
656
306
559
843
600
330
371
826
330
281
496
343
321
1429
592
470
247
455
225
349
366
409
446
497
325
234
683
202
362
335
221
308
452
326
286
329
656
292
377
247
295
548
321
326
363
574
171
830
600
607
338
378
715
679
379
327
976
398
327
295
224
339
356
419
361
550
337
391
839
306
656
289
839
311
471
347
398
289
627
367
342
341
631
396
452
307
376
564
390
559
332
779
394
483
340
257
1188
237
257
672
350
678
302
407
311
359
437
401
339
326
367
708
712
598
372
410
326
729
286
423
343
284
183
295
521
462
340
346
178
313
312
338
653
517
276
352
359
233
243
444
795
469
363
713
530
342
350
725
421
261
322
370
169
730
316
278
613
329
465
339
472
389
238
323
605
283
557
459
502
299
377
392
327
659
324
656
834
277
1191
234
459
223
165
710
401
285
189
541
256
237
325
656
382
885
770
306
425
391
745
536
364
302
273
384
381
787
265
326
171
383
326
437
672
393
684
371
325
394
200
435
628
209
706
792
246
551
200
399
344
338
702
313
562
656
372
357
282
388
656
681
293
325
338
164
605
329
444
346
537
274
263
236
403
367
301
307
351
268
245
272
331
370
524
245
715
767
223
612
898
260
349
420
285
680
390
380
910
315
290
281
466
330
527
288
314
317
421
656
706
327
500
277
672
1120
1181
310
568
616
431
166
410
417
327
343
293
310
169
471
300
249
351
327
322
369
274
398
766
463
259
366
241
438
248
440
693
656
196
1470
572
316
282
757
230
656
315
314
440
358
759
325
261
304
506
346
719
631
307
664
370
1122
633
183
228
373
460
535
561
652
476
391
281
487
648
513
481
389
756
577
518
351
691
1349
383
324
513
641
285
445
298
717
567
656
482
294
496
304
679
377
725
399
656
293
656
344
313
368
656
318
320
360
393
429
349
899
237
322
369
357
656
777
267
801
527
423
221
310
632
296
423
252
1140
1203
314
255
393
316
268
722
328
780
328
656
604
188
539
192
656
169
371
264
290
377
334
696
780
364
624
386
684
332
705
294
631
399
399
322
240
637
703
373
656
226
670
912
656
277
205
278
634
351
437
326
384
320
679
270
862
240
916
183
336
719
232
339
329
360
374
357
451
327
576
702
266
266
673
401
282
418
437
353
307
354
656
675
350
506
656
340
261
420
324
183
308
757
339
363
566
437
345
697
201
337
174
436
656
410
340
531
229
181
360
442
325
693
849
765
396
414
314
322
288
312
339
712
756
351
852
721
337
172
558
388
295
283
721
549
457
342
221
325
416
474
1134
174
268
567
332
367
656
319
405
475
314
368
329
346
393
531
1180
280
656
433
294
294
457
505
640
1333
319
624
288
333
520
563
346
374
285
645
476
248
275
277
392
417
697
497
414
627
575
278
320
372
355
337
458
249
321
302
656
301
656
253
400
360
367
363
356
308
546
351
317
547
644
262
341
575
362
656
340
240
314
372
259
483
334
523
365
324
675
311
264
656
366
633
275
656
339
241
218
599
383
231
299
245
266
749
347
613
386
438
222
314
405
216
374
564
363
164
293
675
437
677
328
516
473
737
549
656
411
577
298
240
243
625
317
426
708
236
263
327
224
681
169
266
347
457
384
527
376
672
668
276
229
335
176
185
590
386
482
656
368
342
425
469
282
539
799
630
386
454
231
381
359
335
338
653
368
412
585
450
736
431
534
548
888
450
339
922
301
328
226
361
205
615
271
174
656
380
380
276
427
687
220
293
292
479
291
305
639
680
285
257
240
393
681
193
305
284
656
383
181
702
222
262
324
354
280
656
546
712
350
314
257
405
329
357
264
297
720
656
297
171
454
389
298
261
1084
164
263
251
267
337
595
228
453
176
656
276
396
417
182
187
428
372
731
966
656
461
291
359
299
642
305
333
656
289
182
477
332
396
651
318
232
706
361
503
321
656
239
302
322
1002
305
579
369
283
574
372
751
352
361
656
303
434
656
325
769
738
829
418
417
290
208
261
268
211
576
656
364
297
445
236
261
623
618
305
792
679
656
335
360
273
656
356
289
1059
656
581
330
354
656
656
219
258
408
392
364
285
358
343
427
366
396
279
300
617
421
418
234
415
331
656
236
780
656
656
331
742
328
271
739
429
296
389
259
656
428
411
965
681
358
314
656
325
241
331
359
585
572
251
304
436
335
368
320
680
466
177
305
805
358
656
855
656
690
817
351
729
323
213
656
282
423
257
319
656
641
656
343
637
399
656
656
309
322
690
696
656
279
372
353
634
620
166
608
351
656
752
656
293
656
263
416
164
354
356
631
249
340
497
403
874
656
601
656
656
302
759
312
656
267
469
567
175
319
168
320
656
375
656
656
201
541
180
378
714
710
280
764
616
345
247
656
588
656
916
164
179
316
169
306
309
303
233
685
266
526
226
656
649
269
342
351
544
713
547
271
394
355
300
745
745
308
237
500
179
656
335
268
706
297
491
673
258
317
656
541
201
375
525
309
199
656
370
556
737
729
450
356
371
175
281
702
845
653
672
327
656
618
254
288
266
335
656
235
758
453
599
382
656
215
378
618
182
250
603
244
318
263
778
485
346
1179
329
656
623
293
656
629
197
196
656
347
311
581
656
656
167
221
495
354
293
685
656
656
282
245
532
348
656
974
591
621
273
261
395
324
276
517
1299
219
301
203
349
223
373
656
415
342
328
1182
290
238
494
654
333
304
364
223
321
318
329
389
399
512
222
649
656
272
354
164
300
191
352
656
169
656
267
768
368
247
195
871
656
231
641
363
656
806
260
656
341
577
285
307
337
300
656
168
270
248
205
286
656
656
270
242
590
709
220
274
182
656
656
171
640
329
412
656
188
331
379
347
526
354
522
314
982
291
187
315
419
262
368
164
656
584
315
656
566
656
334
256
346
368
348
246
583
374
265
189
217
713
164
528
473
266
187
386
437
184
660
225
588
678
326
229
644
299
340
193
656
620
247
164
978
656
468
259
656
656
320
651
260
243
1078
418
348
432
559
202
598
512
307
193
170
300
237
290
713
712
185
721
267
644
414
557
656
259
656
781
351
341
324
195
256
297
419
318
296
290
656
385
518
317
169
356
329
315
338
294
656
312
348
531
434
656
254
327
182
630
854
656
198
380
669
219
642
705
348
183
285
353
727
283
655
236
247
247
323
260
409
950
308
615
709
706
283
279
282
332
211
379
180
648
294
656
442
705
288
802
164
539
303
296
545
425
306
261
634
435
317
656
676
656
656
238
229
327
465
612
915
647
253
297
842
296
319
645
498
656
656
232
305
184
309
245
293
670
323
570
656
189
396
331
164
279
520
612
172
320
227
1333
379
656
599
308
300
648
656
656
328
215
656
675
233
325
656
656
387
268
656
515
180
164
294
656
257
774
656
253
710
362
201
342
169
656
223
293
263
428
217
685
384
258
709
240
321
633
229
343
507
338
555
391
2013
267
168
1277
821
244
656
208
222
656
656
656
283
248
938
336
320
656
732
321
656
332
449
254
341
656
600
579
656
358
705
656
325
190
656
252
323
490
817
168
684
313
330
251
566
678
360
169
307
656
572
272
272
706
656
304
574
236
174
656
656
294
580
403
407
373
372
286
350
656
567
263
656
617
413
656
192
762
313
1144
164
984
267
265
401
286
611
185
330
679
613
460
215
257
656
296
368
656
711
656
313
308
202
709
268
585
197
711
172
658
656
1203
339
286
732
656
465
431
656
656
514
695
623
318
319
279
397
249
340
633
656
673
292
715
450
656
225
605
229
605
654
270
239
428
573
656
535
501
656
172
656
617
348
656
656
369
704
511
302
320
400
289
656
642
364
681
233
361
273
280
268
326
656
257
656
657
656
775
656
350
240
623
174
213
759
656
670
311
731
330
580
380
174
261
319
277
656
420
487
284
634
560
283
201
298
347
656
188
386
313
213
350
248
208
865
599
293
548
402
213
431
255
512
704
656
656
322
656
656
646
208
273
579
327
656
296
852
656
325
311
319
656
328
225
344
747
167
181
656
327
851
656
656
245
372
569
656
372
656
504
195
406
201
233
656
616
340
192
252
656
300
282
173
656
165
604
819
711
253
182
375
277
344
273
396
585
693
294
486
598
665
503
525
308
220
656
656
605
656
440
294
656
278
519
538
674
656
184
282
656
656
656
616
292
1034
656
756
714
266
687
329
658
613
656
266
285
325
227
164
550
304
324
223
984
506
656
656
250
656
656
711
656
188
643
328
193
426
164
1132
214
240
362
205
854
656
362
376
351
574
656
377
294
340
164
214
337
616
208
656
255
223
656
713
275
622
656
695
656
200
302
231
178
609
279
679
656
656
221
294
204
411
319
588
364
385
278
594
164
226
312
656
323
200
339
656
526
810
707
247
527
615
656
656
226
247
277
411
666
404
267
274
590
656
254
401
531
355
656
174
283
656
453
702
656
656
243
738
217
701
656
656
656
474
656
818
656
656
738
656
656
300
303
656
394
656
309
405
664
656
260
227
453
246
707
330
674
327
656
174
656
343
656
718
656
656
221
656
415
674
765
862
289
171
167
749
234
251
656
656
618
205
595
543
522
656
235
656
258
391
234
656
820
166
594
174
226
656
442
348
656
409
668
200
187
656
189
173
405
661
255
594
664
656
237
544
232
174
264
364
288
315
770
656
656
523
770
395
221
1127
656
664
314
375
656
164
760
656
721
215
256
191
223
190
1181
431
303
295
270
171
230
369
262
430
477
449
270
650
685
230
309
168
564
656
656
170
255
267
656
281
306
656
540
656
484
656
172
656
306
165
470
302
247
232
681
169
656
278
656
235
733
719
410
1333
706
743
316
360
290
376
656
465
270
621
288
556
656
656
366
220
656
656
656
502
222
447
527
586
656
317
351
237
296
190
314
701
656
656
306
183
1227
333
283
656
258
578
224
656
461
620
283
169
184
296
636
513
656
239
213
357
405
656
735
257
656
342
656
334
1023
656
356
179
180
226
520
174
325
359
184
656
311
656
588
620
360
164
254
507
186
215
586
656
264
656
656
465
656
604
656
685
656
289
656
348
615
613
706
561
251
324
269
328
656
673
652
279
245
722
356
638
291
534
656
656
718
227
656
425
656
630
228
656
226
520
656
336
584
672
656
263
209
656
279
164
599
235
272
235
573
615
265
192
402
261
177
248
656
274
229
609
656
270
656
317
647
635
301
402
656
656
200
656
656
196
188
656
656
193
186
416
909
656
321
215
164
164
715
656
272
320
428
316
194
656
325
526
587
656
656
656
275
216
656
682
201
656
186
656
667
656
656
542
427
182
521
602
296
656
283
408
321
656
315
656
656
620
421
252
186
656
751
412
581
656
716
486
719
656
302
388
384
434
193
390
616
354
656
637
540
652
656
294
656
549
656
753
656
656
656
254
188
759
647
249
281
611
508
656
656
609
559
652
353
196
221
656
656
656
336
215
183
656
246
656
825
656
280
656
164
605
530
656
203
259
217
757
275
656
639
742
707
758
750
272
668
355
656
241
656
360
573
191
656
656
656
726
656
252
683
541
656
164
501
656
535
656
169
656
199
656
375
253
656
656
210
288
656
626
184
656
249
623
454
454
278
656
656
336
897
194
616
322
400
224
557
656
727
167
540
331
656
656
656
164
656
310
196
616
695
300
416
256
576
339
641
651
166
258
656
339
359
437
293
656
656
370
663
204
656
656
164
301
656
250
633
656
232
172
1225
656
168
291
518
605
195
656
619
217
241
644
355
656
599
613
656
887
288
188
338
672
349
574
656
656
498
656
218
656
691
195
388
205
360
656
469
169
656
656
410
656
311
194
221
335
656
309
656
656
656
189
656
632
596
322
186
172
656
254
656
505
206
222
165
656
223
331
656
178
617
257
656
656
369
164
286
800
523
325
293
656
656
800
219
656
498
356
316
233
773
170
538
576
590
177
328
206
656
332
323
285
656
192
245
166
656
839
656
244
276
528
656
285
184
191
276
642
200
453
656
656
591
730
596
249
656
656
557
656
272
656
656
656
355
233
271
259
656
239
656
711
656
985
470
175
656
656
656
297
656
656
656
878
656
164
205
216
630
656
324
639
586
217
465
200
186
244
656
656
570
656
521
656
328
656
656
288
358
656
656
328
656
180
335
303
241
167
263
731
656
868
164
273
656
450
860
293
656
202
219
547
187
908
656
608
429
656
656
656
656
348
329
877
676
580
284
721
656
567
315
609
656
656
171
166
290
227
181
736
324
513
517
311
656
656
555
454
583
267
656
656
428
787
419
618
752
656
656
579
656
656
656
597
227
245
223
309
448
223
261
365
656
761
166
164
264
275
199
308
208
656
632
656
442
176
656
501
169
656
656
659
255
319
656
656
656
269
656
171
656
656
198
287
656
593
656
228
656
656
710
168
381
234
412
649
650
239
656
656
656
656
260
656
656
165
656
571
520
656
656
331
642
656
656
272
298
173
633
288
219
245
211
656
280
680
354
656
656
291
656
656
656
656
179
311
262
237
235
596
656
477
656
656
656
654
656
338
656
656
306
775
307
214
192
175
662
656
230
656
656
296
1143
747
407
888
223
1079
656
164
217
282
585
271
192
193
175
656
656
656
279
375
206
385
656
572
198
839
354
656
446
656
504
656
671
174
656
465
402
656
510
564
353
656
322
300
656
656
656
285
656
212
359
285
1279
277
656
164
563
285
656
656
656
548
518
585
656
658
656
197
588
656
164
267
656
656
656
656
656
196
188
200
169
262
656
656
215
591
245
398
255
363
656
656
656
722
656
656
186
198
656
656
702
274
199
181
656
194
342
656
524
539
656
200
656
656
656
471
436
227
221
393
203
656
729
656
536
656
763
922
544
681
720
297
656
656
656
259
627
656
305
656
686
656
656
656
656
189
428
656
233
558
207
171
656
766
239
497
414
656
656
674
323
270
294
656
656
233
264
656
249
656
656
207
729
656
424
656
171
274
656
442
271
277
656
656
656
656
656
656
294
656
229
286
656
172
622
656
468
656
656
181
656
656
323
656
437
656
541
656
656
285
656
398
331
656
656
164
656
656
656
656
399
656
902
205
656
233
656
656
656
656
656
275
324
656
656
181
636
656
656
656
714
560
212
656
656
656
656
656
196
360
656
547
792
656
656
656
656
641
280
656
656
198
656
231
656
656
656
656
656
656
656
505
656
235
656
700
214
619
670
878
239
224
656
552
656
228
656
408
656
656
552
656
656
179
218
286
269
293
211
656
533
543
305
708
183
293
164
656
656
656
182
583
413
656
654
519
645
656
656
577
1000
634
697
656
285
172
656
656
584
627
164
318
656
656
283
656
714
656
656
674
181
283
656
656
656
164
499
296
656
526
234
656
656
248
257
1161
656
808
656
656
656
182
656
695
198
656
299
656
732
656
656
168
227
193
219
328
597
187
656
356
656
656
336
656
301
435
355
180
656
265
558
395
196
461
656
656
656
656
298
656
233
272
613
175
590
656
267
656
167
629
656
656
598
656
656
251
690
656
656
656
178
656
656
164
165
250
239
656
254
320
695
656
656
281
523
234
447
656
1008
168
656
648
638
312
656
656
264
632
656
650
554
627
656
656
176
336
656
290
656
456
656
533
656
727
656
656
248
231
656
229
656
656
656
261
407
656
656
358
1085
656
656
656
594
222
656
656
168
656
703
232
656
738
846
548
373
656
1195
656
199
656
656
167
656
359
656
726
445
656
656
512
656
168
656
656
174
328
656
656
778
656
355
184
760
656
656
656
656
656
656
462
643
273
164
812
656
466
656
656
328
656
671
656
656
257
656
656
166
656
656
533
181
656
825
656
656
656
656
539
656
552
656
520
708
652
237
656
359
267
656
656
307
656
656
656
656
656
1095
552
189
421
656
656
646
718
264
316
656
656
830
656
656
656
173
723
656
656
227
656
656
164
656
656
656
230
582
656
189
618
656
619
656
566
656
656
303
656
656
451
543
238
471
676
592
516
416
820
656
656
591
268
620
495
656
277
645
656
353
902
646
656
205
656
652
656
197
540
561
184
656
656
656
656
656
656
520
656
656
497
185
196
181
656
470
725
546
254
666
414
656
322
656
656
706
571
665
209
300
656
247
1060
656
171
656
656
687
656
656
571
656
656
245
656
195
656
656
702
656
656
656
228
256
656
656
1115
524
656
537
656
645
286
656
643
656
557
459
656
501
656
166
626
607
656
656
541
656
656
656
656
656
656
606
656
656
656
173
656
328
267
656
656
656
540
656
656
656
308
361
209
179
656
186
656
621
173
656
656
172
656
656
171
227
656
656
546
980
656
656
656
656
528
236
656
656
656
279
656
419
165
656
237
583
203
164
656
230
656
798
656
539
523
191
576
656
174
533
656
656
824
656
291
195
656
656
656
450
656
433
656
298
656
194
490
970
272
176
656
656
277
656
656
656
656
324
553
656
656
166
656
656
656
656
656
164
555
656
656
510
656
656
656
190
656
656
957
656
328
656
248
499
656
469
317
340
520
656
656
193
551
656
247
702
170
656
656
601
656
263
222
656
324
250
630
656
749
807
656
216
656
656
656
656
656
366
656
205
165
329
656
446
656
283
656
656
535
656
656
656
487
656
656
266
656
305
656
506
656
656
656
199
585
656
656
656
233
656
656
656
656
656
906
656
656
656
656
182
656
1219
472
656
276
656
492
315
656
656
684
656
634
611
656
656
205
656
768
481
656
180
545
656
282
585
528
595
495
656
170
656
656
526
656
656
256
656
167
656
656
167
656
656
214
656
656
656
656
268
656
656
656
656
295
251
656
656
429
656
656
656
215
656
309
547
656
512
298
656
783
655
208
320
656
616
675
656
656
919
327
608
201
656
656
656
326
734
648
677
656
524
670
656
454
656
656
656
656
656
656
183
703
656
656
656
656
481
275
656
656
313
656
243
311
656
534
656
656
656
656
656
656
656
603
656
656
656
656
429
172
656
249
589
164
656
345
287
270
691
656
656
656
291
517
656
310
633
656
656
489
656
648
172
656
608
168
534
611
261
262
656
599
460
656
656
166
656
656
656
656
656
656
361
656
244
666
562
894
323
656
656
656
656
510
656
656
642
540
656
656
719
656
656
656
656
656
743
656
656
656
656
621
656
364
309
328
656
656
656
656
501
656
656
605
455
656
656
600
170
167
656
656
219
286
672
164
656
656
526
656
656
539
587
335
294
523
656
656
477
656
263
656
564
656
583
656
656
656
656
656
656
310
656
984
535
656
656
235
635
253
200
404
656
656
656
656
586
164
176
273
656
361
656
556
570
656
313
656
564
164
607
656
656
231
656
656
187
656
416
656
656
656
656
656
686
656
656
440
525
497
656
276
649
656
656
656
216
656
656
656
327
240
656
688
656
487
580
656
739
656
656
656
656
1047
656
656
656
656
656
196
437
632
432
327
636
200
369
656
761
656
656
656
206
656
656
656
309
471
656
254
485
608
656
242
272
505
656
705
656
535
175
656
656
508
656
656
656
656
469
645
656
184
656
656
656
183
656
728
656
656
248
656
656
229
656
656
284
656
489
705
177
656
656
656
474
656
176
656
211
656
172
656
526
258
656
656
656
180
656
656
214
656
511
592
490
656
656
656
164
656
164
443
173
656
187
656
656
656
656
207
164
656
656
656
656
656
661
580
656
213
707
656
656
278
656
673
656
656
656
566
656
275
656
166
656
1351
656
273
450
626
654
287
656
656
264
656
482
252
656
656
656
656
656
656
656
444
543
656
656
656
656
291
656
656
656
656
656
656
515
314
656
656
656
467
656
656
656
656
656
1242
290
656
656
656
656
173
656
656
470
224
656
656
656
656
656
470
235
241
656
351
656
648
325
258
251
656
656
257
656
656
464
656
656
206
656
656
201
570
750
248
656
656
456
656
357
528
656
578
656
1203
656
710
214
341
724
656
235
487
656
516
656
708
275
656
427
656
656
656
656
259
656
230
656
656
656
540
256
656
645
338
656
656
656
656
577
656
656
529
506
656
384
656
656
656
656
199
656
656
420
554
656
1001
225
656
656
656
308
656
656
656
336
656
164
656
511
656
656
425
656
656
312
252
656
212
748
186
226
475
656
255
656
501
593
459
656
656
656
579
164
656
656
656
656
656
229
164
581
228
656
645
656
656
656
656
189
402
167
656
243
656
543
536
656
656
656
316
656
656
656
663
656
605
267
656
656
564
656
195
656
230
656
656
656
656
656
656
213
656
656
656
656
656
656
302
656
656
656
656
656
656
320
656
554
656
656
656
1241
656
656
1057
360
656
656
656
298
656
656
641
656
656
574
656
656
369
656
661
1020
444
662
656
384
656
341
656
656
526
656
620
519
656
656
656
795
656
217
656
656
656
180
656
656
564
656
197
187
600
573
656
656
656
656
656
656
656
656
656
656
656
656
656
681
656
656
656
656
262
656
656
274
656
656
656
656
656
656
306
656
656
656
656
316
175
656
656
417
656
318
656
656
656
565
656
172
269
303
594
656
656
269
350
656
169
202
656
656
214
656
208
656
341
656
656
656
656
197
399
656
648
656
198
580
656
458
656
202
656
656
587
656
486
652
656
596
195
1324
656
656
191
656
656
656
543
656
225
710
734
656
531
580
656
656
656
367
656
216
494
473
656
656
656
175
656
534
656
656
770
307
207
715
656
275
656
211
656
656
656
656
656
656
656
656
656
656
656
457
656
875
656
656
656
164
656
656
656
656
470
656
656
656
656
618
656
254
460
656
191
230
372
656
590
277
521
656
656
656
656
656
656
656
656
656
656
656
656
656
180
701
507
690
757
656
656
164
656
656
349
656
656
515
549
656
485
476
656
291
181
656
666
656
656
461
656
232
656
656
329
480
656
656
656
598
656
433
656
656
656
276
656
396
656
656
656
656
329
656
656
887
342
656
656
656
656
656
656
656
218
271
656
656
656
604
324
558
416
759
420
656
656
656
413
285
656
656
656
334
656
656
622
656
656
656
656
656
656
182
616
234
656
656
656
656
624
656
656
259
656
656
656
903
656
744
473
164
656
249
356
656
656
656
656
656
656
193
656
656
656
551
656
655
656
474
392
656
508
278
656
656
318
656
561
656
234
656
656
656
656
656
656
656
291
656
167
656
176
631
656
643
1120
265
656
185
656
656
175
656
656
656
656
656
656
656
656
656
656
180
656
528
656
406
656
240
656
656
656
390
656
656
510
468
542
656
373
656
656
656
541
656
656
295
656
656
187
524
479
656
656
495
491
495
656
656
656
656
194
656
656
347
656
437
554
656
328
656
176
656
534
656
656
414
393
656
170
656
656
656
656
656
594
656
656
656
656
656
656
424
566
371
656
656
656
656
656
656
656
656
454
656
656
656
561
656
656
175
656
656
656
656
513
656
656
503
269
656
656
260
656
656
656
656
656
656
239
201
172
656
656
746
548
656
656
656
656
656
656
656
656
656
671
223
656
731
656
656
656
656
299
568
656
468
350
227
498
656
459
656
652
656
656
615
219
656
656
598
656
292
656
596
656
656
518
656
656
203
656
518
656
654
246
656
166
351
656
1039
656
656
166
197
164
165
656
656
656
708
656
656
656
656
656
167
560
656
656
169
223
656
656
656
545
656
165
656
656
656
278
288
623
656
656
316
558
656
193
222
656
656
798
656
587
656
656
656
315
217
656
558
656
656
164
656
311
656
523
656
656
656
656
319
656
656
656
656
656
656
656
345
839
174
231
656
439
605
656
656
656
656
656
327
656
637
656
504
656
568
239
656
656
656
656
651
337
656
656
180
656
243
656
656
656
656
164
656
656
656
656
547
649
656
656
656
656
656
656
656
656
537
656
656
391
656
559
239
656
656
656
656
656
415
729
656
656
656
656
177
171
656
656
656
656
302
656
191
656
656
656
656
656
656
656
656
436
645
656
713
656
484
714
656
264
169
656
649
632
383
656
656
190
477
656
656
656
223
656
592
656
656
592
656
656
277
656
656
260
656
656
656
553
565
656
656
247
656
222
602
656
442
656
750
656
290
656
638
656
656
656
656
671
658
656
167
656
548
656
656
164
656
500
534
295
656
656
563
487
656
656
196
656
2013
656
332
656
656
656
304
656
656
656
656
656
656
656
299
610
656
547
656
656
513
546
386
449
573
405
656
656
656
656
656
656
471
625
165
222
656
579
656
656
176
656
224
656
656
656
656
656
656
656
246
656
656
283
656
656
656
656
177
656
656
656
656
631
656
656
656
300
656
204
656
555
656
656
656
656
656
283
167
272
656
175
164
656
656
225
656
585
656
656
656
656
241
656
656
656
656
656
573
656
247
433
656
656
656
656
656
173
223
656
656
656
656
656
656
656
656
656
292
656
171
184
656
469
218
656
656
499
656
753
656
656
656
719
825
490
656
656
345
656
656
656
656
656
656
656
656
656
656
656
656
656
656
656
656
243
656
656
656
656
656
656
656
656
423
656
832
656
656
656
656
624
656
727
186
656
656
656
173
164
656
656
656
206
656
656
656
656
656
489
656
656
180
656
617
656
288
208
656
656
656
656
566
674
656
656
466
324
656
753
176
656
586
656
656
656
656
656
656
656
656
656
656
196
297
532
656
656
656
656
656
656
656
656
656
432
656
656
360
656
656
656
413
167
656
656
656
656
408
656
656
512
656
382
494
656
180
422
656
656
656
656
656
656
656
420
656
219
656
656
656
656
171
295
610
619
656
656
164
628
656
656
656
656
656
656
656
656
585
656
629
527
656
656
656
656
656
656
546
656
656
656
656
656
656
656
656
656
606
656
656
656
656
656
656
656
484
656
656
173
656
656
656
656
656
656
656
656
656
656
656
691
656
656
656
231
200
673
656
656
656
656
656
656
656
682
537
656
183
656
656
501
656
656
517
202
182
656
656
656
656
656
656
656
656
656
833
198
656
656
582
656
656
656
656
656
656
642
603
656
169
325
504
656
656
656
656
650
656
656
656
390
656
656
457
247
656
656
656
415
919
656
656
656
656
656
656
1058
656
656
656
200
476
656
236
209
575
656
656
656
656
259
656
537
656
656
656
656
656
656
656
656
656
656
656
656
273
656
190
656
635
193
656
558
634
656
656
656
462
656
656
656
656
656
656
656
656
647
656
656
656
496
656
656
544
179
656
573
192
233
355
656
489
462
460
656
656
188
448
656
715
656
656
419
656
656
656
224
656
656
656
585
656
656
656
656
656
656
169
656
405
656
656
656
829
656
656
656
656
656
656
656
666
656
656
656
656
169
656
656
548
656
656
240
310
656
636
656
656
328
656
611
656
574
656
656
274
656
1189
656
656
656
510
656
787
656
656
656
656
656
656
656
656
613
490
656
656
221
557
656
656
289
656
544
247
699
656
656
656
656
536
424
656
656
656
656
656
656
656
656
500
164
656
656
173
656
537
656
656
656
656
656
656
606
382
431
656
656
956
656
656
656
605
184
656
656
669
656
656
656
656
656
656
656
402
591
533
656
656
656
656
280
656
656
656
656
656
656
656
656
594
656
656
656
1103
656
448
656
656
656
656
646
656
415
656
656
656
656
1168
656
566
210
656
656
656
193
656
656
656
656
172
656
656
656
656
656
405
656
656
222
656
656
632
656
656
656
642
656
656
656
656
656
656
337
656
656
656
656
656
247
705
521
547
370
442
656
656
656
656
577
173
656
684
656
656
656
656
656
204
1017
656
656
656
656
656
224
199
164
656
656
656
656
374
656
656
164
179
478
656
677
711
656
656
656
656
382
431
656
656
656
656
656
656
421
510
347
656
656
656
656
656
579
201
656
656
182
502
656
656
413
656
656
656
494
656
656
467
168
581
182
656
656
434
492
638
656
656
656
656
176
363
656
669
656
656
656
656
656
656
656
656
221
217
656
656
656
656
656
656
656
656
656
656
637
656
656
656
656
656
656
656
656
571
656
656
656
711
491
656
656
656
656
656
656
656
656
656
656
656
327
656
656
656
554
656
656
395
656
656
206
382
656
656
656
656
182
656
656
656
656
656
445
656
164
656
481
696
417
656
441
656
656
656
656
656
656
656
583
588
700
656
656
656
656
656
656
305
656
656
656
656
656
191
572
656
300
656
656
656
656
215
656
656
656
312
364
164
656
656
656
169
656
656
656
548
656
656
656
656
704
656
431
656
548
656
656
787
656
656
656
656
656
656
659
656
656
656
431
248
311
656
354
656
656
656
656
656
656
575
314
656
656
656
656
578
656
656
656
656
433
656
656
656
328
656
656
300
656
656
232
656
656
465
656
656
656
656
542
723
656
656
656
656
455
656
656
656
656
167
667
656
310
656
656
656
656
656
656
656
656
656
315
656
656
187
656
656
478
207
656
191
547
277
588
656
656
182
656
656
656
656
656
656
656
656
656
656
656
656
656
656
656
656
656
692
656
656
195
656
656
656
656
656
656
470
656
656
656
656
656
483
486
487
656
656
656
656
656
656
656
188
656
676
656
656
493
232
656
656
656
656
656
656
656
656
312
656
656
656
656
656
656
656
656
656
382
656
656
656
656
166
656
656
656
656
603
656
656
656
656
656
539
656
666
656
739
656
656
656
656
573
656
656
656
348
656
656
656
656
656
656
656
656
656
656
656
656
656
656
578
656
656
301
361
656
656
656
457
588
477
513
656
656
656
656
656
656
656
265
656
656
656
656
1099
656
427
656
656
656
656
656
216
656
656
656
782
656
656
725
656
656
492
656
656
529
656
656
421
656
656
198
656
558
656
656
277
502
656
656
656
656
656
656
583
656
656
656
656
656
656
656
656
325
656
164
656
656
582
639
656
587
164
656
656
186
656
656
656
656
656
656
656
656
654
656
656
656
656
656
656
656
656
656
656
656
470
656
501
656
783
656
710
243
656
164
304
656
656
656
249
503
656
656
656
656
656
656
656
656
283
656
656
656
656
656
613
451
656
656
656
656
541
459
656
656
656
656
656
656
656
656
656
656
656
656
656
656
591
656
656
185
656
656
489
472
174
602
656
656
656
656
656
617
657
308
497
656
785
465
656
656
179
656
656
598
656
656
656
656
656
656
656
695
656
656
220
656
579
656
656
656
180
519
656
656
520
656
656
656
656
656
656
656
656
656
186
656
802
656
656
656
656
656
656
656
428
411
656
1470
656
596
266
656
656
656
656
656
656
656
271
656
656
656
656
656
656
532
497
656
656
656
656
656
656
656
656
169
656
656
656
656
656
656
656
656
656
656
330
430
656
656
656
656
656
656
656
662
656
656
656
656
501
656
656
656
656
380
622
656
730
656
656
656
656
656
656
656
656
656
656
656
656
656
656
417
656
450
656
388
656
164
656
206
656
179
656
171
939
656
476
656
656
656
726
656
656
656
656
656
656
656
656
656
656
656
656
656
656
656
797
656
656
572
656
656
656
656
227
508
656
656
656
1030
656
999
656
223
164
656
656
656
656
233
656
656
656
656
656
275
656
656
656
656
656
656
656
656
395
656
656
234
656
452
656
656
656
311
656
612
656
656
656
656
735
656
656
656
656
656
656
281
656
656
656
656
296
493
656
656
252
656
1117
656
474
656
233
656
656
656
656
656
656
656
656
656
656
656
656
656
656
656
656
470
656
428
656
656
686
821
613
656
656
656
656
464
656
656
656
656
656
656
656
795
656
656
656
656
419
656
656
279
656
656
656
183
187
656
383
656
476
656
656
656
577
656
289
656
656
702
219
656
656
656
172
656
656
656
656
656
656
656
420
653
164
457
393
517
656
656
656
656
164
656
656
584
828
223
656
656
656
656
532
656
656
251
302
656
656
558
782
656
656
656
656
209
656
198
559
656
656
656
180
656
656
656
656
656
656
656
656
452
243
656
656
656
656
188
656
656
363
668
656
656
656
570
656
656
656
656
656
656
500
656
423
656
656
522
656
320
656
656
656
656
656
656
656
656
656
656
656
516
656
656
656
656
656
579
240
656
656
656
473
656
619
455
656
656
656
656
656
469
656
656
656
656
656
656
656
656
327
619
656
656
656
566
656
656
252
656
295
656
656
563
656
221
656
656
456
175
656
656
656
656
567
656
493
656
656
438
656
656
366
1269
164
656
656
656
656
656
656
601
656
656
656
656
581
656
656
656
443
656
597
656
656
656
314
656
656
656
656
656
656
656
656
656
656
458
415
244
584
656
626
656
656
656
656
656
656
656
656
656
656
656
656
656
656
656
656
656
656
656
656
656
656
548
656
460
656
656
656
656
656
164
656
656
656
656
656
786
413
656
656
656
656
656
359
416
1031
656
656
656
656
219
656
238
656
656
656
656
656
656
656
656
656
656
656
656
656
656
656
656
656
656
656
656
656
656
656
656
656
503
656
656
656
656
656
656
656
656
656
656
656
656
656
656
460
656
338
656
418
656
681
656
656
656
310
656
656
656
656
656
447
693
656
656
656
656
366
168
525
656
656
656
301
656
181
656
656
656
267
509
656
656
656
380
627
656
656
656
656
656
656
656
656
656
656
656
656
656
656
166
656
656
656
495
1021
656
266
656
656
656
656
656
656
656
656
656
656
656
214
656
656
526
656
656
698
164
656
656
165
656
656
656
656
656
656
656
656
656
656
656
656
463
656
656
656
187
656
468
656
179
656
656
656
166
656
656
656
656
656
595
656
656
656
656
656
496
215
656
656
656
656
481
656
656
436
656
232
612
662
494
538
656
563
167
656
656
558
656
175
292
523
656
656
656
484
656
656
168
656
834
656
656
656
656
446
656
506
656
656
656
164
656
656
478
656
656
656
656
656
656
656
656
656
269
656
656
656
656
656
656
283
656
522
198
656
656
397
656
656
656
656
656
656
656
238
656
656
656
656
656
656
656
576
656
231
656
656
656
656
656
656
656
656
656
566
656
422
656
656
656
656
656
579
355
656
656
656
656
656
656
656
656
656
656
656
656
656
221
656
254
529
656
433
656
656
656
656
656
656
656
656
656
656
433
199
656
656
216
656
656
618
656
656
656
656
656
656
656
620
656
656
656
656
656
656
656
528
656
656
445
656
656
656
656
656
656
656
656
656
656
344
656
656
656
656
656
656
656
656
656
656
656
656
656
656
656
656
656
656
656
656
240
656
656
656
656
302
656
668
656
165
656
656
580
656
188
656
656
656
656
656
656
656
656
656
429
656
656
656
656
656
656
656
656
656
656
656
632
656
656
656
656
656
656
656
656
656
656
610
686
656
368
656
656
656
656
656
656
233
656
656
656
596
656
656
656
656
656
623
656
656
656
1624
482
656
548
656
401
656
656
656
656
656
656
454
656
656
656
656
656
656
656
656
656
656
656
456
656
379
656
656
656
656
592
656
512
656
415
656
656
656
656
656
656
656
485
656
656
656
656
656
656
656
656
656
656
656
656
656
656
973
542
656
656
656
662
656
656
656
198
469
656
656
656
656
656
656
656
656
164
656
429
656
656
656
656
656
656
656
656
656
656
459
223
656
656
551
656
656
656
656
656
656
656
513
656
656
501
656
656
656
167
656
594
656
666
189
656
586
656
656
656
656
656
656
340
656
656
656
177
656
656
656
656
656
546
635
656
656
337
656
656
656
656
656
656
656
287
656
656
656
656
455
656
656
656
656
656
656
656
171
656
656
638
656
656
656
656
656
656
656
656
656
656
656
656
656
656
656
656
656
656
656
326
656
656
656
656
265
656
656
656
656
656
656
656
656
233
580
656
378
656
656
656
384
656
643
170
229
656
656
656
656
560
656
656
656
281
656
656
656
656
718
532
656
656
656
648
656
421
656
656
490
656
656
656
656
656
656
656
656
656
656
656
656
656
656
656
656
656
656
656
656
462
656
656
656
656
656
656
656
656
656
566
656
656
1044
430
656
656
489
419
656
656
656
656
656
656
490
656
406
656
656
656
656
656
656
656
211
424
656
656
429
656
656
492
656
656
656
490
656
514
656
656
656
471
511
516
656
656
656
656
656
588
502
656
656
656
656
656
656
720
656
233
656
656
656
656
382
656
656
583
656
656
656
656
187
656
656
656
540
554
656
656
656
656
656
656
656
656
676
656
656
656
656
656
656
656
295
656
656
656
486
656
656
656
656
317
656
656
656
656
547
656
656
656
656
215
656
656
656
656
656
707
656
470
289
656
656
569
417
656
656
656
656
656
656
656
656
656
656
656
656
656
656
436
656
656
511
362
656
176
656
213
656
656
656
656
656
594
656
656
656
656
656
656
190
656
603
656
656
656
656
656
707
656
656
656
656
656
656
656
656
656
164
656
865
656
656
656
656
212
656
656
656
656
534
656
656
391
656
656
656
656
656
656
656
656
656
656
461
656
656
656
656
656
656
656
656
656
656
656
656
656
656
656
656
656
656
656
656
656
656
656
656
656
187
656
656
656
656
168
656
650
324
656
656
656
656
656
656
656
656
656
402
656
476
656
656
656
299
656
656
656
471
467
656
656
164
656
656
477
656
486
656
656
656
656
656
708
546
656
656
656
656
656
550
656
656
656
656
656
656
656
656
656
213
656
190
656
656
656
656
656
656
656
656
656
656
656
656
656
656
656
656
656
357
656
656
656
656
656
656
656
656
327
656
656
656
656
656
656
731
656
656
656
656
656
656
656
656
656
656
656
656
656
656
656
656
490
656
656
656
656
656
656
166
656
656
656
656
195
487
453
164
656
656
656
656
656
656
656
656
656
656
656
656
656
656
656
656
656
315
656
656
656
656
656
656
656
656
257
656
656
656
656
656
656
656
656
656
281
656
656
656
442
202
656
656
656
656
656
656
362
656
557
1118
656
661
656
656
656
656
656
656
656
656
656
662
656
612
656
457
164
656
656
656
656
656
486
656
656
656
656
656
656
223
656
656
656
656
656
522
171
656
164
656
656
656
656
656
656
656
656
656
656
312
538
656
656
656
656
254
656
369
656
656
656
656
656
656
656
656
656
656
656
656
656
656
656
656
656
656
656
656
656
656
656
656
656
1149
656
545
296
656
656
656
656
419
362
335
656
656
656
656
164
656
656
448
306
656
656
656
656
656
970
656
973
656
656
656
484
1021
656
656
656
656
656
624
656
656
656
656
656
656
656
656
656
656
656
656
656
656
261
198
656
656
656
656
656
213
656
656
656
656
656
191
656
656
656
656
656
656
575
656
656
656
656
363
367
656
854
656
656
656
301
656
656
656
656
656
431
656
656
656
656
656
656
656
656
525
656
656
656
656
656
656
656
656
656
656
656
656
656
175
656
656
656
656
656
656
571
1340
272
656
656
656
656
656
656
656
656
656
656
656
656
421
656
656
656
656
656
656
656
656
656
656
656
656
656
656
656
471
656
656
656
435
598
656
656
656
656
656
656
656
673
522
656
656
656
234
496
656
656
656
723
656
656
656
347
656
656
656
182
656
656
656
656
656
452
656
656
656
656
656
656
656
656
656
656
656
421
850
552
656
656
656
656
503
656
386
656
656
656
656
656
656
656
656
656
656
656
185
656
656
656
164
656
656
567
671
656
673
656
164
656
656
656
627
656
656
656
656
656
656
656
168
678
656
510
656
656
656
656
656
656
656
656
656
656
656
656
403
348
665
656
656
656
656
656
536
656
656
656
656
656
656
438
656
656
656
656
656
656
656
656
656
656
189
656
260
656
656
555
656
656
1005
656
656
656
656
656
656
656
656
656
363
656
656
656
656
656
656
656
656
656
595
656
656
656
656
330
656
656
656
656
656
656
656
656
656
656
656
656
511
656
656
656
488
656
656
656
656
656
656
656
656
656
656
656
656
656
272
656
336
656
656
656
656
656
656
656
656
656
656
656
656
656
656
656
504
656
656
656
192
656
656
656
656
656
656
656
656
656
656
656
656
656
656
656
656
656
656
656
656
656
656
695
656
656
656
656
228
509
656
260
656
656
728
656
656
656
656
656
679
455
656
747
656
656
656
166
656
167
656
656
656
656
656
656
656
291
656
656
656
656
624
656
656
656
656
476
656
656
491
656
656
656
656
656
469
656
656
656
656
453
656
656
656
656
656
533
656
656
656
656
656
284
656
656
656
656
233
224
656
656
656
656
656
199
656
463
656
656
656
656
367
656
418
656
656
656
656
656
300
636
656
656
656
385
585
656
656
656
656
656
948
545
656
656
656
328
656
656
656
325
533
656
656
656
656
582
656
451
656
656
656
656
656
364
656
656
656
656
501
656
656
656
656
656
397
169
462
656
656
656
656
656
656
656
656
656
565
656
656
252
656
656
656
656
467
656
656
199
656
656
656
656
656
656
656
656
656
656
568
656
656
656
656
656
656
2013
656
656
170
656
656
656
656
656
656
656
568
656
656
164
656
656
656
656
656
656
181
656
656
656
656
641
656
656
656
656
656
656
656
656
656
656
656
1001
656
656
656
656
656
656
1069
656
656
656
656
656
656
618
656
254
656
656
599
656
656
656
656
656
656
656
656
656
656
579
259
656
169
656
656
656
656
656
656
656
656
656
656
656
656
656
656
656
656
849
656
656
656
656
656
656
534
656
656
656
656
656
431
656
310
656
656
656
656
656
656
438
265
656
656
656
750
656
656
656
656
656
656
656
656
656
656
656
656
583
656
656
596
656
656
656
656
656
656
656
656
656
248
656
656
656
747
326
656
656
264
519
179
547
656
656
430
656
669
429
656
656
656
656
656
656
542
499
445
656
656
656
656
656
656
1099
656
656
656
656
204
656
656
656
656
656
543
656
656
656
349
656
656
656
656
656
656
656
656
656
473
656
201
472
656
656
656
656
331
656
408
492
656
531
656
656
656
176
656
535
593
527
656
656
656
656
656
656
656
656
656
656
656
656
656
656
656
656
574
656
656
656
501
656
656
656
656
656
656
656
656
414
656
656
656
405
656
656
656
656
656
656
656
656
656
656
656
656
656
656
656
656
656
656
656
656
656
656
656
656
656
656
527
656
656
220
656
656
656
492
585
656
656
656
656
656
590
198
557
171
656
656
656
656
656
656
656
656
1104
656
656
656
656
656
656
656
203
656
656
656
656
656
656
656
656
656
656
656
656
656
656
656
656
656
656
656
656
656
656
656
656
656
215
656
656
656
325
656
656
656
656
656
656
656
656
624
656
656
656
461
504
656
656
656
656
656
656
656
656
656
541
656
326
656
656
591
656
1151
656
556
656
656
656
656
656
656
656
656
656
656
656
656
656
656
656
656
421
656
656
656
656
656
656
656
171
656
656
299
656
656
656
656
656
656
656
658
656
533
362
1146
656
656
656
656
656
656
656
656
656
656
656
656
656
656
656
656
656
605
656
656
656
656
656
656
656
656
656
656
656
1151
484
656
656
656
656
656
656
656
656
656
656
656
656
656
656
656
656
240
656
656
471
807
656
656
656
656
656
656
188
164
656
656
656
475
656
413
656
656
656
656
452
656
656
656
628
656
656
656
533
656
656
656
656
656
656
656
656
656
656
656
656
218
656
656
656
656
656
656
656
656
656
656
656
656
656
579
634
656
656
656
656
656
656
500
656
656
656
346
656
656
656
494
656
525
656
656
656
656
656
437
656
656
423
390
656
656
656
656
184
656
656
342
270
656
656
428
656
656
656
656
656
656
656
656
231
656
656
656
656
656
656
656
656
656
656
656
656
656
656
656
232
366
656
656
656
656
656
656
656
656
656
656
656
656
656
656
656
656
656
656
656
656
656
656
164
656
656
656
656
656
656
656
656
656
656
656
656
656
664
656
568
656
656
346
656
656
656
656
656
459
656
656
656
656
656
269
258
656
656
656
656
656
182
656
656
656
656
656
656
656
490
656
656
656
656
656
170
656
656
656
656
656
253
656
656
656
656
656
656
656
695
658
656
656
656
656
656
656
656
580
656
656
1054
656
656
656
656
336
656
656
656
656
656
656
656
656
245
288
656
656
656
656
656
656
656
656
656
656
656
615
656
656
656
417
656
656
656
656
656
656
656
656
656
656
656
656
656
656
656
656
656
646
656
656
656
656
656
498
656
656
656
656
633
656
656
187
656
656
656
656
656
389
656
656
656
656
656
656
656
656
656
656
949
656
598
656
476
656
737
656
1024
656
656
656
656
656
656
794
656
656
656
656
656
586
656
656
530
656
171
656
591
656
656
540
656
656
656
656
656
656
656
234
656
656
656
489
656
656
656
656
656
656
656
656
656
656
656
656
509
656
656
637
656
656
656
656
656
656
656
507
656
656
656
656
372
656
656
656
534
656
656
656
656
656
656
656
656
656
656
656
656
656
375
459
656
813
656
642
656
633
656
656
656
656
656
656
656
656
656
656
656
656
656
656
656
656
656
656
656
656
441
481
656
656
656
474
604
656
656
656
565
656
449
656
656
656
185
602
197
656
656
442
470
656
656
656
656
656
460
656
535
445
591
656
656
656
656
656
656
656
656
374
656
656
609
656
656
656
440
276
656
656
656
656
656
656
656
656
656
248
656
198
656
656
433
656
656
656
656
656
656
656
656
656
656
428
656
656
656
656
656
656
656
656
656
656
656
185
656
239
656
656
656
656
656
656
656
656
656
656
656
656
656
656
656
656
656
656
422
656
656
275
656
541
656
656
656
656
656
656
656
448
656
656
656
164
557
656
656
656
656
656
529
656
656
656
656
656
656
656
656
656
656
656
184
656
656
656
562
656
656
656
656
656
263
653
656
656
656
167
656
656
656
656
656
656
656
656
656
656
166
656
656
656
656
656
656
656
656
656
656
379
656
656
656
656
656
598
656
656
656
494
656
656
656
656
656
656
656
656
656
656
656
656
656
656
656
656
656
656
656
524
656
656
656
656
656
656
656
656
656
656
656
656
656
656
656
656
656
656
593
398
656
656
656
554
656
656
656
278
656
656
656
656
656
656
656
656
656
656
656
656
656
656
656
656
656
656
656
779
656
656
656
656
656
656
656
656
417
656
656
656
656
656
656
656
656
484
656
656
656
656
656
401
656
656
656
656
656
656
656
656
656
656
656
656
656
656
656
656
656
656
656
656
656
656
656
656
656
656
656
656
656
640
656
656
656
656
656
656
656
656
656
656
656
592
656
656
656
656
656
368
656
656
533
656
656
656
173
215
656
656
260
656
656
656
656
656
656
442
656
656
656
656
656
656
656
634
656
656
656
656
656
656
656
656
656
656
656
656
656
656
656
286
656
656
656
656
656
656
656
656
566
656
656
656
656
656
656
656
656
656
525
656
656
656
432
656
656
656
656
656
656
656
656
656
656
656
656
656
656
656
656
656
656
656
656
656
589
656
656
656
656
656
656
656
656
656
656
656
656
656
656
656
656
656
656
656
656
656
656
656
656
656
656
656
656
558
656
479
656
656
656
656
656
656
656
656
656
656
656
549
656
656
656
491
656
656
656
656
656
656
656
656
656
411
656
656
509
656
541
656
656
656
656
656
656
656
656
656
656
562
215
656
656
656
656
527
656
656
656
656
656
656
472
579
479
463
656
656
656
656
443
721
656
1329
656
909
656
656
656
656
656
697
656
656
656
182
656
656
656
656
656
194
656
656
656
656
656
165
656
656
656
656
656
656
656
656
656
656
656
656
189
367
656
2013
656
656
656
656
188
656
656
656
391
656
656
656
453
656
656
656
656
656
656
656
656
656
656
656
656
656
656
656
656
177
656
656
183
656
656
656
656
656
656
656
656
656
656
656
656
656
656
656
656
656
656
656
656
656
656
656
656
656
656
656
656
813
656
656
656
656
656
692
656
656
656
656
656
656
656
656
656
656
656
656
656
656
656
656
656
656
656
538
656
656
656
789
656
656
656
656
656
656
656
264
427
656
656
702
656
656
656
656
656
656
656
656
656
656
249
676
656
656
656
656
656
656
656
656
656
656
656
656
656
656
656
656
656
656
656
464
508
656
656
656
231
656
556
656
656
656
656
656
656
656
656
656
656
656
656
656
656
656
167
656
656
668
656
656
280
656
656
656
476
656
656
262
645
761
656
656
656
501
454
656
656
656
656
656
656
656
656
656
656
656
656
656
656
458
208
656
306
656
656
656
656
656
656
656
656
656
656
656
475
656
656
656
656
468
656
656
656
656
656
656
656
656
656
656
656
656
656
656
656
656
656
656
656
656
656
656
656
656
656
656
656
656
656
656
656
656
1277
656
656
656
656
646
656
656
656
656
656
656
656
656
656
656
656
656
656
656
656
656
656
656
656
656
588
656
656
656
656
656
656
656
656
656
656
656
656
656
656
455
656
616
656
656
656
656
492
656
656
505
656
656
656
656
547
656
249
656
656
656
591
656
656
656
656
656
656
656
656
656
656
656
656
168
656
656
656
656
656
656
656
656
656
656
301
656
656
656
656
656
656
656
656
656
656
656
656
656
475
656
656
656
656
656
656
873
765
656
656
656
656
656
656
774
656
656
302
876
616
656
656
656
656
659
230
656
656
656
182
656
656
656
656
656
656
656
656
656
656
566
656
450
511
656
656
656
656
656
656
656
656
656
656
656
656
656
656
656
292
538
656
656
656
455
656
656
656
456
656
656
631
656
656
656
539
348
656
656
656
656
656
656
656
475
656
656
656
656
540
656
656
656
656
656
656
656
656
656
656
656
656
212
656
656
656
656
656
357
656
178
656
656
656
656
656
656
656
656
656
445
656
656
656
656
465
656
656
656
656
656
568
656
656
656
656
656
656
656
656
656
656
656
656
656
656
656
165
656
656
656
656
656
656
656
656
656
656
656
407
656
656
656
656
656
656
656
656
656
656
656
656
656
508
656
656
656
656
656
656
656
656
656
656
656
656
656
194
656
656
656
656
656
656
656
656
656
656
656
656
512
656
656
656
656
656
656
656
656
656
656
656
656
656
656
656
656
656
656
656
656
656
656
656
656
656
656
656
656
656
656
656
448
656
656
475
656
656
656
656
656
656
656
656
1044
656
656
656
656
656
656
656
188
656
656
656
465
656
656
656
656
656
656
656
656
656
656
624
733
656
656
656
656
656
656
656
656
656
656
656
201
720
656
656
656
656
656
656
656
656
656
656
475
656
656
656
656
656
656
656
656
656
656
656
656
300
656
656
563
656
656
656
656
656
656
656
656
656
656
656
264
656
656
656
656
656
656
448
656
656
656
656
656
656
656
656
656
656
656
656
656
656
656
656
656
656
656
656
656
656
656
500
656
656
656
656
656
656
656
656
656
656
656
656
656
277
656
656
656
656
656
656
656
656
656
656
171
656
656
656
656
656
656
656
656
656
656
656
656
484
656
656
449
363
656
656
656
656
656
485
473
656
656
656
656
656
292
656
656
656
656
656
656
656
656
656
656
656
656
656
656
656
656
656
656
164
656
656
656
656
656
656
656
656
656
656
656
656
656
656
446
656
656
656
656
656
656
656
353
656
656
348
656
572
656
656
474
656
542
656
513
656
656
656
630
656
348
656
656
656
563
355
656
656
656
656
656
656
656
656
656
656
656
656
664
480
656
521
656
656
656
656
656
323
656
656
773
656
656
656
182
656
656
656
656
656
656
656
656
656
656
656
488
413
656
656
656
656
409
656
656
656
656
656
656
656
656
656
656
656
656
656
656
656
656
656
656
656
213
497
662
656
656
656
656
656
656
656
656
656
656
656
656
656
656
656
656
656
656
496
656
656
656
656
656
519
656
656
656
656
656
656
656
656
568
656
555
656
656
664
656
656
656
656
656
264
656
656
656
656
656
656
656
656
656
656
656
656
656
208
656
656
656
465
656
656
656
656
656
656
656
656
656
656
656
656
656
656
656
656
656
656
656
656
656
656
656
656
656
656
656
656
656
656
656
656
656
251
656
656
656
656
656
656
656
656
331
656
656
656
656
656
656
177
686
656
656
656
656
656
656
430
466
656
656
656
656
656
656
385
656
656
656
656
656
656
334
656
656
656
656
656
432
656
656
656
656
656
656
656
656
656
656
656
656
656
656
656
656
656
656
656
656
656
656
167
656
436
656
656
434
656
998
639
656
656
656
419
656
656
656
656
656
656
656
349
580
656
656
656
656
656
656
435
167
656
656
656
656
656
656
656
656
656
561
656
656
410
656
656
656
656
656
437
656
656
656
656
656
667
388
656
656
656
656
656
520
656
656
656
656
656
656
656
656
656
656
656
656
656
716
433
656
656
656
656
656
656
656
656
656
656
656
464
656
441
656
656
656
656
248
656
656
656
656
710
656
607
656
656
1106
656
420
656
656
656
656
656
579
656
656
656
656
656
656
656
656
656
656
656
656
174
656
656
588
656
656
656
656
656
656
656
656
656
656
496
656
656
656
656
719
656
171
656
656
656
656
656
656
381
656
656
656
483
403
656
587
656
656
656
502
441
656
656
656
656
656
656
656
656
656
656
656
656
656
656
376
656
656
457
656
656
656
656
656
656
656
656
656
656
457
492
656
656
656
656
656
656
656
656
656
656
656
656
656
656
656
656
656
656
656
656
656
656
656
656
656
656
656
513
656
656
656
656
656
656
656
656
656
656
656
656
656
656
656
656
656
656
656
656
656
421
656
173
656
656
452
656
656
656
656
544
656
656
656
656
656
656
656
656
656
656
656
656
656
656
887
656
656
699
656
656
656
656
656
656
164
656
656
656
656
656
656
656
656
213
509
656
656
656
656
656
489
171
656
487
656
656
656
656
656
656
656
192
656
500
656
656
656
656
656
656
656
656
175
656
656
656
656
656
656
656
656
656
656
656
656
545
656
656
656
656
656
656
478
656
656
656
513
233
465
652
656
656
479
656
656
656
656
656
604
656
535
211
822
656
656
727
656
656
656
656
656
656
656
656
656
656
656
656
684
656
656
656
656
656
495
656
800
656
656
656
656
656
656
656
656
376
656
656
656
656
656
165
656
656
656
656
656
488
656
191
656
656
656
656
656
656
656
656
558
656
502
656
656
656
526
656
656
656
656
656
656
656
656
656
656
367
656
656
616
656
656
637
656
410
656
656
656
656
461
656
656
656
656
656
1303
656
656
656
656
656
656
656
656
656
410
656
288
656
656
656
656
170
656
656
656
656
656
656
656
656
656
656
656
656
656
656
656
656
656
656
656
656
656
656
656
656
656
656
344
656
656
656
656
656
656
656
656
505
656
389
656
656
656
656
656
656
656
656
656
656
656
656
656
656
656
656
512
656
656
656
656
656
656
656
656
656
656
656
656
656
656
656
656
656
656
656
656
656
362
656
656
656
656
656
656
656
656
553
656
656
656
656
656
656
656
523
202
656
656
656
656
656
656
656
656
656
656
656
656
656
553
656
656
656
494
379
656
656
656
656
656
656
656
656
656
656
656
656
656
656
656
656
642
656
656
656
656
656
483
656
656
656
656
656
656
361
656
656
656
541
656
656
656
656
656
600
656
656
656
656
656
656
506
656
656
734
656
656
656
656
656
656
656
656
656
1206
545
656
656
656
656
556
656
389
656
656
494
656
656
656
656
656
183
656
656
656
656
656
656
656
656
656
656
656
656
656
572
656
590
656
656
167
656
656
656
656
656
656
656
656
543
523
656
656
656
656
431
656
656
326
656
656
958
656
656
656
656
656
656
656
656
656
656
656
656
656
656
656
450
656
656
656
457
656
656
656
656
608
656
656
656
656
656
656
656
656
656
656
656
656
656
656
656
656
656
656
656
656
656
212
656
656
218
656
956
656
656
656
656
656
656
656
513
656
656
656
656
656
656
656
656
656
656
656
656
656
656
656
656
656
656
656
656
656
444
656
656
656
656
656
656
656
656
656
656
656
656
656
656
656
656
659
656
656
173
656
656
656
656
656
656
656
473
656
656
656
656
656
656
656
656
656
656
656
656
656
656
374
656
656
656
656
656
656
656
656
656
656
656
656
458
656
656
656
656
656
656
369
656
656
656
656
656
475
656
656
656
656
656
656
656
656
656
632
656
656
656
656
656
656
656
656
656
656
656
656
656
656
656
656
656
656
656
656
656
656
656
656
423
656
165
656
656
656
656
656
656
656
656
559
656
656
656
656
280
346
656
656
656
656
656
656
172
656
656
656
656
656
656
656
656
656
656
656
656
656
656
656
456
656
656
656
656
656
656
656
656
656
656
196
554
656
656
550
656
656
656
656
656
656
656
656
656
656
656
656
656
656
656
656
656
656
656
656
656
656
656
656
656
656
656
656
656
656
656
656
656
656
656
164
656
656
527
656
656
656
656
656
656
656
656
656
656
656
656
656
656
656
656
656
656
656
656
656
656
656
656
656
456
656
656
656
656
656
656
656
656
656
656
656
656
656
656
656
656
656
656
656
656
656
656
656
656
656
424
656
656
656
656
656
656
656
656
656
656
656
656
656
656
656
656
656
656
656
656
656
656
656
656
656
656
433
656
656
488
656
656
656
656
656
656
656
656
656
656
656
771
656
656
656
656
656
656
627
656
656
656
656
656
656
656
656
656
656
656
656
656
316
656
656
656
656
656
656
656
656
656
656
656
656
656
656
656
656
656
656
656
656
656
656
656
656
656
656
656
656
656
656
656
656
656
656
656
656
656
656
428
656
656
656
656
656
656
656
582
656
656
656
656
656
656
656
656
656
656
656
656
656
656
656
656
656
656
656
509
272
656
656
656
656
656
656
656
656
1912
656
656
656
656
656
656
656
656
656
656
656
656
656
656
656
656
656
656
631
656
656
656
656
656
656
516
656
656
656
656
578
656
656
656
551
656
656
656
656
656
656
656
656
656
656
439
656
656
656
656
656
656
537
656
656
656
656
656
656
656
656
656
656
656
656
656
656
656
656
397
656
656
656
656
656
656
656
656
656
656
656
656
656
656
262
656
656
656
656
656
656
656
566
488
656
656
656
656
656
656
656
656
656
525
656
656
536
656
656
656
656
516
656
656
656
656
434
656
656
656
656
656
656
656
656
656
656
656
436
656
656
656
656
1066
656
656
656
656
656
656
656
656
656
656
656
656
656
656
656
656
491
656
656
656
656
656
656
656
656
656
656
656
656
656
656
656
656
656
656
656
656
656
186
656
656
656
656
656
656
656
656
656
656
656
656
656
656
656
656
455
518
656
656
656
656
656
387
656
656
656
656
656
174
656
656
656
656
656
656
656
656
656
656
656
656
656
656
656
656
796
656
656
656
656
656
656
656
656
656
656
656
656
928
656
656
656
656
656
656
656
510
656
656
656
219
656
656
571
656
656
656
656
656
656
656
656
656
501
656
656
656
656
656
656
656
656
212
656
656
656
656
656
656
656
656
656
656
656
656
507
656
656
656
180
656
656
656
656
656
656
656
656
656
656
656
656
656
656
656
656
656
656
656
656
656
513
656
656
656
656
656
414
656
656
272
656
656
656
656
656
656
656
656
656
656
656
222
656
644
656
656
656
656
656
656
656
656
656
656
656
454
810
656
656
656
656
656
656
656
656
656
656
656
656
656
656
656
656
228
656
656
656
656
656
656
656
656
656
505
656
656
656
656
656
656
656
656
656
656
656
656
656
656
656
458
656
656
656
565
656
656
656
656
656
656
656
187
656
656
656
656
656
656
656
656
656
656
656
982
656
656
656
656
656
656
656
656
656
656
656
656
656
656
656
656
656
656
656
656
656
533
656
167
656
656
656
656
656
656
656
656
656
656
656
656
656
656
656
656
656
656
656
656
656
656
656
656
656
656
656
656
656
656
656
656
656
656
656
656
827
656
580
566
656
656
656
656
656
656
656
656
656
656
656
656
656
656
656
656
656
656
656
656
656
656
656
656
656
656
656
351
656
656
656
656
656
656
656
656
462
656
656
656
656
656
656
656
656
656
656
171
656
656
656
535
656
656
656
656
656
656
656
656
656
656
656
656
480
656
174
656
656
656
656
656
656
656
385
656
656
656
656
656
656
656
656
455
656
656
656
656
656
656
656
656
656
656
656
656
656
656
656
656
462
656
656
656
656
656
656
656
656
656
656
596
656
656
656
656
656
656
656
656
656
656
656
656
656
656
656
656
656
656
656
656
168
656
656
656
912
656
656
487
656
656
656
656
656
340
656
656
656
656
656
656
656
656
656
656
656
656
666
656
656
219
656
528
656
656
656
656
656
656
215
656
656
656
656
656
656
656
656
656
656
178
656
656
656
656
656
656
656
656
656
656
656
656
656
656
656
656
470
656
656
656
656
656
656
656
656
656
656
656
656
656
166
656
656
656
656
656
656
656
656
656
656
656
362
463
656
656
656
656
656
656
656
599
656
656
656
656
656
656
656
656
656
656
616
172
656
656
656
656
741
656
656
656
656
656
656
656
656
656
656
656
656
656
656
656
656
656
656
656
480
656
656
656
470
656
656
656
656
656
656
656
656
656
456
656
656
656
913
442
656
656
656
479
656
656
656
718
656
656
656
656
1325
656
656
656
656
656
656
656
656
656
656
656
656
656
656
656
656
656
656
656
656
656
656
656
656
656
656
656
656
656
656
656
656
656
656
656
172
656
656
656
656
656
338
656
656
656
656
656
656
656
656
656
656
404
172
656
656
656
166
656
656
656
656
656
656
656
656
656
656
656
656
656
656
656
550
656
558
656
656
656
656
656
656
656
656
656
656
656
656
656
656
656
656
656
656
417
656
656
534
656
656
656
656
539
656
656
656
656
656
656
656
656
656
656
656
656
656
656
656
616
656
656
656
168
656
656
656
656
656
592
656
656
656
656
656
656
656
566
656
656
303
656
656
656
656
656
656
165
656
656
656
656
395
656
656
656
656
656
656
656
656
656
656
487
656
656
656
656
656
656
656
263
656
656
656
534
656
526
656
656
656
656
656
277
656
656
444
656
656
627
656
656
656
656
656
656
743
656
656
656
656
656
656
656
656
656
656
656
528
656
656
656
656
656
199
656
656
656
656
656
656
402
656
656
656
656
656
656
656
656
656
656
656
656
656
656
656
656
656
656
656
656
656
1282
656
656
528
656
656
656
656
656
656
656
656
656
250
656
656
656
656
656
656
656
656
1624
656
656
656
656
656
656
171
656
496
656
656
656
656
656
656
656
656
656
656
656
656
656
656
491
656
656
656
656
656
656
656
656
656
656
656
656
656
525
656
656
656
656
656
656
656
656
656
656
656
656
656
656
656
656
656
656
656
422
656
656
656
656
656
656
656
656
656
656
656
656
656
656
656
656
656
656
249
656
656
656
656
656
656
656
656
656
656
656
656
656
656
656
656
656
656
656
656
656
541
656
656
656
656
656
656
656
554
656
656
656
656
592
656
656
656
656
656
656
558
656
691
656
202
656
656
656
656
656
656
656
656
591
656
656
656
656
656
656
656
174
656
656
429
656
656
656
656
656
488
656
656
656
656
656
656
656
656
656
656
656
656
656
656
656
656
656
656
656
656
656
656
554
656
656
656
656
656
455
656
656
656
656
656
656
656
656
656
656
656
656
656
656
656
656
656
656
656
656
656
656
656
656
656
656
656
656
656
656
656
656
656
656
364
656
656
656
656
656
656
656
211
656
293
656
656
656
656
656
656
656
656
656
656
656
656
656
656
656
656
656
656
656
656
656
656
656
656
656
656
656
656
656
656
656
656
656
656
656
656
656
656
656
656
656
656
656
656
656
656
656
656
656
656
656
656
656
656
656
656
656
656
656
656
656
656
656
656
656
656
656
656
656
171
656
656
656
656
656
656
656
656
656
656
656
656
656
656
656
656
656
656
656
656
656
531
656
656
656
656
429
656
656
656
656
656
656
656
656
425
656
656
656
337
656
656
656
656
656
656
656
656
495
656
656
656
681
766
656
656
656
535
490
228
656
656
656
656
460
656
656
656
656
656
656
656
656
656
656
656
656
656
656
656
656
656
656
656
656
656
656
656
656
656
656
656
656
656
656
656
656
656
656
656
656
656
656
656
656
656
228
656
656
656
656
656
656
656
656
656
656
656
656
656
656
656
656
656
656
656
656
656
656
649
656
523
656
656
656
656
656
656
656
656
656
656
656
656
656
656
656
610
656
656
656
656
656
656
187
656
656
359
656
656
376
656
656
656
656
656
656
656
656
656
656
656
656
656
656
656
656
656
656
656
656
656
656
553
656
231
656
656
656
656
267
656
656
656
656
656
656
656
656
656
656
210
656
197
565
656
656
656
656
656
656
656
656
369
656
656
656
656
656
656
656
656
656
656
656
656
656
656
656
656
656
554
656
656
656
171
656
656
656
656
656
656
656
656
656
656
656
656
656
656
656
656
656
656
656
656
656
656
656
656
656
656
656
656
656
656
656
656
656
656
656
656
168
656
656
656
656
656
656
656
656
656
656
656
656
656
656
656
656
656
426
164
656
472
656
656
656
656
656
656
656
656
656
656
656
656
656
656
656
656
656
656
656
656
942
656
294
490
656
656
656
656
656
656
656
656
656
200
656
656
656
656
656
656
656
656
656
656
656
656
656
656
656
656
656
656
656
656
656
656
656
656
656
656
656
656
656
656
656
656
656
656
656
656
656
656
656
656
656
656
656
656
656
656
415
656
656
656
656
656
656
656
656
656
656
435
656
656
656
656
656
656
656
656
656
656
656
656
656
656
656
656
656
656
656
656
392
164
656
656
656
656
656
656
656
656
656
656
656
387
656
656
656
656
656
656
656
656
656
656
656
656
656
656
537
656
656
656
656
656
656
656
886
803
656
656
656
656
656
656
656
656
656
656
656
656
656
656
656
656
656
656
656
656
656
656
656
656
656
656
656
656
656
656
340
656
656
656
656
656
656
656
656
656
656
656
656
656
656
656
656
656
656
656
656
656
656
656
656
656
656
656
656
656
656
656
656
164
656
656
656
471
171
656
656
656
656
656
656
656
656
656
656
656
656
656
656
656
656
656
537
656
658
656
656
656
656
656
656
656
656
656
656
656
656
656
656
656
656
656
656
656
656
656
592
656
656
656
656
656
656
656
656
656
551
656
656
656
656
656
656
656
656
656
656
656
656
685
656
656
656
656
656
656
656
510
656
656
656
656
656
656
656
656
656
656
656
656
656
656
656
656
656
656
656
656
656
820
656
656
656
656
656
656
656
656
656
656
656
656
656
656
656
252
656
656
656
656
656
656
656
656
656
656
656
656
656
656
656
656
656
656
656
656
656
656
656
656
656
656
656
656
400
656
656
656
656
656
656
656
656
656
656
656
656
656
656
656
575
656
656
656
656
656
656
656
656
656
656
656
184
656
656
656
656
656
656
656
656
656
656
656
656
656
656
656
656
656
404
656
656
656
666
656
656
656
656
656
656
656
656
656
656
656
656
656
656
656
656
656
656
656
656
656
656
656
656
656
656
656
656
656
656
656
458
656
319
174
656
656
656
656
656
656
656
656
656
208
656
656
656
656
656
656
656
656
656
727
656
656
656
656
656
656
656
656
656
656
656
656
1058
656
656
656
656
656
656
656
656
452
656
656
656
656
656
656
656
656
656
656
656
835
656
656
656
656
656
656
656
656
440
656
656
656
656
656
656
656
656
656
656
656
656
656
656
656
529
656
656
656
656
656
656
656
656
656
656
656
656
656
656
656
656
656
656
656
593
656
656
656
656
656
656
656
656
656
656
656
656
656
656
656
656
656
656
656
656
398
656
656
656
656
656
656
656
656
656
656
272
656
656
656
656
656
656
656
656
656
656
656
656
656
656
656
656
656
656
656
656
656
184
656
656
656
656
656
656
656
656
656
656
656
656
656
656
960
656
656
656
656
429
656
656
656
280
656
656
382
656
656
656
656
656
656
234
656
656
656
656
656
656
656
656
656
656
656
656
656
656
656
656
656
656
656
656
656
656
656
656
656
656
656
656
656
656
656
656
656
656
656
656
656
656
656
656
530
607
656
656
656
656
656
656
656
656
656
656
324
656
656
656
656
656
656
656
656
247
656
656
479
656
433
656
656
656
656
656
656
656
656
656
656
656
656
656
656
656
656
656
656
432
656
656
656
656
656
656
656
293
656
656
656
656
656
656
656
656
656
656
656
656
656
656
656
656
656
656
656
656
656
656
656
656
656
656
656
344
656
656
656
656
656
656
656
656
656
656
656
656
1130
656
656
656
656
656
656
656
656
656
656
656
656
656
656
656
656
656
656
656
656
656
656
656
195
656
656
656
656
656
656
656
656
656
656
656
656
656
656
656
656
656
656
656
656
656
656
656
656
656
656
656
656
656
656
656
656
656
656
656
656
656
656
656
656
656
656
656
656
656
246
656
656
656
656
656
656
656
442
656
656
656
656
656
656
656
656
656
656
656
656
656
449
433
656
656
656
656
269
656
656
656
656
656
656
656
656
656
656
656
656
656
656
656
656
656
656
656
656
656
656
656
656
656
656
656
656
656
656
656
656
471
656
656
656
656
656
219
656
656
656
656
656
656
656
656
656
656
656
656
656
656
656
656
656
656
656
656
656
656
656
656
656
656
460
656
656
656
656
656
656
656
656
656
656
656
656
656
656
656
656
656
656
656
656
656
656
656
656
656
656
656
1077
656
656
656
656
656
656
656
656
656
656
656
656
656
656
656
656
503
656
656
656
656
656
656
656
656
656
656
656
656
656
656
656
656
656
656
656
656
656
656
656
656
656
656
656
656
656
656
656
656
656
187
342
656
656
656
656
656
656
656
656
656
656
656
656
656
656
656
656
656
656
656
455
656
656
656
656
656
656
656
656
656
656
656
656
656
656
656
656
656
656
656
656
656
656
656
656
656
656
656
1685
656
656
656
656
656
656
656
656
656
656
656
656
656
656
656
656
656
656
656
164
656
656
354
656
656
656
656
656
656
656
656
656
656
656
173
656
656
373
656
656
656
656
656
656
656
656
656
656
656
656
656
656
656
656
656
656
656
656
656
656
656
656
656
656
656
656
656
656
656
656
656
656
656
656
656
656
501
656
656
656
656
656
656
656
656
656
656
193
656
656
656
656
656
523
656
656
656
656
656
656
656
656
656
656
656
656
656
656
656
656
656
656
656
656
656
478
656
656
656
656
542
656
656
656
656
656
656
656
656
656
656
656
656
656
725
656
656
656
656
656
520
656
353
656
656
656
656
656
656
656
656
656
389
656
656
656
656
656
656
656
656
656
656
656
516
656
656
656
656
656
656
656
656
656
656
656
656
656
656
656
656
656
656
656
656
479
656
656
656
656
656
656
656
656
656
507
656
656
656
656
656
656
656
656
656
656
656
656
483
656
656
190
656
656
656
656
656
656
656
656
656
656
656
656
656
656
484
656
656
656
656
565
656
656
656
656
656
656
656
656
656
656
656
656
656
656
656
656
566
656
656
656
656
656
656
656
656
656
656
656
656
398
656
656
656
656
656
656
656
656
656
656
656
489
656
656
656
656
656
656
656
656
656
656
656
656
656
656
656
656
656
656
656
656
656
656
656
656
656
656
656
656
656
656
656
656
656
656
656
656
444
656
656
656
656
656
656
656
656
656
656
656
656
656
656
656
656
656
656
656
656
656
656
656
656
656
656
656
656
656
656
656
662
656
656
656
656
656
656
411
656
656
656
586
656
656
656
656
259
656
165
656
656
656
656
656
656
656
656
656
656
656
656
656
304
656
656
656
656
656
656
656
656
656
656
656
656
656
656
656
656
656
656
656
656
656
656
656
656
656
656
656
656
656
656
656
656
656
656
656
656
656
656
656
656
656
656
656
656
656
656
656
656
656
656
656
656
656
656
656
656
656
656
505
656
656
656
656
349
656
656
656
656
656
656
656
656
656
656
361
656
656
656
656
656
656
656
656
656
656
656
656
656
656
656
656
656
656
754
656
656
656
656
341
656
656
656
172
656
656
656
656
656
656
656
656
656
656
656
656
656
656
656
656
656
656
656
656
656
656
656
656
656
656
656
656
656
656
656
656
656
656
656
755
994
656
656
656
202
656
656
656
656
656
656
656
656
656
656
656
656
656
656
656
656
656
656
656
656
656
656
656
656
656
656
510
656
656
656
656
656
656
656
656
656
656
656
656
656
508
656
656
656
656
656
656
656
656
656
656
656
656
656
656
656
466
656
656
656
656
656
656
656
656
656
656
292
656
527
656
656
656
656
656
656
568
656
656
656
656
656
656
656
656
656
656
656
656
656
656
656
656
656
656
656
656
656
656
656
656
656
656
656
656
656
656
656
656
656
656
656
656
656
656
656
656
656
656
656
656
656
656
656
656
656
656
656
656
538
656
544
656
656
656
656
656
656
656
656
656
656
656
656
656
656
656
656
656
656
656
656
656
656
656
656
656
656
394
656
656
485
656
656
656
656
656
656
656
656
656
656
656
656
656
656
656
459
656
656
656
656
656
656
656
656
656
656
184
656
656
656
656
656
656
656
673
656
656
656
656
656
656
656
656
656
656
656
656
656
656
656
656
656
176
656
515
656
656
656
656
656
526
656
656
656
656
656
329
656
656
656
656
656
629
656
656
656
656
656
656
656
656
656
515
656
656
656
656
656
656
656
656
656
656
656
656
656
656
656
656
656
656
656
656
656
656
656
656
656
656
656
656
656
656
656
656
656
1180
656
656
656
656
656
501
656
656
656
656
656
656
656
656
656
656
656
656
656
656
656
656
656
656
656
656
656
656
656
656
656
656
656
656
656
656
656
656
656
656
656
656
656
656
656
656
656
656
656
656
656
656
656
656
656
656
656
656
656
656
656
656
656
656
656
656
656
656
656
656
656
656
656
656
656
656
656
656
656
656
656
656
656
656
656
656
656
656
656
656
656
656
686
656
656
656
656
602
656
656
656
656
656
656
656
656
656
656
656
656
656
656
656
656
656
656
656
656
262
656
656
656
656
656
656
656
548
656
656
656
656
656
656
656
656
656
656
656
656
656
656
656
656
359
656
656
656
656
656
656
656
656
656
656
656
531
656
656
656
656
656
656
230
171
656
656
656
656
656
656
656
656
656
656
656
656
656
656
656
656
656
199
656
656
656
656
656
656
260
656
656
656
656
249
656
656
656
656
656
656
656
656
656
656
656
656
656
410
656
656
180
656
656
656
656
656
656
656
656
656
656
656
656
656
656
656
656
656
656
656
656
656
656
656
656
656
656
656
656
656
656
656
656
656
656
656
656
656
656
215
656
656
656
656
656
656
656
656
656
656
656
656
656
656
656
656
656
656
656
656
656
656
656
656
656
656
656
656
656
656
656
656
656
656
656
743
656
656
656
741
656
656
291
656
656
656
656
656
656
656
656
656
656
656
656
656
656
412
656
656
656
656
656
656
656
656
656
656
656
656
656
656
656
656
656
656
656
656
656
656
656
656
656
656
656
656
656
656
656
656
656
656
656
656
656
656
656
656
656
656
656
656
656
656
656
656
656
656
656
656
656
656
656
656
656
656
656
404
656
656
656
656
656
656
656
656
656
656
656
656
656
656
656
656
656
656
656
656
656
656
656
656
656
656
656
976
656
656
656
656
656
656
656
656
656
656
656
656
656
581
656
656
656
656
171
656
656
656
656
656
656
656
656
656
656
656
656
656
656
656
656
656
656
656
656
656
656
656
656
656
408
656
656
656
656
656
656
656
656
656
656
656
656
656
656
656
656
656
656
656
656
656
656
656
656
656
656
656
656
656
656
656
656
656
656
656
656
656
656
656
656
656
656
179
656
656
656
656
656
656
656
555
656
656
656
656
261
656
656
656
267
656
777
656
656
656
186
656
656
656
656
656
656
656
656
336
656
656
656
656
656
656
656
656
656
656
656
656
656
656
656
656
656
656
656
656
919
656
656
656
656
656
656
656
656
656
656
656
656
656
656
656
656
656
656
656
656
656
414
656
656
656
656
656
656
656
332
656
656
656
656
656
656
656
656
656
656
656
656
656
656
656
656
656
656
656
656
656
656
656
656
656
656
656
656
656
656
656
656
656
656
656
656
656
335
656
656
656
656
656
656
656
656
656
656
656
656
656
656
656
656
656
656
656
656
328
656
656
656
656
656
656
656
656
656
656
656
656
656
656
656
656
656
656
656
656
656
656
656
656
656
656
656
656
656
656
656
656
656
656
656
656
656
656
656
656
656
656
656
656
656
404
656
656
656
656
656
656
656
656
656
656
656
656
656
656
656
656
656
656
656
656
656
656
523
656
656
656
656
656
656
656
656
656
656
656
656
656
656
656
656
399
656
656
656
656
656
656
656
656
656
656
656
656
656
656
656
656
656
656
656
656
656
656
656
656
656
656
656
656
656
656
656
656
656
656
656
656
656
656
656
399
656
656
656
656
656
656
164
656
656
656
656
656
656
656
656
656
656
656
656
656
656
656
656
656
656
656
656
656
181
656
656
656
656
203
656
656
656
656
656
656
656
656
656
656
656
656
656
656
656
656
656
656
656
656
656
656
656
656
319
656
656
656
656
656
656
656
656
656
656
656
656
656
656
656
656
656
656
414
656
656
656
467
656
656
656
656
656
656
656
656
656
656
656
656
656
656
656
656
656
656
656
656
656
656
656
656
656
656
656
656
656
656
656
656
656
656
656
656
656
656
656
656
656
656
656
656
656
656
209
656
656
656
656
656
656
656
536
656
656
656
656
656
656
656
656
656
656
656
656
656
656
656
656
656
656
656
656
656
656
656
656
656
656
656
656
656
656
656
656
656
656
656
656
656
656
656
656
656
656
656
656
656
325
656
656
656
656
656
656
656
656
177
656
656
656
656
656
656
656
656
656
656
656
656
656
656
656
656
656
656
656
656
656
656
362
656
656
656
656
656
656
656
656
656
656
656
656
656
656
656
656
656
438
656
656
656
656
656
656
656
656
656
656
656
656
656
572
656
656
656
656
656
656
656
656
656
656
656
656
656
656
656
656
656
656
656
656
745
534
656
656
656
656
656
656
656
656
656
656
656
656
656
656
656
656
656
656
656
656
656
656
656
656
563
656
656
656
656
656
656
656
656
656
656
656
656
656
656
656
656
656
656
656
656
656
266
656
656
656
656
656
164
656
732
656
269
656
656
656
656
656
656
656
656
656
656
656
576
656
656
486
656
656
656
656
656
656
656
656
656
362
544
656
656
656
656
656
656
656
656
656
656
656
656
656
656
656
656
656
656
656
501
656
656
656
656
656
656
656
656
656
656
656
656
656
656
656
656
656
656
656
656
656
656
656
656
656
656
656
656
656
906
656
656
656
656
671
557
656
656
656
656
656
656
656
656
656
656
656
656
656
656
734
656
656
656
