852
1159
742
1229
827
1298
1337
577
969
1077
1304
1018
1111
824
715
1220
561
1000
1225
961
762
1092
961
650
1091
3870
1384
503
1199
2192
817
911
818
1254
951
937
1333
955
758
2075
1416
2422
755
879
1035
2352
934
771
1393
714
824
815
726
839
930
771
668
605
597
1424
2071
1923
501
812
509
1515
540
718
733
1243
648
739
1145
499
817
1876
2779
603
1132
524
2283
768
977
916
774
519
1426
1507
1715
800
2333
629
768
1610
568
530
724
997
824
698
999
992
681
1650
511
990
1352
742
870
7126
751
586
1509
700
898
1632
788
1508
3169
522
925
565
2381
494
1034
692
691
542
2828
773
503
1597
526
843
553
506
1581
1214
494
970
505
550
866
1020
499
1514
1129
1166
913
4981
799
700
806
1052
525
1032
567
1427
1075
716
504
674
514
2573
1375
531
586
749
681
1429
10553
1120
555
589
504
862
1460
545
690
561
723
1062
747
550
2864
1449
1147
911
682
739
499
496
882
522
521
1192
427
541
864
790
773
1054
1210
518
522
1674
501
949
715
493
689
658
1024
731
547
518
489
1085
1046
555
547
1070
656
1376
927
767
512
497
759
622
965
860
1188
769
1491
569
786
6687
769
1925
1067
527
537
778
577
518
794
747
884
813
819
496
873
777
539
531
559
672
1274
802
504
5405
778
809
481
557
759
513
599
488
498
916
957
540
490
972
1443
506
479
533
1293
788
764
1866
821
694
699
719
672
540
512
699
818
729
627
532
519
1559
614
498
505
1117
652
528
911
566
492
1540
457
601
493
707
706
889
2071
1104
757
541
496
624
745
617
634
750
610
1091
811
607
831
843
1138
1763
904
947
719
511
636
487
639
520
664
543
1822
628
780
998
814
535
555
648
1540
438
497
1361
550
1018
915
990
524
1086
2117
1161
557
1067
493
475
523
595
14652
830
488
543
602
463
504
486
631
726
470
539
2642
993
616
656
681
663
785
759
661
886
672
545
1518
829
718
502
836
599
786
783
1424
501
794
996
501
1001
928
664
4260
592
694
508
1896
479
465
483
566
777
498
870
484
700
520
910
751
618
520
1925
852
669
720
477
515
747
1964
641
689
931
747
1234
801
616
460
2775
3165
457
458
479
662
1519
561
627
685
495
516
1696
498
498
621
508
522
814
1250
963
940
702
1045
848
588
849
569
783
1119
455
839
669
736
702
741
489
501
663
5902
523
454
771
969
628
1138
494
459
803
895
469
918
448
556
527
750
601
699
1364
647
499
527
647
889
493
496
544
1089
673
663
473
546
671
702
770
452
730
1163
1337
624
860
2156
1577
555
655
831
654
433
569
484
635
500
664
475
864
751
988
473
640
565
741
640
470
1410
568
476
809
1787
448
933
931
689
1582
468
743
437
728
1198
2442
483
665
730
1286
519
811
454
467
853
517
6724
469
758
539
473
498
799
651
579
491
438
1450
1480
592
773
660
463
1301
1039
841
973
779
803
483
850
753
713
685
559
695
683
537
880
705
763
625
732
905
451
612
880
449
767
736
1024
635
483
1131
626
669
699
723
600
428
562
649
777
605
623
929
469
696
676
460
455
452
1070
763
814
686
707
2910
4911
625
674
767
1472
488
641
771
519
979
706
603
1439
4911
548
749
893
5999
492
625
739
782
681
1357
680
631
987
484
485
652
733
761
540
697
937
699
429
719
674
776
1464
497
516
485
767
478
899
626
501
436
1122
428
957
691
840
732
810
831
686
918
4378
706
622
868
778
830
782
622
449
880
2587
5902
728
949
851
446
611
436
757
812
836
662
752
663
470
538
581
438
722
469
558
478
1292
805
724
652
2381
750
738
457
1135
468
436
738
516
831
492
721
715
464
568
1735
450
712
686
557
1184
456
515
1347
864
412
589
712
5902
1705
660
525
663
660
688
612
539
630
671
794
656
712
724
682
610
513
1682
729
472
615
461
678
875
924
709
697
889
490
1726
696
493
1609
540
485
2200
2587
454
491
744
635
422
973
461
434
1785
832
779
879
735
509
505
938
2052
464
763
665
817
2426
659
592
663
1220
714
459
787
524
585
673
955
1147
667
488
487
465
801
589
736
636
1969
419
448
458
519
437
462
985
1020
500
995
814
880
767
847
654
1653
505
894
688
2480
679
663
800
598
437
560
680
552
748
731
609
456
594
413
494
695
829
1749
503
441
466
880
1758
495
696
2012
462
475
460
666
529
470
668
491
646
667
440
817
907
771
842
455
851
1018
1180
520
774
629
463
451
510
720
471
1241
1161
774
653
770
1068
576
434
559
461
565
471
471
944
639
809
458
972
425
533
475
538
585
632
460
1224
438
471
479
423
714
806
832
706
597
737
764
802
601
674
484
587
961
523
634
429
495
696
812
700
823
855
816
461
893
633
399
806
870
10553
796
475
564
541
563
580
718
613
843
868
454
637
592
2592
848
1254
815
798
724
546
464
613
1477
505
918
648
687
547
1361
1177
626
864
477
795
1212
802
462
463
499
442
682
649
520
650
672
665
460
519
444
428
625
569
508
709
2587
599
451
714
911
473
1079
1034
471
799
514
1588
657
796
1024
708
463
844
889
911
537
462
658
482
631
735
455
580
480
674
903
829
920
665
692
599
624
1439
641
467
654
459
804
550
494
431
1081
691
488
1025
440
1721
438
757
1708
496
557
622
610
566
813
445
473
749
540
699
1245
608
561
694
1481
705
439
489
500
626
522
718
451
1069
751
613
492
716
1687
475
1267
439
738
542
486
587
462
1012
460
528
715
640
434
432
612
1573
774
568
781
503
1418
748
836
537
470
487
934
443
551
663
1175
1095
451
651
845
481
1193
592
573
496
629
519
698
591
2381
431
593
621
731
1022
570
694
455
795
809
448
481
809
619
14652
584
621
691
565
572
477
1063
668
914
561
605
1464
632
428
729
550
645
453
986
571
423
463
510
464
1383
514
630
593
452
422
809
453
717
453
678
588
469
484
467
586
651
490
456
624
497
635
689
663
738
719
1078
627
954
636
904
652
1245
451
708
421
831
567
453
586
634
562
474
438
496
430
2003
540
459
639
624
480
536
451
658
677
419
679
449
829
1014
559
479
678
551
783
501
778
790
549
439
1035
441
520
508
481
2642
1418
1258
440
1341
425
583
530
560
467
416
729
486
1015
927
436
1159
621
450
428
440
517
483
730
528
1079
427
510
1103
1058
428
612
542
667
442
668
575
917
434
443
804
474
440
716
714
642
3870
447
2735
1509
438
517
948
586
488
644
534
810
909
1382
520
453
504
509
441
587
964
832
698
729
720
460
667
483
455
480
632
478
741
3258
502
639
482
899
529
623
1007
629
464
2504
827
715
479
494
1675
435
463
638
2048
461
767
487
473
612
932
724
655
692
749
700
439
575
453
685
1731
453
660
730
637
672
667
692
452
681
1122
416
481
379
968
477
523
456
454
648
635
432
2174
635
629
564
813
507
1065
697
637
869
650
470
509
578
702
464
634
1168
741
494
417
567
483
446
627
471
451
591
641
492
584
562
581
449
531
948
648
600
748
568
775
469
605
1451
928
455
460
439
457
863
429
579
687
704
688
881
456
963
688
443
957
508
437
702
509
1064
461
600
679
945
830
550
493
458
991
407
506
606
453
703
791
605
489
420
617
681
493
696
573
504
703
698
455
444
532
450
655
400
734
636
765
814
578
733
684
1498
796
435
896
691
719
448
521
414
537
660
497
536
596
842
453
1577
651
820
620
1389
467
787
484
1198
438
864
1243
425
748
1390
464
2030
704
431
763
482
433
511
797
1245
699
621
433
633
1024
542
588
470
798
596
582
779
505
3890
583
680
743
606
540
753
696
708
724
1098
1047
491
865
716
481
446
679
4911
470
382
1033
436
683
1044
432
754
682
692
498
473
441
465
730
702
513
467
800
895
611
478
949
929
646
688
505
637
417
462
2235
489
1107
436
610
598
455
1008
642
605
814
650
926
649
674
439
714
428
491
657
536
464
428
749
496
460
623
491
626
652
456
912
1507
422
1763
474
629
465
469
585
586
2311
669
641
437
669
651
655
747
710
476
651
440
469
455
602
540
765
1170
456
447
824
922
402
1152
1106
646
662
595
802
626
475
389
441
690
930
555
476
534
636
1098
577
608
931
758
596
544
452
1002
926
412
641
430
479
423
558
508
1508
697
430
1848
648
458
473
622
445
5902
649
927
448
748
457
621
488
2426
691
590
445
864
683
473
623
447
568
921
836
592
632
764
578
909
449
1210
495
715
628
598
707
434
454
1149
888
439
2587
773
789
861
427
844
1055
537
794
535
431
691
860
496
549
510
473
434
466
429
403
556
453
483
1104
1475
846
414
487
522
660
824
504
470
458
913
406
689
421
844
415
546
721
595
820
526
683
598
824
586
821
685
727
506
455
457
807
629
847
456
612
612
512
494
478
595
1340
732
474
722
720
473
668
785
531
712
640
686
2115
472
419
765
596
502
558
946
1957
734
779
684
440
775
469
763
638
508
677
2333
786
662
421
451
728
606
423
448
767
521
652
620
736
2775
525
817
1776
692
482
593
770
623
1268
443
400
523
437
889
667
580
490
517
618
356
2779
582
620
635
348
573
488
790
1210
949
443
794
423
438
755
1003
655
926
1095
921
712
916
455
436
482
637
443
560
581
658
1078
502
674
2156
720
463
445
656
430
437
440
496
696
555
433
536
849
458
732
419
442
799
471
998
752
798
436
408
657
482
1057
426
771
614
1002
1006
633
603
788
622
602
850
840
461
951
429
483
529
1291
435
1108
650
441
826
844
919
449
740
641
448
587
1696
440
719
688
609
698
424
436
1964
760
1854
680
638
485
411
432
423
678
1199
456
497
673
459
642
619
621
729
999
906
445
628
468
469
449
470
895
507
516
441
613
1744
682
1472
499
795
714
372
725
593
403
616
1472
659
526
571
463
566
460
505
453
399
706
489
445
540
437
645
503
497
428
441
419
492
421
461
520
744
996
487
447
656
721
559
584
768
466
457
682
652
594
456
1046
1178
415
725
1004
660
625
635
696
782
828
449
497
912
641
741
559
707
498
2623
857
456
427
3146
681
894
940
412
457
2371
745
445
386
592
620
442
532
1087
535
549
702
396
545
775
516
657
576
1295
536
790
825
862
541
563
554
449
428
588
470
574
606
365
380
950
447
1702
444
461
701
599
1024
468
925
623
542
422
582
750
464
1316
622
618
415
664
446
962
445
916
480
531
415
1255
465
361
513
878
720
599
543
655
441
436
823
749
712
969
493
456
608
507
726
451
555
409
457
457
468
475
701
1227
612
702
549
522
448
825
497
499
767
668
428
429
756
845
559
438
424
1174
469
511
830
455
568
534
1396
474
621
453
2920
1105
687
1498
691
555
599
1280
808
641
578
688
397
697
429
685
690
440
599
396
678
778
644
642
734
403
631
677
718
805
494
597
442
570
700
1045
508
721
387
457
482
1326
773
442
668
467
1018
698
428
436
760
562
953
712
466
437
483
569
480
614
785
418
485
561
926
534
452
442
436
426
427
480
410
448
464
393
439
429
448
421
727
450
972
499
430
464
790
705
639
434
1009
656
725
1433
632
463
417
430
434
462
885
1046
535
935
1046
619
641
646
689
399
808
610
1524
953
568
418
850
570
441
636
969
416
617
543
441
400
700
807
535
422
558
757
766
532
754
759
471
449
735
1337
409
526
2864
770
706
693
550
669
550
455
455
452
425
859
448
570
456
760
809
388
2120
459
770
467
625
487
974
716
434
533
480
431
799
564
511
394
413
1510
402
990
412
672
430
479
1785
675
456
862
422
407
543
853
445
738
665
468
488
1056
632
398
490
578
604
480
823
734
693
557
5999
1057
898
605
1150
435
508
499
691
405
536
416
1266
426
927
416
545
697
978
426
453
880
575
803
452
690
760
439
855
561
868
653
1653
645
444
1245
447
878
1231
548
625
599
1513
652
400
732
1020
472
698
417
916
877
485
436
648
561
817
3870
459
724
638
460
553
670
361
752
469
458
631
489
1017
441
805
599
846
443
413
717
450
507
693
705
415
402
578
378
1239
543
483
496
709
710
442
403
819
554
459
704
608
829
502
447
395
1347
425
676
435
441
417
532
729
510
1337
667
481
428
429
614
612
430
1083
426
501
444
502
417
1003
602
536
630
558
485
435
3382
746
2623
649
909
439
671
457
383
722
434
607
460
768
551
461
1015
446
576
845
447
491
813
850
436
460
492
468
930
690
1843
1382
604
501
531
444
545
2542
620
433
643
451
1133
468
437
582
676
413
653
415
466
582
744
368
414
1687
433
627
673
568
455
497
644
580
429
540
785
443
422
475
453
648
426
813
435
425
497
400
812
445
582
707
424
430
445
446
677
977
626
578
604
472
1065
650
414
449
541
766
580
698
430
1877
417
608
423
468
449
535
397
323
433
454
582
646
407
630
419
414
669
451
630
961
787
456
859
549
608
476
851
547
434
780
485
488
767
1122
796
434
614
729
1102
407
1004
1367
636
543
461
440
612
627
501
836
478
476
573
445
322
499
447
671
440
663
872
460
421
688
503
687
670
1462
1233
669
526
465
444
636
475
626
639
1301
465
577
704
604
615
426
415
619
655
1758
714
443
746
417
630
754
493
525
467
988
495
1015
574
449
695
459
437
472
421
487
474
556
485
1085
1035
458
447
974
453
682
618
546
832
757
489
363
1263
637
939
1427
1103
800
759
454
470
674
499
426
4823
767
864
593
616
612
332
393
653
514
595
425
404
448
452
428
428
804
467
540
1365
621
620
520
758
594
409
467
400
371
431
1243
567
618
430
444
638
1043
421
440
772
512
444
434
749
720
404
1006
419
507
596
941
1181
817
887
690
405
434
3021
407
614
462
493
424
345
438
418
765
428
664
470
675
522
1137
707
409
588
477
429
420
607
486
476
600
563
597
478
707
433
527
1037
475
3258
441
467
338
442
421
468
531
460
688
864
417
735
600
413
439
601
720
872
475
394
455
852
658
407
741
1147
426
448
443
415
437
451
436
417
1266
468
396
484
678
466
848
733
601
414
939
558
438
652
458
438
940
1193
500
601
668
645
679
406
379
1077
688
1932
1000
859
575
806
1044
1555
718
436
491
917
709
645
794
467
2010
456
464
670
556
414
671
560
554
436
582
1047
737
574
633
434
455
426
823
974
424
431
672
490
864
946
696
714
639
398
418
698
685
449
602
483
1018
378
464
595
444
536
498
511
814
537
435
448
396
779
724
427
412
732
579
424
590
408
694
618
430
439
572
478
441
941
539
398
442
474
480
451
1087
735
911
851
621
534
453
984
674
850
928
430
874
540
785
647
624
1464
515
424
351
433
610
460
427
526
873
479
424
468
432
2573
424
508
450
448
1149
576
428
1609
605
1944
413
419
1843
647
681
383
434
680
594
490
863
461
419
631
445
439
685
1060
620
550
696
760
559
582
825
2735
432
417
549
798
413
454
504
393
470
479
564
663
3605
490
442
821
377
645
456
623
653
420
421
358
417
438
493
669
2269
602
951
688
1095
598
616
385
599
431
399
681
616
662
414
990
551
1335
628
1003
424
559
421
809
416
600
427
772
857
795
2012
873
569
514
665
554
447
506
1192
472
449
435
672
584
893
404
403
610
511
798
414
843
443
418
646
501
519
754
547
405
512
743
524
691
407
506
679
407
640
543
396
570
400
526
772
595
431
1056
596
370
604
516
463
416
524
815
459
956
487
417
401
585
438
627
454
923
610
492
554
640
536
575
742
465
434
478
420
428
7126
609
1243
890
626
3183
418
675
580
424
459
1344
887
409
654
449
439
500
544
408
881
408
441
391
400
833
822
458
885
820
666
421
407
442
444
442
446
1168
464
448
1023
546
768
1985
460
487
450
450
492
689
732
646
592
857
557
1113
461
413
353
538
469
955
696
655
379
414
434
461
1417
542
988
587
413
1121
611
627
579
439
644
593
570
467
412
466
569
614
664
778
668
654
915
697
578
1500
444
465
789
468
404
616
440
447
429
432
609
501
646
416
431
679
565
445
668
700
967
414
664
509
400
693
1182
432
413
695
1667
1452
473
556
625
713
445
765
419
414
1675
928
481
377
391
528
556
489
1111
383
414
532
656
381
436
779
1501
472
394
1270
609
600
495
893
506
372
401
656
542
619
444
405
419
413
945
465
488
549
843
428
641
420
496
810
594
694
639
670
1108
435
713
469
418
428
440
400
753
650
715
754
830
569
706
455
534
622
537
413
388
418
490
444
411
494
545
594
628
537
375
526
1371
425
420
492
717
503
985
652
669
401
567
536
1226
810
419
388
646
1758
437
504
725
394
442
897
574
498
613
410
410
456
431
353
655
478
580
543
447
458
723
411
504
618
381
466
1051
1012
445
487
421
420
427
591
640
452
479
470
781
446
488
766
481
445
395
702
393
404
450
593
586
576
396
485
569
1061
430
427
413
1244
1253
546
1014
571
490
879
438
414
925
772
508
1040
4378
480
463
1377
453
460
429
2120
1130
413
704
433
1033
435
481
511
418
624
751
719
490
406
1047
1219
446
1344
449
502
759
612
1451
509
1151
718
703
461
413
412
729
1162
436
754
401
823
595
603
912
876
508
632
729
417
668
426
623
449
824
456
516
959
945
492
427
736
451
818
629
450
591
1013
559
713
685
917
631
786
498
810
466
667
1040
10553
473
770
572
794
389
582
540
415
457
3382
554
431
1848
590
593
482
672
461
1133
729
453
425
463
621
370
599
727
345
421
343
453
983
1850
613
604
412
391
469
662
655
670
695
1234
602
591
508
437
422
347
492
858
612
617
483
386
1086
404
514
441
614
597
563
401
400
459
514
349
666
1895
785
1888
874
627
655
613
568
565
765
401
721
402
436
523
756
412
827
1667
433
498
454
612
414
352
413
588
599
703
417
399
869
399
456
4378
436
384
687
412
608
836
868
430
347
518
390
697
460
631
683
432
1160
420
433
438
398
667
560
397
415
415
588
605
551
444
772
497
468
398
531
427
1575
593
351
702
379
406
430
398
447
454
415
1010
434
769
1145
2003
1696
415
413
415
599
604
399
691
471
521
509
840
378
495
411
520
419
571
777
471
759
601
824
413
851
638
415
437
713
484
906
583
369
425
426
718
447
596
459
415
417
658
430
468
577
437
699
725
400
834
683
406
979
444
441
823
446
562
567
416
458
381
1280
456
407
1006
597
445
628
417
435
408
681
783
418
493
402
406
517
398
754
628
470
426
367
903
473
433
425
541
514
2587
410
405
463
426
677
862
604
716
409
668
440
428
393
585
587
384
395
452
404
589
624
2426
1015
614
653
434
584
621
388
418
443
407
398
693
690
951
405
600
346
425
581
667
923
381
773
435
455
431
421
2661
415
398
631
398
426
706
887
732
491
928
858
434
422
3449
826
956
569
434
653
438
510
702
465
432
1314
391
446
493
401
846
579
552
666
610
406
1870
420
699
425
479
1749
3449
1008
407
505
538
423
491
685
657
1256
416
480
3382
576
482
461
311
355
515
515
456
437
756
413
565
648
603
668
1047
443
497
873
727
480
534
440
437
617
470
411
534
427
618
561
1763
426
463
844
684
1776
464
1472
418
1298
657
422
673
497
559
405
427
504
689
418
395
520
425
449
913
494
422
636
380
361
432
428
1095
659
1149
1108
510
587
768
410
925
458
479
686
405
756
582
735
382
558
487
1031
411
406
733
537
799
508
441
580
564
646
646
454
338
429
434
456
426
537
422
626
578
412
545
488
481
457
1743
786
602
770
686
427
462
551
616
464
603
410
720
503
389
511
438
431
466
406
703
651
628
861
540
431
5999
966
446
436
412
417
594
523
395
557
1005
632
576
618
600
906
438
464
499
486
529
412
405
810
952
1895
438
411
726
392
753
726
424
460
445
613
500
560
736
393
599
666
317
628
355
365
427
431
427
684
717
635
1825
944
1475
667
419
704
428
495
777
711
362
465
551
410
386
841
895
599
873
381
720
418
359
440
1557
520
427
513
639
402
647
413
705
1091
983
448
780
2235
1454
1175
429
445
384
526
1069
458
679
1063
460
1162
552
508
404
652
384
403
455
935
423
584
518
1052
484
430
499
503
560
427
1957
477
1111
395
389
468
387
519
829
505
548
606
720
979
369
775
421
416
700
394
451
555
656
420
432
928
830
397
756
870
411
399
508
446
401
384
466
420
726
552
606
623
651
714
1204
427
376
424
445
558
401
416
876
627
738
403
476
520
752
475
499
618
408
387
1932
429
419
411
395
425
473
641
817
696
513
362
416
471
695
533
434
434
672
417
598
4911
384
362
419
640
379
328
496
662
403
404
448
452
666
377
466
450
581
502
430
430
555
851
572
687
703
671
392
455
392
1481
401
702
450
742
764
546
381
733
387
436
456
430
659
785
426
492
644
403
820
482
394
418
420
452
572
714
405
807
595
465
421
400
406
400
435
753
641
704
722
336
442
355
433
596
349
1275
408
476
384
450
868
377
1025
452
640
1928
509
454
513
415
418
414
492
619
515
419
575
413
522
553
1630
563
373
953
1630
713
583
402
894
1987
426
2136
1425
707
1021
556
538
496
985
794
1149
441
419
422
996
361
380
731
646
382
633
462
434
369
377
486
422
1194
604
953
988
1105
320
714
337
444
882
648
458
661
552
470
596
470
528
442
616
355
435
400
744
385
3890
400
582
861
466
413
395
462
651
403
511
643
467
422
1160
1284
375
516
386
601
605
1007
1062
1052
789
391
458
670
457
358
553
763
561
505
667
745
722
655
1151
315
469
441
388
1111
711
441
1087
432
381
416
430
718
1001
407
444
419
527
954
469
485
439
434
1971
568
1176
454
410
429
473
418
401
412
639
429
2735
637
606
409
378
1018
411
375
706
415
339
412
527
500
521
805
903
428
391
407
513
353
353
557
358
490
610
543
403
495
645
397
412
602
402
582
429
411
417
399
550
457
1383
412
362
600
417
478
461
361
430
608
1500
394
558
450
772
653
394
434
740
777
599
415
476
438
425
340
439
657
767
411
608
444
815
399
2571
435
436
403
430
410
488
380
400
406
536
440
418
380
454
1101
400
358
600
363
465
418
542
552
338
852
410
444
427
376
1715
679
499
335
509
490
407
608
585
2566
369
810
3258
708
583
411
494
435
346
386
393
517
400
518
489
383
760
485
412
430
646
681
452
490
439
630
667
770
1180
365
404
389
405
489
1022
471
884
620
1311
739
450
485
425
398
7038
568
552
545
402
392
423
528
392
722
527
384
388
391
527
369
416
573
448
407
372
509
374
868
424
545
527
756
440
624
351
855
600
2117
788
405
415
405
375
448
407
386
458
375
2623
500
449
445
431
366
347
412
591
538
400
408
608
1067
426
610
416
676
383
399
404
649
413
425
1025
465
637
689
769
434
494
362
422
439
364
402
401
599
670
756
571
405
627
813
381
411
1475
437
1389
400
803
519
673
392
883
413
377
430
515
377
401
397
444
1377
547
420
561
861
380
438
1731
399
707
488
396
412
474
351
361
601
388
343
1156
949
895
1157
395
687
620
414
593
381
664
2070
788
388
733
378
450
370
589
425
708
552
449
383
383
681
632
452
453
1424
434
661
426
430
924
445
464
755
378
616
687
421
378
416
396
464
387
945
444
392
402
399
586
651
440
816
1227
366
565
459
414
352
508
888
603
357
479
377
794
305
597
450
620
780
443
477
379
415
374
624
396
2740
377
451
377
530
410
412
416
408
518
471
376
478
378
404
621
391
413
1156
745
655
546
447
872
331
625
346
451
928
812
627
552
419
422
398
438
436
805
403
414
641
1180
580
413
2371
538
671
653
2200
1115
1022
378
341
715
508
727
960
445
417
558
632
766
507
554
361
427
2063
850
410
810
733
431
542
421
463
1257
629
424
347
455
576
475
477
489
642
469
595
390
494
801
639
606
726
456
565
348
963
439
407
902
1181
398
766
651
692
460
418
429
414
425
600
964
476
703
396
462
702
763
396
480
922
452
439
446
417
386
422
624
387
437
317
633
359
457
442
580
352
651
782
380
630
563
986
4378
737
609
945
360
372
406
656
761
418
441
539
401
432
588
791
385
634
966
1249
352
707
409
452
406
414
534
368
947
421
544
1724
653
387
459
364
360
650
430
4260
392
494
498
387
385
575
323
434
647
904
904
729
698
381
505
365
352
1006
412
394
386
661
409
427
416
456
1052
464
381
358
654
818
414
686
430
353
450
410
387
500
431
528
441
428
718
1151
638
450
636
431
656
1163
600
377
443
415
1112
438
787
859
865
317
819
363
519
461
403
647
474
823
918
666
394
638
1620
442
420
675
2566
507
393
693
396
427
445
380
520
736
388
787
370
436
413
770
382
419
1340
621
562
394
467
758
974
374
3890
690
474
508
568
430
426
455
443
1068
378
707
333
951
2910
1219
415
411
549
730
389
430
405
429
434
395
439
430
623
613
733
372
423
391
1072
777
473
1383
404
594
786
590
641
441
420
323
449
393
718
440
481
418
405
408
391
465
379
430
727
638
353
774
513
443
396
1284
595
768
460
398
396
380
395
643
403
424
412
373
577
593
344
390
480
1433
439
525
479
395
432
520
633
379
412
667
555
399
1555
751
407
649
371
434
476
704
828
382
549
423
400
371
439
434
641
405
434
438
384
369
531
519
405
622
544
503
955
451
451
397
427
524
591
382
488
522
1135
675
451
501
411
503
573
398
334
407
441
710
453
350
415
1150
596
719
397
402
572
395
458
618
665
431
570
548
420
372
619
397
627
790
399
1046
1339
1346
458
717
778
358
447
391
651
530
380
441
394
924
385
776
753
469
415
430
925
664
392
690
427
998
600
929
421
796
776
650
393
563
702
355
417
440
749
381
509
548
441
386
1187
486
935
804
639
384
409
319
413
760
949
440
636
310
346
433
440
439
363
324
426
393
717
866
670
729
1109
626
449
668
854
646
426
401
451
357
847
798
387
449
573
546
364
1513
373
532
386
387
545
410
613
874
310
421
392
432
409
526
530
422
692
590
385
383
755
461
566
424
339
359
910
406
405
507
455
420
433
394
367
478
425
416
375
1445
424
550
1757
420
394
414
451
396
638
408
363
412
393
428
391
687
620
750
395
367
822
480
415
683
630
926
385
715
10553
747
826
502
914
357
385
641
383
590
389
376
765
408
397
623
3351
454
468
699
544
457
1301
407
400
663
567
472
481
442
493
441
395
378
320
568
775
402
370
515
401
378
397
542
375
578
361
555
343
350
417
317
941
377
466
354
402
336
409
2599
583
888
567
461
354
427
438
3775
399
598
514
2047
3165
354
451
441
398
642
399
376
420
901
352
365
376
389
394
430
416
363
395
354
572
576
1107
489
1708
411
5999
968
513
440
417
580
699
428
500
1314
390
1111
385
1457
388
297
402
634
779
832
394
375
398
677
481
482
405
550
584
667
2442
399
367
710
541
922
420
444
371
467
300
549
419
460
536
988
376
2142
481
620
522
436
565
588
342
535
445
1017
346
329
393
474
353
363
541
345
421
1328
739
437
847
404
624
449
465
431
562
623
619
434
438
536
796
365
3021
350
725
393
401
456
704
315
407
426
513
1174
1380
410
381
591
373
423
463
2235
323
413
341
446
929
539
518
395
847
528
630
462
398
340
394
753
426
473
648
363
452
375
380
712
773
390
776
473
376
366
629
880
939
404
347
851
377
555
458
357
384
513
812
349
411
664
396
534
770
460
509
366
555
1258
502
715
489
473
378
382
546
592
368
641
1457
1074
501
423
412
822
353
442
589
432
563
705
2348
535
316
375
470
670
469
1192
354
401
1121
7126
437
394
566
1291
340
569
401
400
343
379
446
1156
792
416
674
2910
433
338
343
370
393
407
351
430
407
409
640
408
1160
956
369
362
572
467
405
355
649
449
364
440
566
412
446
437
424
423
385
339
389
584
785
386
323
446
507
414
648
427
420
452
379
345
403
331
457
366
335
315
4823
606
1411
585
1426
343
407
696
1675
1501
349
424
654
479
372
441
405
959
447
2642
583
787
1598
815
358
575
763
381
372
390
403
352
399
364
387
583
1667
641
629
380
462
373
376
463
343
836
445
426
710
464
286
697
426
792
503
352
397
299
324
396
317
492
596
698
412
648
456
411
322
333
370
581
833
435
729
347
385
664
744
465
415
685
471
338
355
781
650
720
566
319
1301
362
566
669
715
340
388
2642
441
1064
2645
470
675
373
524
438
336
403
376
651
775
385
1212
405
676
702
424
347
302
356
1204
397
517
582
1588
419
415
416
370
1008
806
364
582
421
818
581
779
926
579
390
410
436
431
389
383
1207
555
508
907
362
457
369
382
671
871
363
396
397
381
404
401
591
350
381
408
3775
484
392
520
14652
463
783
727
291
628
751
456
631
570
2828
2247
550
296
555
414
401
655
1092
367
701
371
818
696
396
5405
453
627
2252
569
389
772
1042
676
2105
482
405
536
370
451
1557
347
519
2348
431
359
429
465
811
367
1850
486
611
562
425
658
384
557
638
456
368
338
415
388
456
387
502
463
367
361
335
714
855
570
438
514
706
736
359
448
376
401
483
523
667
701
1354
778
364
397
328
1971
386
637
489
738
635
418
588
330
352
2828
410
486
452
842
405
630
359
680
381
385
369
445
404
361
437
324
829
355
1083
782
663
350
336
407
399
406
636
411
1451
499
395
419
708
301
4981
446
392
526
359
449
1418
572
402
477
372
437
564
444
630
1339
435
346
350
655
619
420
353
383
368
453
729
384
443
690
586
353
429
619
375
440
439
430
458
798
339
444
398
320
912
432
427
370
367
364
345
566
435
405
414
361
414
371
419
767
522
380
481
427
403
513
388
623
575
351
396
403
487
396
352
362
467
438
412
486
393
610
464
1149
2828
352
330
301
322
1843
342
595
363
495
834
874
1488
593
846
495
418
595
465
527
508
3113
360
401
736
388
412
342
911
632
385
2070
685
422
376
363
425
613
552
395
729
312
452
668
443
351
443
489
345
484
665
368
860
704
321
1420
415
426
2105
407
360
956
1262
721
485
651
450
1162
977
825
1851
330
599
381
507
388
934
346
419
567
363
1969
470
401
421
337
480
350
416
483
368
666
381
311
414
1097
567
346
625
478
1077
577
463
434
395
747
602
366
523
530
568
316
2245
365
2269
447
422
357
385
5999
652
368
419
1391
340
416
1055
587
824
424
441
442
1122
350
701
420
635
445
382
357
387
440
380
489
436
542
604
479
819
318
495
395
349
387
394
593
1040
377
448
1724
5405
528
427
354
1540
961
380
860
641
583
496
556
1375
696
379
635
406
528
571
624
532
690
397
619
376
624
523
478
407
893
413
351
477
955
348
350
833
471
676
375
412
444
676
377
382
1449
544
351
1312
350
459
489
340
628
392
373
329
458
509
687
435
375
1004
382
489
551
436
373
459
531
527
532
482
1161
405
555
657
408
283
278
406
974
416
3126
434
446
627
700
395
311
1603
509
724
385
760
554
295
685
515
466
431
450
583
330
1079
598
415
861
356
594
1492
349
386
384
333
479
2338
347
669
674
500
651
1319
372
361
379
348
313
278
686
861
437
323
345
895
465
354
428
6724
365
393
485
680
426
925
558
553
357
416
412
350
689
381
796
398
589
549
601
414
405
317
433
852
1121
866
344
518
403
476
326
474
587
632
960
516
963
354
367
700
352
346
383
1813
393
378
468
249
1102
855
629
404
378
537
423
633
1156
422
521
1639
443
711
379
375
758
398
658
367
340
414
324
353
391
389
5902
374
334
354
692
881
1787
363
338
340
411
390
925
397
367
352
405
528
369
459
379
690
623
861
347
362
350
764
397
434
354
3178
585
354
450
544
456
373
419
616
329
373
366
689
272
389
365
569
369
1000
358
404
277
391
578
375
848
349
290
311
1996
317
441
359
382
510
416
892
307
570
564
383
382
1350
1389
423
607
380
528
466
362
668
387
421
396
773
414
601
358
385
424
393
314
436
645
2910
356
419
309
717
3169
541
1115
1687
398
684
351
363
365
578
491
387
1087
748
344
377
390
314
457
675
454
357
488
4378
483
401
364
927
313
365
716
376
389
302
403
404
350
554
361
419
913
646
399
618
391
434
327
348
392
1492
367
355
927
347
491
368
549
509
376
499
538
403
626
757
951
411
378
396
381
313
628
348
404
454
557
799
310
377
386
345
448
321
883
386
703
378
460
390
356
401
722
484
615
396
397
363
359
422
427
575
2504
362
658
565
302
489
329
621
336
475
395
480
536
418
555
371
455
336
454
392
436
416
714
401
873
427
372
469
787
370
507
366
400
763
458
345
392
405
337
365
409
2200
608
697
879
537
402
353
483
367
665
828
509
374
384
471
542
2235
306
424
490
334
182
352
324
372
859
735
308
390
426
621
297
671
360
341
588
302
407
529
321
337
473
405
373
424
765
333
818
468
232
646
381
2648
392
320
347
2052
378
2700
309
427
359
1007
331
423
394
691
311
702
287
573
450
364
350
322
685
318
702
301
391
405
351
431
339
392
429
420
408
412
365
441
349
367
371
718
370
377
593
415
610
391
274
636
629
372
407
625
418
471
364
643
407
541
392
829
448
360
285
1980
336
352
353
375
774
670
330
363
595
298
374
349
440
451
338
381
382
325
696
396
391
416
1996
525
258
1540
599
368
382
1346
414
302
716
430
1120
589
696
466
751
398
413
804
791
749
405
383
738
405
373
406
582
650
413
318
515
411
346
356
491
654
389
630
354
331
390
427
351
1290
778
368
1414
383
403
401
372
671
695
660
427
428
332
400
567
432
542
422
432
491
663
570
331
380
393
346
380
286
497
374
586
385
525
379
377
451
348
435
469
2252
1656
414
332
483
355
341
457
846
385
358
405
1071
643
665
359
414
1724
369
695
364
624
486
392
382
373
679
366
822
287
591
361
1295
445
985
286
411
1371
956
428
303
820
306
344
720
1019
698
644
569
551
379
414
409
391
554
340
364
312
332
524
382
1414
503
318
783
477
332
562
421
387
682
660
409
419
374
1319
366
351
397
455
571
390
410
378
376
325
462
319
383
305
336
499
810
933
1069
306
446
691
397
393
637
356
372
404
379
572
426
360
320
651
372
377
274
345
311
360
287
483
284
470
4823
418
1111
503
429
378
395
622
431
512
513
436
421
418
525
359
927
606
420
396
373
380
14652
679
729
320
343
495
389
377
285
1111
617
466
629
685
532
377
432
433
352
190
543
452
295
392
641
6724
581
600
471
875
2245
691
716
555
640
367
346
376
369
372
349
2592
802
333
387
368
961
358
630
379
425
296
402
764
526
353
741
388
370
421
379
1359
623
564
1985
331
378
341
374
501
969
679
357
557
351
330
427
1109
350
954
530
355
321
486
423
365
350
387
614
395
413
655
361
332
1414
640
351
421
421
431
393
394
14652
1045
481
335
377
415
429
699
372
610
363
691
404
396
796
605
377
394
500
394
271
370
398
599
686
349
662
511
375
563
721
387
1180
392
677
323
610
423
344
338
486
667
337
383
377
552
444
386
590
316
322
872
333
459
392
1162
408
768
366
381
391
462
1340
331
300
357
327
308
1014
389
395
607
360
299
355
328
1182
404
764
595
346
346
279
320
370
520
377
890
639
382
414
384
445
898
989
349
425
571
409
600
399
353
548
334
674
398
1055
370
569
380
373
375
685
3449
428
326
292
719
429
345
642
466
561
1854
364
398
373
415
1429
317
716
432
1357
468
455
299
374
462
328
447
355
407
381
540
694
403
342
397
604
624
472
345
289
359
839
400
384
295
417
429
935
486
429
389
1452
456
839
442
431
364
342
343
397
486
895
327
364
284
275
352
571
353
916
419
595
374
612
558
340
270
380
386
690
310
357
558
401
600
329
1394
333
390
336
701
732
341
745
376
327
358
989
419
569
294
769
344
374
714
914
691
482
1058
331
1226
318
779
330
552
393
486
751
285
579
361
369
337
578
397
969
610
366
304
685
293
525
351
663
410
1024
376
309
342
352
315
372
414
458
294
341
526
436
390
400
345
696
482
367
349
342
773
355
1194
1111
328
484
641
898
551
1184
340
328
465
1987
400
374
596
327
1170
610
395
366
367
356
350
341
334
894
557
340
400
321
359
408
394
396
488
757
585
675
1121
324
386
712
1312
772
2779
314
372
378
382
367
394
515
1065
386
410
327
381
402
406
304
362
370
507
1052
491
691
385
647
359
293
405
300
365
673
598
387
362
361
461
2542
361
362
355
345
557
381
410
687
443
320
3113
328
966
401
537
509
542
363
577
360
502
347
463
377
1031
627
729
674
375
1120
448
367
421
339
272
399
504
646
2247
718
341
653
392
296
496
480
317
419
328
271
288
1020
477
533
373
364
346
363
562
338
1518
647
4724
340
310
489
483
750
913
529
347
334
298
354
600
670
1014
467
507
340
340
562
280
277
417
359
480
412
825
382
639
404
475
1462
309
758
510
421
430
641
336
917
320
2338
318
345
535
458
410
292
314
389
744
570
766
384
358
395
363
341
395
620
800
348
514
396
284
599
578
386
429
406
556
410
359
357
394
414
303
309
384
983
309
437
452
351
296
439
760
376
270
392
388
664
386
648
366
496
418
372
420
439
382
392
388
304
377
332
383
2052
326
470
642
287
284
731
362
718
943
437
557
407
1387
580
491
374
338
305
438
724
501
382
666
350
340
346
334
1193
674
301
423
312
418
357
653
421
637
393
833
368
487
310
422
399
269
305
331
2422
407
396
595
394
393
380
300
712
436
680
366
697
375
659
342
964
353
280
393
325
778
332
323
304
329
567
362
480
599
674
667
458
2112
372
401
745
295
394
1876
1084
3818
517
558
578
339
287
660
787
770
421
511
431
590
412
545
369
537
297
479
328
394
1244
2480
421
500
618
320
404
327
539
374
437
482
380
335
757
404
379
353
2048
312
330
319
335
436
626
939
323
698
312
423
468
495
390
477
381
461
428
547
381
305
951
391
384
324
295
1929
328
636
310
567
1149
507
289
1022
652
420
385
752
333
576
301
376
586
796
370
526
281
529
400
411
1178
570
753
363
386
555
14652
379
880
745
378
435
409
323
437
437
392
244
1702
315
340
397
367
334
359
347
286
397
1130
329
358
771
639
1639
889
460
289
725
614
623
948
380
1027
361
418
427
581
504
407
876
574
326
302
527
300
635
1021
495
315
326
636
1316
382
352
290
345
1112
349
410
710
355
426
389
356
520
433
715
376
296
896
380
366
326
631
970
346
376
398
498
411
580
345
419
401
276
445
315
420
275
270
274
293
434
846
792
371
379
399
358
422
2247
392
345
414
2130
503
345
453
250
627
404
350
319
400
275
362
1424
810
339
378
339
411
279
323
4823
342
1854
1574
402
346
2926
277
492
654
321
674
343
346
318
323
674
409
204
626
904
375
702
358
323
529
341
1944
535
922
14652
438
350
473
551
375
303
333
274
1055
713
340
552
520
385
416
371
343
297
322
731
298
371
429
385
611
1220
341
361
408
639
336
370
266
383
442
515
368
344
368
566
359
566
343
425
401
401
320
507
305
459
362
321
383
366
325
700
310
310
349
364
312
379
587
1170
318
327
480
389
397
466
563
335
591
307
391
628
833
249
468
265
299
494
664
469
652
464
429
676
349
436
284
904
406
390
281
346
1151
401
400
490
421
403
286
461
320
605
771
430
399
826
428
331
342
335
293
242
503
619
702
246
363
482
322
272
272
3775
362
283
372
433
309
632
527
1002
433
651
558
1518
1311
372
466
1418
367
475
397
723
327
2661
391
438
306
638
669
855
263
753
339
414
316
2112
859
327
430
354
1111
278
874
360
3113
400
315
450
536
836
463
403
345
221
521
429
342
300
1145
702
362
444
387
307
323
334
316
361
380
328
3021
2348
425
581
347
288
6724
284
318
432
326
920
323
442
365
600
322
325
415
621
444
589
759
563
368
378
424
396
282
359
307
493
521
380
269
279
288
872
588
701
467
698
341
374
350
469
1396
757
1714
349
671
316
347
601
303
306
277
813
708
304
374
536
354
394
896
477
413
312
534
352
327
378
438
715
310
631
529
410
301
328
466
335
665
684
330
284
463
314
395
417
326
329
348
457
669
511
546
358
312
346
420
219
409
713
294
451
346
631
401
328
362
564
493
336
306
441
416
2187
284
337
315
381
327
432
534
309
380
344
379
424
332
5335
360
779
1022
414
1093
798
378
1075
1420
335
367
782
335
497
652
314
379
404
672
3126
375
315
319
461
374
982
7038
341
618
362
290
383
781
378
456
399
1357
354
311
387
421
393
433
398
407
653
302
406
430
384
330
377
398
531
383
368
465
437
3183
380
336
377
320
289
1419
411
299
382
403
346
724
330
594
2538
272
483
331
3223
340
426
337
286
755
265
479
322
368
287
1145
1387
430
378
903
302
386
194
329
278
235
701
841
531
398
905
334
328
365
276
476
397
324
365
498
349
415
411
1745
281
716
307
518
411
383
804
434
468
339
651
591
310
429
247
353
536
1744
355
353
1776
627
1359
320
270
298
1017
291
352
336
342
1375
388
375
314
671
272
305
1050
2283
768
650
276
319
381
343
370
5902
310
313
364
293
406
314
322
541
352
553
290
411
407
339
337
325
315
427
452
804
968
796
278
299
656
319
360
415
370
351
463
601
497
269
278
286
401
378
361
306
554
371
185
260
1043
727
291
371
314
288
661
693
267
391
269
1078
517
346
303
316
245
1896
360
354
430
1304
340
451
560
317
1199
312
341
352
304
697
360
703
828
286
401
379
707
372
439
340
570
629
353
339
327
2910
741
327
564
316
365
236
452
296
473
440
535
966
276
642
385
460
335
340
618
2599
343
433
392
404
347
369
591
408
414
383
313
337
288
493
290
1091
326
709
417
648
354
317
793
581
944
315
315
451
385
365
389
927
757
393
429
333
267
323
695
281
347
323
355
316
664
310
858
353
453
325
244
427
323
654
355
440
326
344
267
234
674
724
281
3351
456
562
978
392
404
324
352
284
633
393
371
399
469
272
428
7038
371
439
290
939
244
396
300
544
343
479
294
495
586
300
439
317
345
277
419
342
288
280
369
1081
394
319
279
340
337
391
687
337
604
331
668
375
318
423
335
341
1096
568
348
384
502
304
404
1227
335
245
197
371
300
363
827
546
616
329
319
451
760
643
378
632
327
269
345
584
374
361
301
248
462
587
460
394
468
432
627
307
296
262
406
307
493
338
400
1507
363
228
352
457
536
724
447
345
667
853
768
283
359
296
644
671
293
342
2587
989
638
504
519
344
305
356
394
372
458
305
280
824
340
345
355
344
298
1501
275
365
1087
672
298
328
359
1380
1219
356
875
726
277
733
385
422
635
372
385
501
606
534
324
578
282
306
275
336
498
263
308
1506
1449
341
295
725
323
515
307
745
356
415
321
355
361
361
3165
350
412
444
408
795
614
331
398
319
585
173
895
597
307
257
373
270
658
324
538
638
324
3126
350
286
784
291
341
413
346
309
354
501
587
327
336
283
644
400
290
372
380
379
287
403
352
295
525
267
420
689
568
349
643
366
244
362
256
269
570
336
284
262
632
436
406
784
602
1274
349
377
353
222
548
291
226
641
574
340
373
288
790
507
320
475
272
251
460
263
389
14652
326
331
318
445
418
370
349
304
535
267
1411
640
440
444
433
293
874
414
1407
372
302
354
450
339
299
315
321
647
379
332
284
399
396
231
199
294
1489
367
416
867
396
637
368
348
271
429
1207
448
1052
302
275
296
464
536
457
328
1308
307
424
425
349
357
358
296
382
393
388
272
2063
416
470
341
505
212
794
4724
608
947
324
340
253
445
308
304
237
335
423
277
326
398
381
374
619
317
629
314
617
312
576
272
397
286
405
354
377
307
276
364
911
461
316
233
313
334
317
409
315
286
332
986
1107
1132
704
1120
685
270
339
252
261
424
260
511
275
360
579
363
377
330
306
407
630
474
364
841
552
326
356
436
414
334
367
357
774
1367
289
367
390
582
815
374
258
248
1364
216
525
388
457
327
522
654
359
540
265
1582
301
389
348
196
435
198
370
283
445
617
391
346
319
351
412
560
329
876
552
547
303
196
1851
309
300
352
311
305
626
356
413
346
614
446
390
390
394
347
722
322
379
366
316
306
558
285
327
311
945
525
688
285
373
691
349
260
826
445
423
338
270
297
2338
553
446
443
374
421
702
640
217
311
323
326
977
426
329
821
313
296
388
641
257
372
319
401
176
314
340
361
2338
260
1346
517
295
435
335
753
689
3223
824
346
369
556
663
461
245
644
417
343
667
356
433
367
356
382
321
219
702
515
275
275
307
252
314
399
507
273
640
431
269
322
780
264
304
636
421
230
347
822
1018
429
1337
280
402
397
292
287
332
420
592
232
326
476
331
299
350
351
312
270
729
174
282
187
320
1000
869
323
7038
464
595
767
542
304
2381
421
298
257
287
755
268
268
554
370
1682
271
218
1629
813
287
319
273
284
1144
379
494
331
373
302
1079
330
556
310
365
376
387
290
374
591
208
253
489
305
340
270
345
902
704
325
366
1008
466
290
321
336
316
456
357
373
635
370
281
361
394
243
471
370
226
307
258
452
276
419
287
406
372
278
303
1577
350
407
335
252
315
340
313
341
261
388
250
671
570
324
452
302
482
265
347
284
390
333
286
627
455
272
278
669
588
438
441
287
552
661
368
2587
1036
390
310
636
196
331
497
422
885
378
526
307
311
355
341
231
386
682
424
248
345
314
506
274
931
307
446
278
296
303
275
373
378
348
362
2864
276
530
284
306
363
288
2047
321
662
280
303
269
294
278
880
559
420
332
395
939
439
338
221
333
241
271
317
810
411
380
287
313
618
361
328
247
497
265
211
610
757
661
387
427
259
299
307
216
475
904
344
454
270
274
554
272
273
405
495
251
265
316
366
453
237
292
401
192
259
310
237
425
296
277
304
391
253
454
389
716
624
471
307
477
297
307
663
642
315
540
478
303
397
418
386
325
580
241
540
629
381
603
1588
399
383
326
401
262
715
359
636
583
612
322
522
270
469
342
372
578
218
219
258
446
316
712
324
292
352
407
586
561
262
482
494
252
375
375
309
335
1501
423
273
1843
468
427
286
423
718
538
333
833
1292
286
570
376
931
448
407
595
227
778
322
304
297
632
357
287
194
400
324
264
303
249
423
10553
300
287
339
317
321
273
267
275
384
327
1033
317
215
833
1424
197
698
400
271
735
454
629
497
322
528
293
393
604
440
403
380
790
972
296
315
414
317
428
419
273
275
679
276
547
387
657
502
253
540
1205
826
307
1757
962
788
2252
359
355
416
401
257
283
417
2735
1020
278
350
321
204
183
342
384
173
453
336
286
338
342
925
380
313
401
388
869
313
264
444
269
298
574
243
634
321
292
279
278
441
382
433
303
348
330
388
1225
304
384
417
341
541
758
836
1188
222
466
2245
590
283
945
805
2311
1424
333
212
269
339
376
997
223
630
283
576
326
383
290
309
281
341
240
273
282
608
332
962
362
314
364
1751
323
422
187
439
2571
280
353
259
237
741
293
782
540
310
298
299
380
567
365
308
353
3135
302
635
420
368
313
388
653
562
944
219
287
2920
306
215
246
288
389
289
350
329
276
321
911
464
328
295
652
540
264
331
430
296
14652
370
255
411
264
269
293
928
292
320
334
463
240
1004
631
789
714
294
348
650
306
947
496
271
347
442
583
510
403
299
284
419
359
717
442
335
270
441
915
279
896
540
427
234
311
272
1654
199
395
250
256
1050
282
350
576
291
202
475
556
274
271
282
363
292
354
241
640
315
291
261
657
4981
1312
274
234
609
420
848
263
1065
372
228
977
239
335
243
424
744
1743
402
279
2105
915
450
760
713
244
264
323
378
637
588
395
220
272
540
414
341
313
849
540
386
897
1119
267
415
503
381
336
809
579
329
266
786
676
265
239
411
350
806
366
319
556
390
322
602
332
394
300
316
588
854
275
675
252
245
390
822
819
275
286
400
783
349
240
286
608
355
420
291
503
347
452
366
725
271
448
401
409
763
373
353
278
255
348
230
512
359
224
386
234
346
482
261
393
613
480
291
273
303
757
268
345
660
1174
226
262
379
276
349
345
426
177
835
438
786
1319
433
543
373
4823
237
398
208
436
1119
280
645
297
278
362
356
490
1100
299
332
266
260
486
291
301
4724
532
312
269
301
321
323
689
3605
206
345
276
312
376
291
210
282
312
175
308
508
238
316
352
287
413
405
584
377
317
266
445
428
270
680
292
437
346
161
268
236
636
352
540
374
373
378
176
988
628
407
659
285
831
288
276
487
193
200
422
271
317
327
382
278
280
404
276
579
393
1047
308
754
279
275
231
265
216
287
582
1181
633
384
346
278
530
759
305
556
299
276
434
271
586
710
521
179
332
2174
266
2645
415
271
309
339
434
335
3351
378
327
196
352
282
338
1714
287
225
363
331
1107
329
540
296
292
532
272
288
644
290
530
341
604
284
982
352
259
289
410
524
594
346
367
488
547
318
310
354
613
235
276
228
390
575
364
312
412
333
519
270
345
583
210
264
393
331
731
225
290
985
889
829
376
442
384
443
409
225
340
741
406
352
264
467
324
448
268
271
270
244
403
1620
1375
528
276
357
487
242
540
333
404
272
321
392
264
375
517
421
820
538
563
497
268
530
310
452
774
2599
280
302
660
277
227
305
252
259
309
330
238
229
278
281
314
639
299
316
265
669
231
266
292
273
388
221
288
281
4981
582
268
342
380
451
653
453
350
313
254
278
332
267
316
198
263
1785
261
274
269
223
330
14652
262
274
620
256
432
381
285
208
299
409
250
540
278
305
285
254
363
1171
247
270
339
232
260
244
1109
319
587
237
357
311
540
297
314
349
327
678
258
297
210
717
328
143
394
479
350
365
261
364
153
154
690
385
461
234
238
358
1851
629
326
337
282
635
382
167
293
234
320
410
371
294
385
352
635
455
501
394
1257
269
943
342
272
368
289
526
274
252
786
396
307
1507
361
410
561
854
330
290
301
657
339
236
188
282
282
535
1087
384
893
325
602
280
571
1586
436
469
1566
243
279
821
306
276
1462
304
630
339
326
334
495
274
666
293
1144
446
472
489
333
261
3775
322
483
350
553
319
197
289
366
694
667
241
305
974
363
290
372
540
320
390
297
428
352
333
428
1050
662
391
396
274
230
251
382
308
444
210
290
370
1077
476
198
319
345
240
234
267
312
297
1045
140
1065
202
460
904
405
14652
342
654
308
246
3113
235
693
335
225
540
262
1068
276
282
294
335
243
253
704
359
703
878
240
174
453
381
369
399
211
279
523
894
282
342
431
903
14652
369
679
292
368
1075
254
193
1518
277
390
240
283
1574
241
313
382
596
286
266
392
259
375
541
312
271
540
570
314
319
269
540
186
275
213
307
1025
443
371
226
340
566
234
201
595
1274
179
503
192
330
656
411
262
406
340
473
337
3223
317
246
916
270
666
422
912
314
395
264
326
1049
440
383
204
268
185
373
241
185
317
786
239
416
303
873
353
352
414
607
299
326
1351
181
530
586
372
335
427
352
1207
773
313
270
310
297
870
220
344
294
601
310
275
337
540
300
312
343
252
700
268
284
240
483
540
246
448
390
339
297
462
2174
135
840
307
299
929
337
314
326
557
251
517
319
318
233
420
262
206
550
367
390
369
235
300
516
428
685
190
272
323
186
322
330
256
408
380
634
298
491
572
196
810
267
284
210
383
218
565
365
202
540
302
290
293
646
508
626
788
338
437
314
859
347
401
488
436
261
6687
191
593
338
280
373
287
571
237
2063
266
733
230
399
371
323
542
184
693
270
794
335
275
168
537
633
255
144
248
286
243
433
376
509
222
630
360
378
261
282
356
419
756
805
608
268
631
266
367
418
328
160
584
271
885
445
241
351
302
259
284
540
642
540
228
350
427
600
405
696
207
399
330
300
266
916
412
271
416
272
309
433
540
561
396
171
358
378
2115
293
502
540
269
345
293
560
322
499
1727
315
1360
248
149
458
299
2187
212
280
246
221
423
319
591
251
367
327
361
337
279
407
215
336
867
407
432
440
1288
252
299
341
774
837
257
14652
316
540
187
321
265
583
430
754
345
468
3818
250
670
235
414
286
280
313
314
241
368
172
185
322
415
312
807
291
319
329
332
319
301
264
224
214
540
358
269
409
354
153
307
239
309
620
600
288
773
460
348
399
376
184
839
431
271
400
214
338
300
284
404
252
425
1084
949
135
185
276
281
220
559
444
296
245
561
684
517
296
312
268
4260
459
540
400
299
255
310
257
262
229
361
219
540
275
2112
360
272
427
294
306
979
273
406
269
288
1301
375
380
282
225
432
494
568
418
285
364
319
1144
260
383
373
464
1876
275
639
3605
296
475
368
482
266
4724
412
292
310
345
262
249
5999
164
675
205
240
3890
524
373
501
288
226
655
334
146
357
529
189
737
668
581
707
365
605
404
375
625
258
429
1081
165
205
328
232
197
317
281
927
293
462
584
224
294
434
326
359
199
266
305
425
253
351
227
452
359
249
277
371
149
355
384
265
327
338
234
542
242
452
328
220
213
254
363
540
577
375
209
700
409
397
324
278
350
552
187
1220
287
367
309
268
1592
236
265
263
249
267
388
228
262
389
292
1032
664
221
333
330
317
279
272
242
3146
417
366
138
314
231
627
249
220
291
268
384
348
185
540
565
295
263
232
627
163
302
247
612
337
691
234
325
935
356
265
391
387
271
179
149
334
540
253
264
355
284
1987
1291
385
211
312
318
253
1411
825
757
540
604
960
358
258
251
394
241
203
355
477
225
767
415
337
6687
292
290
428
1350
253
302
224
290
328
360
354
698
397
195
254
1086
257
718
252
180
885
236
925
540
322
580
270
318
391
286
324
369
242
386
288
540
302
432
439
298
605
276
710
255
559
392
199
313
277
342
339
215
268
415
540
304
540
299
355
623
364
296
388
540
1187
250
276
540
276
269
284
592
297
267
342
374
399
373
540
343
342
186
351
358
656
699
292
272
273
255
278
379
634
264
309
777
638
165
257
275
313
357
353
344
227
162
331
204
357
192
540
547
1895
181
256
647
1391
242
262
487
726
1031
181
667
1100
243
318
540
454
306
336
186
283
312
259
1096
671
540
540
697
226
272
253
271
363
326
307
283
1360
270
303
142
376
368
358
276
621
726
204
444
552
403
154
281
257
328
323
363
419
407
1089
285
363
264
897
268
195
332
406
337
983
223
259
492
249
199
540
625
596
363
540
248
279
369
540
274
418
223
384
540
322
406
695
434
247
1145
258
245
1591
353
380
341
204
261
317
187
201
339
279
274
364
366
644
403
540
333
196
203
1062
540
364
274
269
540
361
540
318
321
259
232
322
260
419
199
2186
199
263
753
242
354
540
261
548
540
150
274
290
288
268
572
270
2063
233
717
269
249
606
311
430
629
338
323
250
248
634
540
333
270
244
381
586
300
255
345
540
229
285
373
260
270
855
359
540
813
1557
303
272
254
313
206
311
256
595
357
271
271
278
324
267
549
390
229
540
218
375
352
279
368
290
1776
367
228
242
627
1184
422
317
188
137
487
273
577
267
540
702
202
540
211
318
540
258
283
293
591
375
300
216
295
220
698
422
206
262
651
3178
270
244
326
203
146
540
135
314
357
268
378
234
238
317
302
1239
422
540
1629
582
225
540
305
204
247
540
168
484
423
385
521
240
263
2480
235
2037
2192
272
540
409
252
176
220
540
3178
479
196
366
418
311
264
239
398
251
694
195
259
317
540
1050
283
417
700
282
316
328
231
195
244
7038
431
208
648
262
14652
588
540
295
540
231
344
760
201
438
346
273
182
308
637
225
381
304
270
613
415
624
378
676
540
219
139
326
207
3565
1971
905
225
628
399
390
298
280
402
284
339
270
364
320
354
251
282
249
606
913
5999
292
580
235
231
203
580
251
291
348
262
200
428
161
296
651
424
561
453
1039
388
398
1291
329
241
387
754
270
269
672
254
589
275
767
206
213
362
601
371
540
270
270
300
335
384
184
692
273
328
304
184
173
919
1480
324
219
380
402
259
7038
316
749
232
540
696
360
240
217
312
764
540
289
1760
224
383
1131
135
432
386
238
454
149
443
282
242
342
540
359
156
294
614
455
229
242
451
662
343
243
268
270
327
367
563
261
792
284
241
979
507
539
267
237
248
214
181
263
338
540
859
540
217
188
317
277
459
213
330
1506
135
221
382
263
391
294
493
399
380
540
323
436
694
408
308
203
285
472
467
928
207
760
242
517
540
1597
596
342
391
229
540
301
267
540
207
257
353
274
219
583
197
326
150
270
6724
259
1629
249
192
392
573
553
540
375
288
389
540
343
2700
591
406
248
140
1315
341
567
263
329
383
316
372
135
397
304
245
4981
234
367
274
286
257
1365
269
268
167
253
540
196
843
194
1063
212
312
240
379
352
171
199
605
299
632
945
300
342
290
419
248
408
1172
193
176
1069
628
778
357
332
285
239
301
351
601
321
265
421
251
377
457
230
436
619
213
889
327
238
171
233
304
371
1458
1577
239
320
192
469
433
1159
321
156
3775
276
275
254
170
286
241
249
249
513
2130
233
540
2864
1020
183
173
773
256
707
396
402
294
218
372
637
573
319
374
147
195
300
322
379
364
187
368
522
275
267
233
199
3178
182
1613
314
313
309
362
405
319
426
324
271
711
244
341
204
629
329
252
277
266
335
540
350
540
382
135
255
1139
294
319
228
261
614
357
540
151
237
323
350
220
2538
246
365
219
427
298
270
3818
382
540
351
700
798
235
236
250
540
280
181
311
599
299
196
722
242
212
818
251
246
405
297
540
305
1383
253
540
268
385
378
1589
637
215
624
190
356
540
1024
1003
1027
239
312
285
257
347
540
239
550
393
197
540
246
217
224
278
870
960
277
250
807
802
321
540
317
406
165
246
649
353
224
921
540
233
195
232
448
540
231
283
310
1882
233
176
345
281
329
540
374
361
540
274
261
443
399
1275
323
983
176
401
264
466
266
191
162
248
847
738
540
267
222
307
7126
348
681
1211
540
271
1068
257
503
656
259
208
7126
540
795
540
271
413
188
330
10553
238
244
171
495
277
628
135
138
196
369
1420
585
399
138
2592
346
403
540
382
257
230
438
235
237
206
482
289
540
540
222
540
288
1354
848
221
1660
135
284
528
540
261
340
196
320
316
252
286
260
266
1244
246
231
540
540
640
698
233
540
2112
227
265
247
251
597
211
294
497
1854
320
375
229
359
172
299
312
275
354
249
540
201
242
203
270
220
291
1731
308
270
172
372
529
419
277
540
278
321
251
313
547
211
368
263
238
272
551
368
1091
355
211
264
257
648
398
786
332
536
540
540
443
266
260
292
269
540
258
344
348
139
419
254
635
538
329
252
246
250
638
228
150
248
245
308
164
336
158
242
1477
258
174
540
268
246
193
194
274
239
1758
390
248
595
523
168
342
6687
327
404
326
139
203
354
309
301
261
198
237
255
540
204
258
331
540
457
279
526
369
380
682
135
729
135
287
540
207
151
608
239
157
135
320
135
374
324
226
143
540
365
573
327
266
540
258
282
156
232
267
336
713
540
154
244
192
217
379
270
275
436
235
540
382
197
304
639
263
369
526
646
316
569
540
174
238
354
230
540
150
273
231
540
478
389
280
425
515
170
172
214
1130
1214
238
186
270
269
636
10553
293
582
638
204
157
307
252
540
829
243
259
338
534
194
135
332
315
540
431
229
540
540
543
219
413
573
420
271
540
220
648
242
256
676
216
268
152
238
261
3565
230
210
379
521
194
7126
366
187
165
191
306
164
248
221
219
625
1377
135
405
411
458
175
540
633
540
454
540
540
191
540
5335
344
424
356
540
660
252
568
348
263
540
540
552
555
391
290
236
484
410
600
652
272
252
216
255
565
229
487
255
540
241
153
422
540
540
424
1377
540
206
258
611
135
393
300
314
1396
228
164
293
169
263
261
244
300
543
242
236
135
540
540
359
720
328
296
198
449
194
266
262
1335
212
239
137
849
1377
385
312
731
195
344
201
478
432
254
381
3565
205
540
540
292
540
387
237
426
540
220
263
291
321
366
338
429
504
347
332
540
267
505
540
135
306
540
280
641
160
333
270
293
235
148
298
555
532
219
317
405
291
540
278
760
302
186
540
540
377
540
327
733
646
540
304
540
706
300
388
274
435
207
248
662
470
139
361
361
227
1157
240
600
269
495
540
793
135
4063
547
768
539
169
462
197
1291
271
283
186
540
785
239
450
294
392
874
188
278
242
580
160
180
664
540
301
259
260
401
540
540
291
421
540
540
540
2071
172
423
489
355
366
346
1113
267
455
163
466
566
363
554
540
293
186
359
181
857
222
788
735
230
540
616
540
311
274
279
540
254
252
758
276
650
540
220
146
251
275
259
296
540
201
312
652
395
540
483
174
217
282
266
329
246
269
704
172
425
540
714
240
267
540
355
185
407
249
363
486
540
307
404
435
219
253
395
274
3888
540
171
258
166
145
147
283
540
254
289
250
252
610
256
294
205
647
185
267
731
229
377
361
257
360
257
540
1035
234
1690
206
540
361
325
256
652
396
154
540
540
197
252
1877
253
540
185
269
181
169
222
211
467
718
316
268
540
273
177
378
264
169
540
301
741
206
467
2623
540
281
265
540
271
465
540
323
254
1074
267
263
191
263
529
540
168
540
207
270
3178
631
382
135
656
540
198
174
776
207
161
340
1619
156
224
936
623
266
223
361
140
674
540
540
204
1411
248
540
1751
540
253
402
209
627
376
540
286
929
540
568
593
302
417
312
943
226
540
540
283
273
543
255
135
162
540
629
540
270
448
540
197
222
540
263
540
743
155
540
411
229
240
321
263
540
540
220
242
526
562
238
552
189
540
2573
418
1592
237
379
277
225
540
540
250
250
329
540
283
6687
540
268
190
274
354
1691
240
540
168
540
166
314
204
504
136
263
510
228
359
387
540
226
269
240
300
368
250
219
254
571
540
913
540
10553
159
313
540
364
238
1465
189
2012
540
338
139
540
152
216
143
165
212
1598
355
374
540
285
691
326
283
465
540
540
312
156
234
736
643
180
540
778
182
540
1013
471
721
332
191
292
205
603
454
540
540
600
250
418
675
732
183
180
540
266
540
230
606
455
540
228
1629
432
540
540
540
540
359
371
334
530
267
308
540
255
185
156
217
421
183
212
274
182
219
661
224
540
540
540
332
293
540
526
555
157
228
163
243
148
540
168
295
285
731
246
187
320
298
638
540
349
409
269
553
267
283
199
638
258
429
540
251
540
324
187
402
540
540
346
312
141
473
649
540
186
276
853
3888
540
366
305
172
213
248
319
413
261
393
292
1488
252
2677
301
253
263
319
602
270
576
188
540
341
540
616
368
155
498
1079
239
248
186
1660
189
272
923
226
196
540
221
335
407
1168
402
552
918
1452
267
588
540
291
189
176
540
213
316
3126
320
279
540
1225
269
371
485
1882
540
186
191
178
172
540
191
785
282
1007
237
329
272
208
305
540
916
217
165
143
135
312
312
211
434
135
231
145
322
164
345
540
227
325
540
135
220
289
236
470
285
288
540
540
175
540
204
374
197
267
1019
169
540
216
229
186
233
629
269
521
166
540
2926
287
609
1375
219
679
194
154
309
767
478
311
540
180
540
386
282
364
540
294
589
540
199
273
674
253
752
262
540
421
310
540
212
160
172
322
540
373
209
229
6687
7038
526
540
166
381
140
203
435
540
136
175
263
540
540
184
342
540
248
468
266
1377
202
266
540
1045
236
540
242
169
198
540
436
198
540
1475
314
318
619
540
267
267
198
507
540
136
135
540
297
206
190
997
188
302
427
247
213
400
157
540
591
390
270
833
540
222
245
540
723
540
1340
368
137
540
135
569
947
540
323
329
135
198
690
242
266
348
540
410
641
712
540
365
228
246
217
540
540
291
299
237
335
645
279
221
485
256
540
540
249
266
187
223
540
209
218
540
602
406
551
647
676
14652
308
282
540
272
540
400
540
318
160
540
540
540
540
540
415
624
188
1399
223
397
188
154
540
553
303
525
372
540
540
3258
2592
540
364
540
383
241
540
633
540
359
540
6687
286
411
1101
158
540
540
332
540
413
156
264
733
278
540
373
280
477
366
290
255
540
1210
149
452
540
359
135
540
237
578
267
258
247
540
147
189
278
540
272
312
217
151
197
244
540
270
139
540
639
285
141
231
540
540
540
667
481
323
826
422
540
1581
540
208
540
540
730
540
540
7126
1513
559
540
540
219
540
269
770
540
393
231
260
183
255
369
267
157
540
288
456
187
220
283
210
637
541
223
403
283
465
540
237
181
206
703
211
540
135
182
581
540
393
540
681
185
372
4823
270
540
347
329
196
181
271
317
225
150
146
167
137
145
454
540
408
425
457
1211
481
403
540
582
540
135
3818
652
1419
373
199
194
540
226
545
400
252
540
203
142
138
540
184
540
135
369
540
710
230
195
1702
273
395
540
540
540
481
1233
216
228
248
161
324
274
233
147
433
225
240
491
233
327
217
156
1758
171
540
405
238
275
324
540
230
493
540
254
152
688
248
540
540
540
540
540
196
615
159
293
204
540
493
292
540
412
185
406
540
258
281
341
169
1023
540
540
159
540
540
242
540
225
263
271
225
540
540
540
182
396
968
248
540
608
272
546
540
297
540
642
540
226
168
366
540
314
381
240
540
646
284
540
670
619
540
451
293
293
634
540
291
366
251
540
540
592
540
540
336
227
229
693
135
540
540
280
280
135
540
288
266
316
540
310
145
1407
290
205
540
219
532
540
371
540
540
540
527
540
540
540
278
417
376
160
540
410
321
304
301
350
3055
540
258
397
540
645
181
610
233
644
540
331
540
295
220
330
540
540
540
601
259
270
144
282
540
540
181
185
166
272
186
540
410
540
304
349
235
135
1069
288
223
272
316
252
475
157
540
540
264
540
540
180
540
628
582
182
540
1040
3351
2030
227
269
353
1610
669
540
540
135
540
540
263
328
270
700
586
289
540
540
589
319
540
341
263
255
318
242
540
336
232
163
540
279
540
238
176
540
540
540
540
664
347
540
591
1454
3605
225
293
203
540
261
540
540
244
577
552
213
396
540
540
318
198
540
686
154
163
540
540
402
1390
1312
244
773
540
230
184
272
540
5902
398
219
2130
540
268
540
540
238
158
813
540
540
1735
540
540
192
308
241
540
540
291
244
234
540
338
540
593
540
540
540
215
939
364
232
540
540
773
155
520
540
540
702
540
221
1071
318
283
540
540
2010
540
240
257
540
208
540
275
621
587
329
221
540
232
540
159
540
402
378
554
540
351
195
213
1825
255
165
822
369
540
540
317
253
269
403
516
472
135
540
535
220
219
667
135
540
213
224
540
540
320
1274
540
540
197
540
243
186
148
251
212
139
540
187
540
540
540
540
495
230
364
258
667
540
1601
540
540
177
258
540
175
540
540
300
525
540
459
540
540
601
148
576
241
413
315
540
226
540
139
143
690
540
475
305
263
540
307
540
193
178
228
1047
185
187
4981
308
540
221
257
540
176
320
264
710
171
188
540
506
337
205
210
540
768
358
298
271
274
203
504
540
540
540
312
540
2352
261
1591
211
540
269
1577
140
175
357
540
540
182
275
465
341
540
540
550
540
213
540
540
266
205
540
4823
141
175
540
348
163
185
1527
167
214
254
249
239
152
540
540
223
540
205
190
470
299
520
135
540
588
540
190
540
165
310
1075
295
540
262
344
540
216
226
270
540
338
268
540
249
236
540
161
492
540
415
540
540
1896
256
540
540
228
315
270
336
392
268
540
417
280
368
260
297
245
262
540
234
540
345
223
279
845
219
157
260
586
540
139
540
221
419
183
568
216
290
540
272
682
540
245
1168
947
540
540
633
540
522
451
280
268
286
266
375
540
213
540
489
231
540
634
5405
540
540
540
738
540
187
540
540
540
1198
540
540
540
540
240
1058
540
540
243
540
278
540
540
137
424
228
3382
348
138
334
542
540
540
267
360
685
167
540
331
540
6687
391
195
1360
233
217
414
540
215
319
287
513
147
214
575
141
323
540
322
540
252
540
540
540
1586
505
311
540
221
540
6724
270
270
294
224
161
540
192
540
2599
183
540
192
341
251
386
241
137
328
360
237
3449
3223
573
207
384
135
233
356
627
264
540
540
261
481
217
540
239
1135
610
314
362
691
604
540
540
540
1929
540
152
368
563
184
272
1489
225
558
195
540
540
540
540
322
540
259
540
540
162
135
218
540
540
216
212
765
540
222
540
540
540
162
179
1097
436
282
306
353
540
540
242
251
369
288
201
571
1346
512
540
540
221
415
433
297
232
389
243
191
540
821
2186
279
540
632
262
304
540
540
226
368
359
540
278
290
265
156
242
310
540
186
252
303
152
249
246
540
771
540
1010
540
174
238
194
1233
173
253
540
540
208
540
135
503
190
158
298
136
151
191
202
264
998
473
540
540
618
540
540
211
262
540
540
263
146
397
540
540
540
540
10553
184
169
540
399
145
540
415
540
227
540
540
540
540
540
540
269
1555
356
305
240
254
140
3169
650
208
436
540
386
253
558
138
540
229
540
143
540
540
194
540
540
540
1101
540
540
540
599
288
224
540
540
271
304
540
202
172
174
337
540
146
379
278
216
540
540
284
235
540
540
135
135
540
825
136
138
3890
245
540
540
540
540
353
359
540
303
164
540
175
212
271
135
535
1136
362
192
492
540
206
825
273
540
457
253
540
181
540
135
540
839
270
350
412
540
540
596
1337
540
540
264
227
540
240
316
290
512
540
136
227
540
540
947
168
198
418
239
213
540
540
204
211
540
632
540
597
540
452
540
540
893
521
308
540
540
177
218
210
540
836
625
184
520
540
308
540
558
540
540
289
258
914
316
471
229
238
936
540
540
534
1107
238
185
540
135
268
486
167
460
540
974
357
273
219
356
271
540
509
535
720
325
540
343
380
540
300
540
210
540
191
135
540
225
253
286
565
540
208
3258
295
540
540
10553
1825
540
170
790
540
681
153
540
218
540
540
540
540
442
540
263
540
540
230
690
540
256
540
540
470
188
540
540
334
202
317
258
540
540
219
540
540
198
184
2186
540
648
287
1566
232
306
287
540
817
540
540
281
303
540
252
300
540
540
540
331
293
540
540
195
336
540
1928
540
135
540
203
338
411
540
154
540
262
259
135
540
305
135
14652
540
1573
441
540
540
540
540
497
186
540
218
218
163
540
577
546
542
540
373
1369
163
147
270
732
271
540
231
241
253
540
226
172
540
1312
540
230
310
221
540
540
674
540
277
270
540
188
456
384
255
540
540
256
540
214
540
307
540
268
272
540
618
154
540
271
540
540
662
540
540
273
540
256
540
212
540
540
540
540
540
273
190
235
540
150
540
902
364
540
540
266
238
2037
540
309
540
652
540
540
1923
2075
4724
164
264
135
160
361
135
247
171
858
540
704
183
226
362
540
448
167
623
540
540
540
540
135
508
540
540
540
540
540
540
691
285
2775
540
967
389
266
253
540
166
540
348
540
149
463
166
176
350
472
195
135
346
540
540
311
540
540
727
246
540
278
540
371
540
540
540
277
231
540
600
363
584
2648
540
227
195
540
249
540
3565
206
540
540
198
215
363
323
248
221
204
176
540
456
197
540
271
540
270
253
217
540
540
540
540
540
540
319
155
198
540
182
540
540
540
351
201
540
191
286
540
228
3888
540
182
540
209
540
173
289
619
1928
540
135
540
238
540
292
540
540
234
307
540
540
255
540
1619
257
470
540
239
205
540
268
540
540
540
310
196
337
540
228
198
540
203
403
487
195
540
540
302
540
223
315
362
540
540
540
286
1315
201
201
191
540
991
277
260
283
652
540
540
540
540
272
540
317
540
5335
540
604
540
540
136
540
333
331
540
540
348
540
227
382
375
644
540
279
6724
266
135
540
540
236
540
375
540
244
540
206
1500
692
316
312
540
383
540
554
142
540
540
378
540
2740
226
540
200
540
540
540
7126
146
540
313
293
540
540
165
295
540
586
252
344
540
168
135
616
540
228
320
420
336
139
540
540
540
540
540
232
443
540
1477
212
177
170
540
170
188
404
1077
540
540
309
540
674
540
389
346
239
540
144
540
169
269
249
138
437
540
142
1002
540
540
540
138
716
219
540
540
540
272
540
540
201
135
540
540
146
540
879
540
961
195
540
232
540
540
254
540
540
540
540
540
832
287
201
325
1249
540
197
399
1612
686
301
1205
225
178
2480
208
540
398
540
370
136
540
443
540
540
540
540
306
308
540
540
340
322
388
1751
220
540
289
194
540
1745
540
235
540
540
540
197
540
540
185
265
540
197
198
540
540
206
540
540
540
677
281
136
195
178
135
1036
475
540
540
540
540
338
168
540
300
216
143
265
540
237
540
540
146
273
582
528
320
540
260
540
540
202
329
263
540
580
540
540
540
540
213
258
540
377
540
540
540
540
204
224
225
540
135
540
192
540
156
228
1357
265
194
576
540
540
545
540
287
216
147
540
202
540
540
280
213
540
540
212
405
540
645
252
540
199
512
540
664
595
540
158
235
540
540
540
540
540
175
226
540
251
228
540
540
540
208
4260
223
265
776
540
277
540
222
186
185
540
652
540
240
504
540
540
540
154
513
540
343
540
7126
509
396
243
329
540
540
253
242
540
281
583
969
540
540
540
143
258
540
135
135
210
540
314
203
236
540
159
540
270
540
297
540
540
540
543
259
540
296
659
540
540
540
300
540
150
309
219
540
205
260
299
664
177
540
267
236
540
540
540
540
172
147
540
164
303
717
540
1333
185
190
326
211
252
540
540
373
549
540
215
540
700
540
540
657
219
540
540
726
540
540
266
540
540
540
268
540
540
540
196
619
964
540
540
540
673
339
406
619
540
540
540
540
205
540
3021
540
540
540
540
246
515
317
187
540
290
540
452
254
540
540
540
291
540
540
198
147
540
540
249
310
540
140
328
540
540
230
209
540
253
186
345
210
221
540
534
449
285
540
598
2648
540
164
434
540
540
181
310
540
205
253
540
540
624
540
540
269
303
540
3605
540
540
14652
151
540
540
186
540
189
214
540
540
540
605
290
2592
260
254
540
540
230
540
504
193
540
540
540
341
240
1371
540
1416
510
151
540
540
540
370
255
540
268
549
540
135
540
221
540
256
226
636
540
324
540
540
536
885
540
424
540
1312
149
540
817
306
196
540
540
540
540
540
580
540
540
540
314
508
540
243
6724
3818
135
390
147
233
277
150
232
540
540
578
390
137
540
598
274
138
540
540
540
174
1290
540
304
239
395
540
540
255
1156
159
540
561
352
503
540
540
540
540
540
540
182
638
230
341
240
540
784
355
264
254
540
540
540
540
169
304
540
182
540
540
705
540
540
135
540
540
415
540
540
703
430
215
663
285
208
936
529
540
540
540
185
540
540
540
199
1888
221
540
540
221
135
136
540
540
540
540
540
540
184
632
270
540
540
190
626
540
540
540
540
540
548
540
296
540
193
540
268
478
540
540
540
540
388
234
411
540
540
146
285
143
250
187
540
707
1024
171
680
540
276
169
540
339
540
233
227
1760
540
540
349
213
540
540
139
139
142
244
540
540
285
267
540
540
1193
540
169
540
540
153
540
651
540
236
540
540
482
322
540
540
309
540
189
540
328
540
540
190
540
730
540
540
540
540
144
172
557
1925
540
135
540
334
540
451
540
540
540
198
259
540
249
196
540
540
340
249
10553
540
135
1049
437
418
753
540
540
380
540
540
154
540
187
540
540
540
540
540
629
540
484
540
138
540
540
540
243
245
234
540
540
1045
2381
540
540
540
540
540
233
303
540
576
540
221
269
540
540
540
540
215
458
540
540
276
540
540
246
540
603
333
288
540
256
200
373
540
540
169
540
540
540
234
257
181
189
439
335
540
540
250
540
540
540
540
540
295
564
411
328
135
540
268
135
491
206
575
314
540
243
172
540
227
271
540
1575
718
540
430
236
896
540
757
540
217
509
540
540
188
540
540
217
704
540
587
628
580
169
800
340
145
247
540
175
380
540
135
540
753
540
635
170
540
540
540
191
540
540
518
610
153
1592
412
166
278
540
540
540
247
539
137
2352
540
540
540
174
353
653
540
169
540
415
219
543
256
270
279
874
954
2348
540
1104
1813
540
540
540
593
540
540
540
540
235
540
540
540
181
540
569
182
449
328
540
638
262
273
290
146
979
540
222
712
540
181
540
540
198
540
540
385
221
234
480
148
355
515
540
540
344
164
186
540
540
149
540
315
540
232
198
373
540
360
540
239
185
241
540
540
1133
540
540
759
342
540
311
540
540
1298
540
540
540
241
540
244
540
540
1911
345
540
540
540
540
165
540
540
540
374
299
146
540
540
261
540
540
148
540
540
540
575
540
153
170
387
540
540
540
540
577
305
200
1696
540
397
181
605
540
540
573
349
331
556
540
536
540
877
320
401
540
1187
540
540
419
540
540
443
344
540
196
238
540
540
215
175
540
233
316
540
540
540
540
540
326
540
540
540
254
540
540
1095
540
276
214
323
540
552
135
540
540
183
540
540
546
3126
401
14652
436
221
540
540
540
540
464
268
540
540
1533
745
172
540
540
173
540
176
540
540
255
749
197
540
540
164
1138
333
540
540
540
540
540
540
540
540
220
540
259
540
174
429
221
540
540
540
540
540
540
540
586
135
406
364
540
540
540
540
540
540
540
173
167
540
540
150
540
412
540
380
540
540
354
314
540
334
540
540
183
540
161
238
540
540
540
540
207
540
540
540
540
540
199
540
540
216
387
540
2422
540
540
540
320
540
276
152
161
540
540
540
540
540
540
286
1225
540
386
248
226
670
667
540
540
540
318
202
540
540
381
1744
394
540
750
540
540
162
217
218
540
540
540
315
189
540
540
540
540
540
540
270
135
540
540
540
540
540
170
6724
540
153
540
521
187
540
312
899
135
540
540
687
809
687
540
540
540
540
332
540
540
540
540
216
540
1108
1501
540
540
282
540
156
540
143
540
540
773
299
428
540
540
540
540
540
192
135
135
540
314
540
237
306
540
540
1896
235
593
479
178
267
231
492
1726
540
201
540
540
687
204
376
540
540
278
284
568
257
540
5405
203
540
540
967
1629
540
540
540
204
540
540
779
540
226
362
540
254
339
268
269
207
540
540
1420
213
206
152
326
380
277
540
1510
257
261
540
361
540
857
376
240
540
540
540
526
540
280
540
135
540
540
540
299
540
216
263
540
223
540
274
214
540
242
213
374
435
540
540
219
617
335
540
540
3449
540
540
540
540
540
540
213
297
540
540
200
540
540
213
540
540
540
540
524
540
540
1239
319
450
209
540
540
288
173
540
306
540
540
540
540
540
540
540
540
540
425
540
540
135
540
1391
641
206
185
540
540
540
540
250
540
540
540
191
252
540
540
540
287
639
165
540
540
367
240
147
183
354
349
219
540
221
540
387
540
321
540
540
540
540
1760
282
156
540
540
249
2037
200
540
540
200
340
540
135
540
217
540
289
540
540
540
540
254
540
540
158
540
540
388
540
290
540
271
944
540
540
360
540
540
190
540
1225
269
540
1744
540
540
248
423
547
540
258
540
540
201
308
540
540
540
540
540
540
540
5335
334
540
3135
540
540
363
540
645
540
540
202
160
540
540
630
319
540
494
540
540
2269
540
869
667
540
540
540
540
143
540
222
540
241
540
540
540
540
137
269
540
540
540
516
540
540
540
285
150
540
540
154
540
477
301
540
547
540
362
540
338
146
385
540
540
540
540
540
540
540
540
540
540
540
540
540
540
540
540
335
880
1929
540
540
540
194
144
540
540
540
540
273
540
540
540
540
540
540
234
540
540
149
540
135
540
206
379
540
540
540
540
1656
540
890
540
540
149
540
242
540
540
540
540
540
150
540
146
660
540
540
540
260
540
393
540
238
328
540
540
150
540
135
203
540
540
540
272
540
271
245
2174
155
780
540
141
676
540
540
540
187
365
165
217
540
540
326
540
317
167
540
135
279
540
540
643
540
540
308
540
369
540
540
540
540
540
540
540
302
540
540
313
540
540
540
247
285
540
540
137
320
283
540
540
540
267
2480
540
540
540
540
540
540
540
540
540
157
260
540
428
154
540
540
540
540
540
540
413
207
540
201
540
270
1069
540
540
232
540
540
540
540
540
249
540
248
540
540
540
540
190
540
312
141
540
540
540
261
157
449
237
540
186
333
540
153
540
169
429
194
235
271
162
540
540
540
540
540
540
540
540
412
540
540
540
621
540
540
585
540
540
253
193
515
540
540
1667
139
540
824
540
540
540
538
619
540
540
318
540
191
540
152
540
540
540
287
163
1654
540
229
540
540
137
154
135
540
217
540
540
540
163
225
540
540
540
540
3888
540
540
540
540
540
215
540
371
540
540
540
540
540
540
540
540
889
297
267
255
540
540
540
540
540
540
540
386
540
540
540
540
3165
540
490
992
501
540
540
683
540
540
540
220
540
620
540
173
540
540
400
226
540
174
208
540
540
540
540
540
540
191
423
282
874
540
556
540
230
313
560
540
518
160
540
540
540
273
152
540
540
540
183
540
540
540
512
540
540
265
540
540
540
540
610
454
540
709
540
540
256
540
267
180
540
1121
311
540
540
260
540
10553
877
540
540
540
540
540
540
185
540
406
367
206
540
540
540
232
359
161
540
540
540
540
540
540
258
540
610
387
173
770
137
540
540
540
540
443
278
540
540
1357
722
885
540
956
571
540
458
540
540
287
540
540
1198
214
332
136
540
540
540
540
540
432
540
267
717
196
540
272
540
540
540
2661
858
540
540
540
540
153
540
186
250
540
540
673
237
540
246
540
382
798
295
540
540
540
135
540
185
540
540
5405
540
540
540
540
540
453
361
743
540
540
540
135
164
540
540
540
540
540
540
207
368
519
1086
540
540
540
540
540
460
394
540
540
540
540
540
540
452
540
218
345
540
540
540
3888
540
540
540
670
540
540
213
540
540
540
540
199
540
540
540
870
540
150
540
211
540
655
540
540
540
244
540
540
540
540
1268
540
2926
540
266
540
540
540
203
671
540
774
229
540
540
1465
194
540
540
203
540
425
540
540
266
135
408
143
540
224
135
264
540
540
540
540
540
540
540
470
540
540
540
540
540
277
165
540
540
331
274
540
540
171
396
540
540
455
1280
186
245
224
540
540
206
540
540
637
540
540
445
753
540
540
540
540
251
218
535
183
540
1277
540
540
540
540
346
217
135
540
540
1690
540
220
540
540
141
540
540
540
540
540
540
159
540
250
2538
540
745
540
540
402
257
295
540
540
540
540
540
540
260
217
180
540
540
540
540
570
272
555
540
310
540
540
348
337
206
283
540
185
291
685
182
540
609
540
201
540
164
540
540
540
510
229
540
142
540
192
540
305
540
571
540
494
540
790
169
759
540
212
638
540
540
381
540
540
540
540
801
271
540
212
540
171
540
540
540
270
540
160
341
540
207
1049
260
540
334
540
540
3223
172
540
540
540
540
540
1210
540
540
295
540
693
836
520
547
203
212
540
633
540
540
540
540
540
540
2566
540
214
540
1045
540
212
418
431
540
540
374
540
567
540
540
540
540
246
540
540
540
540
540
540
540
166
250
540
540
272
219
540
2504
135
154
540
540
172
540
193
650
289
540
850
540
540
628
540
488
332
622
540
158
540
540
540
540
540
629
540
540
540
389
540
181
259
540
10553
152
540
540
540
540
540
540
540
956
620
540
540
540
540
540
540
580
540
540
540
540
540
540
540
540
1524
540
540
471
6687
540
160
260
540
540
540
540
818
242
265
487
540
540
390
540
214
540
540
540
540
540
540
1036
540
290
222
350
247
540
402
540
540
192
558
540
540
715
540
355
540
328
540
540
540
540
540
173
635
7038
264
165
540
540
540
540
545
204
540
187
540
540
540
540
540
540
540
540
540
267
540
540
578
540
540
356
540
540
540
540
246
540
328
540
250
540
613
540
540
540
155
540
441
989
540
540
540
540
327
540
540
540
540
540
540
315
540
540
289
540
136
313
540
136
408
540
540
540
387
540
388
540
540
275
1460
259
540
247
540
540
540
540
540
460
540
222
540
551
3605
139
327
540
540
540
540
332
540
540
540
220
540
540
540
540
540
135
540
540
595
304
540
540
540
540
540
540
540
540
540
540
540
540
241
540
1851
540
540
540
540
540
540
166
540
540
540
540
540
222
211
540
540
540
540
540
176
540
540
540
325
146
220
540
540
540
540
540
540
422
540
540
540
540
540
540
445
217
268
540
540
540
540
540
540
540
135
540
540
163
540
540
540
239
540
477
136
540
540
540
540
540
540
540
540
702
540
540
249
540
540
540
540
540
540
540
319
540
540
540
540
233
540
540
540
540
442
540
463
540
587
144
391
553
540
540
540
182
810
156
540
540
540
540
540
540
2542
5999
540
540
540
540
332
540
224
540
719
540
135
540
540
202
639
459
540
724
135
540
299
540
540
567
540
344
316
540
540
318
540
152
700
1006
540
166
540
251
540
540
540
540
540
540
540
540
540
540
540
540
540
139
540
540
540
540
540
540
540
540
212
469
540
326
625
540
180
540
540
232
540
220
540
195
540
1420
540
540
540
186
565
540
540
540
540
540
540
540
540
540
336
540
540
218
1417
540
540
202
540
540
540
540
282
540
250
1002
228
614
540
540
540
540
1138
864
540
540
183
540
485
540
540
540
540
540
540
265
540
540
296
540
540
137
583
540
540
540
540
456
540
296
540
540
540
519
175
540
540
208
540
540
418
540
540
540
540
540
540
234
540
137
634
540
540
635
433
264
554
435
323
265
1033
158
540
540
597
208
540
540
366
540
540
204
540
540
540
540
835
201
540
540
249
540
401
540
416
1870
540
540
540
540
540
540
517
540
540
540
329
246
223
540
540
540
337
540
540
540
163
540
540
540
540
540
540
540
540
540
424
303
540
305
540
540
540
540
540
405
449
540
540
540
540
540
540
292
602
540
675
540
540
540
157
142
160
540
540
540
434
540
627
540
138
540
249
540
540
540
540
540
540
540
540
540
540
540
469
540
540
305
540
5902
183
201
271
205
540
240
207
2571
540
346
150
540
532
135
540
540
540
168
540
540
540
266
221
540
540
540
540
212
540
540
540
541
540
540
540
540
540
540
437
540
234
540
244
181
540
1002
540
540
216
540
338
540
540
540
540
540
1465
163
540
540
540
322
378
540
342
540
540
540
138
318
202
540
138
337
540
540
527
540
540
223
540
540
301
530
540
198
540
540
218
813
540
280
484
540
540
540
540
201
540
540
540
540
540
540
540
540
540
540
486
540
540
540
540
208
156
698
255
540
540
193
540
540
540
540
540
540
269
540
231
540
540
540
244
563
540
540
135
1911
540
540
540
540
458
1854
540
317
197
540
540
540
540
540
540
540
724
540
540
540
540
241
540
540
556
540
540
540
540
540
540
540
202
540
540
333
540
540
184
540
540
402
917
540
540
540
540
158
342
540
540
540
540
156
540
255
540
540
540
540
325
540
540
540
540
540
540
540
540
540
540
160
176
668
540
195
330
540
540
1165
540
540
540
220
540
540
540
540
540
540
540
219
540
232
540
540
540
540
540
540
1420
540
540
139
697
512
540
540
414
540
540
1351
540
540
540
1177
341
552
540
330
540
540
885
540
540
666
540
540
540
359
540
540
540
540
540
540
540
540
540
540
540
540
454
540
540
540
540
540
167
540
540
540
540
540
540
540
540
548
205
540
148
540
149
540
540
540
540
600
270
187
540
540
173
540
1425
216
389
540
540
383
302
989
164
3382
540
898
540
540
178
540
211
540
526
540
540
540
540
540
250
540
592
540
154
540
540
304
540
540
540
239
2645
255
411
459
540
351
540
540
540
615
540
194
300
408
540
604
540
138
540
540
293
583
135
247
540
135
540
540
207
599
530
220
540
156
573
1464
540
540
540
540
540
540
540
540
540
540
182
437
540
540
244
2010
540
548
540
141
540
540
540
540
540
540
540
540
674
540
540
540
540
226
170
540
209
540
540
540
540
540
540
540
529
540
540
1472
540
540
540
1575
139
496
138
540
540
540
540
268
271
540
540
1481
540
540
540
720
477
540
245
540
198
540
540
199
540
540
642
540
540
555
540
540
540
540
540
540
540
540
540
540
540
540
540
540
144
540
198
540
540
540
540
540
540
540
540
298
165
540
540
357
540
540
540
540
540
540
235
540
540
540
470
540
540
540
540
540
540
418
613
540
540
540
206
540
540
540
549
540
540
540
931
923
540
270
369
270
540
540
540
540
342
540
540
208
540
540
540
540
540
14652
540
540
540
540
273
540
540
540
540
540
162
540
192
136
540
540
312
240
514
540
316
540
272
540
215
540
540
540
540
540
540
208
540
733
540
540
540
540
479
540
540
540
2442
202
540
540
540
540
285
540
183
540
540
223
540
540
540
540
2677
540
540
596
540
628
540
147
230
489
2192
540
582
540
540
488
1498
540
540
540
540
540
540
540
540
308
177
309
189
540
540
540
540
540
540
540
540
540
540
540
482
540
1399
540
540
540
540
540
540
540
265
540
724
209
540
386
309
540
540
540
540
419
540
241
201
540
540
294
540
540
383
540
540
135
540
540
540
540
540
484
540
536
540
540
540
540
540
258
135
1574
270
540
540
173
252
409
199
568
540
250
418
314
540
540
540
1298
418
540
1848
1267
214
540
540
540
540
540
540
540
540
540
540
185
452
540
581
135
711
336
540
540
540
540
217
540
540
540
1527
540
540
540
540
542
540
540
178
540
540
540
540
540
209
540
540
675
540
540
295
136
540
540
540
540
141
540
540
540
540
169
540
540
540
2186
540
540
175
540
325
665
540
540
136
540
540
325
246
331
540
380
540
540
540
145
540
540
540
858
540
540
1510
540
187
540
540
540
265
540
540
540
540
540
540
540
637
540
292
211
3449
540
262
540
540
370
1980
540
540
540
540
540
540
540
540
540
540
540
760
540
540
540
335
231
613
404
273
540
540
624
540
156
540
1721
540
854
540
540
350
540
540
540
540
264
540
540
540
540
540
540
246
540
540
540
750
540
540
218
540
540
540
540
540
540
681
540
540
540
206
540
540
554
540
3135
540
4086
540
540
540
540
940
540
540
540
245
428
135
540
540
540
241
540
459
540
540
540
540
540
540
540
540
540
540
3055
540
540
540
540
540
540
540
540
540
540
540
540
282
733
540
540
516
540
540
540
540
540
540
954
540
540
198
540
14652
540
295
238
956
383
540
187
540
540
540
540
540
540
540
620
498
540
540
678
540
270
540
540
228
540
177
540
540
540
540
540
566
252
540
150
540
540
540
540
540
540
540
166
171
540
313
540
540
540
540
540
540
540
390
540
540
540
540
540
540
540
540
377
540
540
540
540
540
540
540
540
540
540
224
315
901
540
540
602
540
540
540
540
540
556
540
540
540
540
264
540
540
540
202
540
262
540
540
540
248
540
540
292
234
540
540
540
751
540
540
540
540
540
270
186
540
311
833
540
540
540
540
540
540
540
219
540
540
540
540
540
540
540
540
540
540
540
540
340
540
175
567
540
251
3818
540
540
540
144
540
232
149
540
540
540
409
135
540
540
540
2645
540
540
284
490
644
229
540
540
1510
540
540
540
540
374
540
540
540
540
540
540
540
540
139
540
629
1639
540
540
419
248
145
540
1987
540
378
460
135
527
540
218
275
540
540
172
261
540
514
540
443
540
540
540
540
540
540
540
540
540
247
540
540
540
540
540
540
173
540
176
540
540
540
540
274
324
294
135
540
540
540
540
540
400
540
540
540
341
540
540
540
540
540
540
540
540
651
388
203
540
540
223
540
540
540
442
540
540
559
540
540
540
540
181
540
297
540
358
540
540
164
540
426
540
247
540
540
540
540
540
540
540
540
540
540
540
971
540
540
540
392
202
138
540
540
456
252
540
540
540
540
540
540
540
540
540
239
144
276
540
540
540
540
540
540
540
540
246
540
540
540
380
216
852
540
540
540
540
540
287
148
540
540
540
540
201
686
540
540
540
540
540
540
138
162
605
540
540
185
821
540
540
540
540
540
624
540
337
540
143
540
540
224
135
540
540
540
603
166
540
1145
441
540
540
2542
289
197
137
540
422
540
540
540
540
540
196
540
5335
1262
540
540
540
460
540
540
540
540
135
540
540
540
540
540
275
540
540
540
155
540
386
171
540
540
541
540
540
540
540
540
4063
513
214
540
540
540
540
436
540
221
540
540
540
473
540
156
540
817
540
540
540
311
540
540
412
540
540
540
540
277
392
540
1214
540
246
2920
540
540
540
540
540
540
540
594
540
540
490
540
396
540
540
206
540
540
246
540
2926
540
347
208
227
540
540
540
540
540
540
540
540
191
540
540
540
828
156
540
540
303
540
187
540
540
540
186
156
540
230
540
540
151
540
540
1654
371
540
540
540
540
256
540
273
540
540
365
540
243
540
165
540
540
928
540
540
540
1601
540
540
540
595
540
540
540
540
155
540
239
434
393
147
540
540
177
153
540
540
210
540
540
540
135
540
540
540
540
540
540
176
540
210
540
540
540
540
290
540
540
540
540
328
540
540
186
304
540
540
540
542
540
240
540
497
540
540
540
277
278
540
790
307
363
463
10553
540
540
231
360
540
540
570
540
540
540
408
322
540
455
540
540
540
362
226
540
540
540
540
540
540
3565
540
540
540
540
540
540
540
540
540
540
540
540
540
5405
540
505
540
540
540
540
540
540
540
540
540
540
540
528
540
540
540
254
540
540
672
540
540
330
540
540
309
540
540
207
540
234
145
540
540
640
641
540
540
540
756
540
255
540
177
540
510
540
501
1776
167
540
605
540
540
1477
540
601
545
540
540
540
540
540
540
540
540
540
540
540
540
540
540
202
1445
540
530
540
540
540
172
540
540
646
540
540
540
141
540
540
540
540
540
252
540
540
540
540
540
1866
279
540
540
540
540
324
540
540
540
377
189
540
216
540
178
540
540
540
540
540
540
540
540
540
540
540
154
540
540
540
540
467
540
540
540
540
322
540
248
236
5335
540
540
540
540
171
540
540
540
540
664
324
135
540
540
540
190
258
540
540
271
540
540
540
141
476
176
183
540
223
540
540
540
287
149
540
1882
540
540
540
540
540
540
207
220
540
540
656
540
540
540
540
452
540
540
540
209
540
540
540
540
540
540
540
540
540
540
199
540
540
540
540
540
540
540
552
540
540
290
540
540
231
540
256
540
540
540
540
708
540
540
540
540
172
540
210
260
540
540
540
540
540
540
540
540
540
179
448
293
540
150
144
540
540
540
540
182
540
540
540
540
540
540
540
135
566
540
540
540
135
3565
540
540
540
540
540
540
540
540
540
540
540
263
540
592
540
540
339
540
587
540
540
540
215
540
540
239
540
540
540
540
540
540
540
540
281
1052
540
540
540
540
338
540
540
540
540
540
540
275
540
540
540
540
540
602
540
540
421
540
269
540
540
136
540
540
305
1133
540
540
260
540
540
540
540
540
540
540
540
540
540
540
540
436
540
540
540
540
540
614
540
565
540
540
540
540
540
540
540
540
540
540
540
540
540
540
540
138
540
540
205
540
540
540
540
540
226
540
540
540
540
6687
540
540
540
179
294
540
540
540
316
311
540
581
540
540
540
540
540
1426
540
540
540
540
540
518
540
250
285
540
345
540
540
151
540
540
540
540
540
540
540
680
540
540
540
540
540
540
540
540
540
540
540
540
540
540
540
540
540
540
251
540
540
540
540
540
540
540
540
245
540
256
540
164
751
540
540
540
540
540
540
540
540
306
540
540
367
142
540
540
540
1214
540
412
216
540
540
540
540
540
540
269
1420
187
243
200
540
540
540
540
540
540
540
540
230
394
540
260
540
1224
203
540
540
1760
540
540
540
540
1601
543
2677
357
540
540
540
540
353
540
540
540
1266
657
179
259
540
540
540
540
1450
612
540
540
156
207
540
540
540
1508
135
540
540
313
135
540
540
540
540
540
540
540
240
540
169
540
540
540
540
540
242
803
540
183
160
540
279
219
540
540
540
540
540
1743
540
540
1513
540
540
540
540
540
351
257
774
633
540
540
540
540
540
540
540
540
540
540
540
540
540
540
257
540
540
880
540
540
540
540
140
540
540
540
540
540
495
540
540
540
540
540
228
540
931
540
540
540
540
540
2648
540
540
401
540
181
540
540
540
540
540
540
135
1064
540
540
356
235
540
540
303
540
540
540
14652
540
540
540
540
540
540
540
668
641
540
1115
540
357
540
540
540
1075
540
540
540
540
540
540
540
540
540
540
540
540
540
540
540
540
540
540
540
540
540
332
540
540
540
750
540
540
540
540
540
540
540
527
540
540
540
275
1098
243
540
372
540
540
540
540
540
540
540
540
540
540
540
540
540
242
922
540
230
540
540
540
540
540
540
540
540
540
540
540
540
540
363
540
408
540
3055
540
276
540
540
540
269
228
540
540
540
540
540
540
540
540
540
540
540
540
540
540
540
3382
540
618
526
339
540
540
540
540
187
540
339
627
380
540
540
540
540
540
217
540
540
145
540
540
135
655
540
141
540
540
540
540
540
412
540
540
540
540
530
540
188
284
540
540
540
137
540
540
540
498
540
744
135
540
540
540
540
135
540
540
540
540
540
540
386
540
540
540
540
540
540
540
595
540
540
540
540
540
209
540
540
159
540
540
540
540
540
540
540
540
540
619
540
540
540
540
993
300
159
540
540
540
540
540
211
540
2348
540
540
540
215
540
540
135
540
540
540
540
540
540
540
224
540
135
246
540
180
540
540
333
285
540
540
540
540
540
533
540
328
540
270
395
540
540
169
540
540
326
540
2030
540
997
540
540
540
540
462
540
540
540
1171
540
540
414
540
540
540
540
540
540
540
540
540
540
540
540
540
540
540
540
540
261
540
540
223
540
593
244
540
540
540
540
540
14652
221
466
703
540
254
540
540
540
540
540
540
540
540
540
540
540
313
340
540
540
540
540
201
626
1328
540
540
242
540
540
540
540
271
540
540
135
193
540
137
540
540
278
540
151
540
267
702
540
540
314
195
540
540
540
540
540
145
540
262
540
540
270
834
540
540
991
540
540
137
540
540
540
540
540
540
540
540
540
176
540
151
135
540
540
540
540
540
540
540
540
540
540
540
540
540
270
540
540
540
540
540
540
540
540
540
324
540
231
540
540
540
540
540
540
4063
540
467
540
540
540
540
540
540
576
540
1667
540
509
540
540
526
540
540
334
540
540
540
540
1573
540
384
540
540
540
540
540
339
540
540
225
540
540
540
659
243
540
540
540
540
4063
540
540
540
189
540
540
540
291
540
540
540
540
540
540
540
993
540
540
540
540
540
540
540
540
540
540
540
540
540
540
540
540
540
191
540
540
288
540
248
540
540
540
540
540
540
540
540
540
540
459
540
540
262
540
540
540
540
249
540
540
311
540
540
291
540
540
540
540
540
540
371
536
271
540
540
540
540
540
1813
540
731
380
540
540
255
540
540
540
540
540
540
540
540
540
540
540
540
540
540
540
540
540
155
306
540
540
540
540
540
540
540
540
540
540
540
231
540
540
540
540
269
262
606
407
540
141
540
543
540
274
540
331
540
540
540
540
540
540
540
540
540
540
540
540
540
540
540
540
540
541
540
540
593
540
540
139
540
540
540
540
540
540
438
540
540
540
540
490
540
540
176
540
540
540
540
549
3183
540
249
540
540
540
303
540
540
540
540
540
189
540
540
540
540
540
540
540
540
540
940
540
135
540
540
540
540
540
540
151
670
540
687
540
540
540
540
540
540
141
540
540
540
540
540
295
929
540
540
281
540
540
540
540
540
540
540
540
540
540
2910
540
182
540
540
540
540
540
540
540
540
540
540
540
540
540
339
540
540
540
540
226
540
242
540
540
540
540
540
540
540
540
540
178
390
540
540
540
2542
540
497
540
540
540
540
540
540
540
196
540
540
540
450
540
540
540
540
216
557
540
540
540
540
262
540
251
822
540
540
540
264
540
540
540
198
153
540
540
540
305
540
540
540
540
540
540
540
199
540
540
540
540
540
540
196
284
540
540
540
540
540
540
540
540
540
148
540
540
405
759
540
540
540
540
540
540
540
540
540
540
540
540
540
540
540
540
540
540
540
204
540
540
540
540
1056
540
540
540
168
540
540
540
540
540
540
788
540
313
178
452
540
540
540
540
540
540
540
540
540
228
540
540
540
540
540
540
540
540
540
418
246
540
311
228
540
540
150
540
540
278
540
540
540
540
629
540
547
540
540
540
232
540
218
540
540
540
540
540
540
290
540
540
540
540
342
540
213
540
540
540
540
174
578
540
221
143
540
347
182
260
362
540
540
540
540
540
540
540
540
540
540
540
540
540
540
554
1964
540
540
540
540
540
295
540
540
776
540
540
540
540
896
215
540
540
540
540
540
540
540
540
540
540
540
540
540
540
540
396
540
540
540
540
540
540
540
540
540
928
540
540
540
540
540
540
540
540
540
540
2142
540
482
540
540
540
540
540
540
540
540
145
249
438
540
540
540
540
540
540
540
540
540
352
437
540
540
808
540
540
540
540
540
540
540
540
540
540
540
540
540
540
540
540
540
540
540
540
540
571
540
540
540
421
569
540
540
540
540
540
540
540
540
540
540
540
540
540
540
540
540
540
540
540
540
540
540
540
540
540
540
175
540
540
364
540
540
279
540
540
540
540
540
540
235
540
170
437
540
540
540
620
540
540
540
256
540
540
540
540
540
540
540
540
430
540
540
540
540
540
540
540
540
540
540
381
540
540
540
467
540
540
421
540
540
640
135
540
540
540
540
540
316
393
540
540
161
540
540
540
540
540
197
540
540
540
540
540
1609
540
238
540
540
540
256
540
540
540
540
354
540
673
540
540
225
540
540
224
409
540
161
540
540
603
1475
540
540
540
540
638
540
540
540
540
540
540
540
540
540
540
540
216
540
281
540
540
540
540
540
540
540
540
553
540
540
540
540
540
405
540
540
540
4911
540
540
540
540
711
173
540
540
540
540
540
540
540
540
540
540
540
324
540
540
540
342
540
540
226
540
540
540
540
540
540
540
3449
135
175
181
540
540
473
540
540
308
1601
540
540
399
498
163
540
540
540
540
540
540
540
540
540
540
540
540
540
540
540
190
240
540
426
540
295
540
540
540
540
540
237
540
540
540
540
540
540
540
540
540
540
540
540
540
540
404
540
540
540
540
540
168
540
183
540
540
540
540
540
540
540
540
137
540
540
540
540
540
540
540
540
540
540
540
540
540
540
256
546
540
540
540
540
540
568
372
540
226
382
540
540
540
540
540
540
540
540
540
540
540
540
540
540
540
540
216
540
646
540
540
558
540
540
540
303
261
540
540
141
540
540
540
540
540
166
540
1598
540
540
540
540
540
540
540
540
540
540
540
540
540
540
540
540
540
540
540
540
540
434
540
540
540
135
540
540
334
540
540
540
540
540
540
540
540
540
540
321
540
540
540
540
540
540
491
540
540
540
540
504
540
540
540
540
540
540
540
540
993
540
540
540
540
540
540
137
540
540
540
540
540
156
354
540
540
540
540
384
196
540
540
540
540
540
540
540
540
540
540
540
540
135
185
753
540
540
540
379
540
540
540
540
219
540
540
240
540
540
540
312
540
686
540
540
540
540
540
540
540
540
540
153
540
146
540
1501
540
540
540
540
629
540
540
540
