250
234
241
258
229
262
226
242
266
226
237
237
238
233
244
250
229
264
210
235
229
248
227
228
235
240
218
235
245
236
219
245
226
238
223
209
391
244
232
217
211
251
219
230
239
223
218
238
247
250
225
202
234
237
216
238
237
240
257
231
221
234
240
241
214
226
227
230
225
227
216
217
213
220
196
226
194
217
219
232
228
213
216
231
200
214
217
220
227
215
226
217
229
235
173
215
206
219
204
215
210
203
206
202
237
197
201
214
221
188
216
199
225
213
214
223
217
220
219
213
215
168
181
155
235
206
214
193
222
221
181
206
200
196
223
216
156
196
212
187
201
194
200
217
188
217
180
199
182
148
154
182
198
200
196
153
186
186
192
203
226
216
176
201
208
166
185
207
184
185
190
115
173
157
133
174
178
156
211
182
152
155
106
204
197
214
136
121
145
192
114
183
157
137
160
176
150
139
136
122
136
167
179
175
143
95
77
134
131
207
126
154
97
69
165
142
124
135
133
87
147
118
270
103
126
99
221
144
124
132
169
127
72
111
135
123
270
91
80
270
119
270
88
81
270
76
165
95
270
270
270
270
270
270
270
270
270
122
270
73
270
270
270
105
270
123
270
118
270
270
69
270
270
270
270
270
270
270
270
270
270
270
270
270
270
270
95
270
270
270
270
270
270
142
270
270
270
270
270
270
74
270
270
270
270
270
270
270
270
270
270
270
270
270
270
270
270
270
270
270
270
270
270
270
270
270
270
270
270
270
270
270
270
270
270
270
270
270
270
270
270
270
270
270
270
270
270
270
270
270
270
270
270
270
270
270
270
270
270
270
270
270
270
270
270
270
270
270
270
270
270
270
270
270
270
270
270
270
270
270
270
270
270
270
270
270
270
270
270
270
270
270
270
270
270
270
270
270
270
270
270
270
270
270
270
270
270
270
270
270
270
270
270
270
270
270
270
270
270
270
270
270
270
270
270
270
270
270
270
270
270
270
270
270
270
270
270
270
270
270
270
270
270
270
270
270
270
270
270
270
270
270
270
270
270
270
270
270
270
270
270
270
270
270
270
270
270
270
270
270
270
270
270
270
270
270
270
270
270
270
270
270
270
270
270
270
270
270
270
270
270
270
270
270
270
270
270
270
270
270
270
270
270
270
270
270
270
270
270
270
270
270
270
270
270
270
270
270
270
270
270
270
270
270
270
270
270
270
270
270
270
270
270
270
270
270
270
270
270
270
270
270
270
270
270
270
270
270
270
270
270
270
270
270
270
270
270
270
270
270
270
270
270
270
270
270
270
270
270
270
