1240
770
807
886
454
469
856
793
805
835
947
642
948
401
735
1096
384
897
395
652
994
840
974
482
456
482
848
444
418
430
443
949
719
428
526
749
422
393
393
412
578
537
425
398
603
442
843
410
378
403
423
787
722
431
382
422
392
453
719
586
387
817
951
382
368
427
535
373
484
674
386
369
441
382
415
370
392
387
397
527
523
391
507
402
673
465
378
423
455
367
367
1145
423
609
384
376
373
405
342
367
356
365
545
380
408
377
368
729
699
370
384
378
880
366
949
372
357
513
639
333
394
376
389
387
371
378
371
405
825
399
397
367
622
385
360
388
856
555
376
386
548
545
381
372
911
393
370
369
550
584
345
391
389
355
381
363
358
363
360
437
481
339
368
622
331
367
341
523
404
349
389
359
364
323
405
362
550
1288
361
326
372
1344
368
365
346
327
502
336
335
443
563
341
386
357
308
356
349
360
544
350
377
295
1096
399
391
355
362
402
367
324
353
327
349
520
339
354
673
371
528
321
733
326
708
365
346
352
308
355
329
327
361
373
373
460
346
339
358
336
352
304
344
365
625
354
348
341
355
332
348
350
353
368
373
359
347
337
344
332
343
322
372
320
317
333
357
340
349
320
327
318
340
336
452
343
361
571
335
360
315
345
680
507
340
451
915
329
365
594
502
298
405
342
333
298
313
506
325
547
335
326
513
308
334
595
368
560
314
428
358
346
413
347
301
328
300
346
340
347
409
342
322
327
454
313
346
650
345
336
316
314
386
305
324
339
534
349
379
315
331
361
337
349
361
317
337
353
326
325
303
314
294
338
323
390
350
295
339
454
292
325
609
328
366
313
372
349
327
297
331
324
345
402
326
372
272
747
298
302
344
370
466
330
426
295
306
492
351
346
295
351
338
314
353
886
328
290
316
298
519
335
359
337
343
331
350
315
309
318
417
288
296
427
453
352
350
373
292
291
311
318
331
317
332
292
336
497
311
327
301
340
336
329
296
336
319
317
324
325
558
295
509
300
397
315
351
334
349
341
733
550
325
511
303
462
293
299
284
289
340
320
308
341
323
331
297
323
326
283
339
561
331
330
332
362
289
308
340
310
605
297
290
405
360
326
322
357
305
594
466
310
311
266
304
314
297
316
310
306
306
349
325
313
351
321
278
341
324
309
317
296
369
317
388
289
429
324
295
328
314
334
324
384
259
335
347
308
272
415
523
311
307
342
338
288
309
306
312
355
319
340
322
276
284
303
329
256
455
283
317
306
312
336
303
361
267
317
358
282
309
280
293
299
296
268
321
298
296
346
351
306
315
317
273
306
275
335
287
280
221
323
332
306
311
299
297
327
315
350
255
325
302
303
349
377
406
280
310
308
264
407
438
325
327
375
745
303
278
307
288
338
329
297
307
333
324
308
360
255
319
279
290
307
322
340
312
322
282
332
326
364
282
372
302
284
273
264
305
290
270
282
292
580
308
460
273
277
273
314
326
282
404
296
304
289
282
364
265
282
299
278
370
519
302
253
279
306
269
282
951
264
262
277
281
289
288
290
1240
273
256
274
318
272
254
284
364
1288
264
303
297
440
332
267
285
270
292
306
340
332
325
294
271
326
262
277
318
223
328
295
284
301
265
306
299
294
301
277
253
320
210
287
277
260
266
258
283
439
264
291
276
318
590
498
322
276
307
331
317
294
327
330
286
324
274
254
325
325
324
321
286
286
445
586
287
330
319
275
251
271
288
315
339
249
269
327
311
311
346
308
254
303
281
323
265
282
282
272
284
282
403
307
238
321
498
259
299
438
317
291
352
275
313
296
264
417
285
291
301
292
301
322
300
295
380
259
304
281
306
237
407
290
272
257
393
344
270
263
275
322
317
272
301
259
318
265
279
309
446
350
227
318
292
244
292
308
206
280
307
333
320
323
321
262
303
282
337
246
266
261
341
287
249
407
275
278
270
298
301
515
290
345
252
265
207
276
283
303
306
287
361
304
291
341
539
261
286
324
260
232
261
314
257
308
300
280
455
438
241
268
227
603
252
315
258
247
274
247
246
249
314
275
296
292
314
260
332
300
302
481
227
378
258
217
319
270
320
301
245
289
274
311
274
348
326
414
345
273
302
265
257
286
263
291
246
261
273
258
215
285
302
289
294
276
270
284
285
253
235
255
308
236
228
287
287
321
287
254
274
271
256
250
205
273
277
278
229
261
300
261
308
301
323
265
273
296
248
275
290
219
403
313
443
275
257
231
353
349
280
361
254
285
248
349
293
320
250
262
296
314
284
243
291
250
513
247
310
269
209
254
311
311
211
201
258
352
203
242
250
212
235
275
307
328
268
231
286
265
303
287
291
315
547
221
310
209
218
290
348
280
278
174
248
355
343
264
312
321
265
302
290
276
229
459
340
294
240
318
252
302
204
286
241
260
281
257
251
308
282
234
242
286
261
283
301
216
269
229
331
236
252
248
270
273
282
277
253
330
325
256
265
213
280
292
243
238
210
273
265
544
278
295
277
256
296
267
307
367
258
305
253
214
252
326
273
307
312
311
217
258
438
215
272
265
144
275
238
277
203
233
284
285
301
306
258
392
291
275
306
287
253
280
278
258
259
227
225
275
292
234
220
242
164
306
245
368
257
216
268
234
284
291
272
284
235
280
298
350
240
304
429
271
170
289
257
134
261
243
222
240
269
255
312
292
239
323
292
251
243
258
238
297
297
281
135
296
290
267
260
263
238
251
265
216
271
246
231
292
489
293
279
231
289
308
258
257
271
256
264
299
253
203
269
254
260
250
243
240
256
265
228
296
192
271
226
240
264
297
286
1877
215
332
300
300
231
267
501
258
205
278
215
231
374
247
297
278
223
467
277
242
299
246
303
269
228
622
303
257
278
263
202
298
276
261
243
254
290
487
264
258
248
248
271
266
279
257
511
311
249
246
521
245
262
284
232
261
496
147
306
254
261
499
506
230
249
234
223
297
229
126
278
245
270
560
286
315
197
241
284
264
226
272
192
317
308
285
279
217
270
192
289
222
199
237
267
225
151
245
253
534
241
233
348
187
283
272
278
323
233
283
265
289
157
256
301
286
169
271
231
267
315
199
254
242
168
294
347
226
452
224
275
336
231
228
256
161
175
230
268
407
276
252
163
230
343
255
269
229
210
228
130
264
276
250
262
274
248
266
248
230
302
247
295
235
216
300
259
256
248
146
245
268
312
233
240
309
243
296
157
268
465
231
236
229
201
282
242
231
331
251
286
242
274
299
240
248
232
236
211
255
317
211
262
496
290
224
266
209
246
266
287
259
284
220
273
196
254
253
496
246
214
211
250
333
220
293
218
304
243
252
281
265
402
202
237
629
267
265
236
269
330
270
271
225
226
760
217
159
195
277
235
199
208
450
267
124
356
260
247
215
171
243
254
293
273
314
193
897
265
246
150
166
270
124
235
244
222
288
287
236
358
197
227
269
199
272
359
285
230
276
254
231
253
278
285
274
249
253
232
245
240
301
210
249
230
166
272
289
432
229
210
309
235
233
215
219
496
238
226
285
235
232
218
171
229
243
254
246
245
256
217
279
279
496
203
278
294
205
254
213
246
381
255
290
278
231
318
297
257
297
284
137
288
367
279
244
249
292
284
445
245
245
240
260
354
231
209
261
239
244
332
237
305
260
226
205
263
309
280
273
215
323
273
227
235
256
256
241
224
207
277
206
228
221
286
286
496
228
287
261
131
234
185
215
207
246
237
253
227
213
299
189
362
256
224
197
277
159
240
252
198
161
289
269
234
287
222
241
194
285
203
177
188
172
178
242
233
219
238
298
274
283
316
216
150
270
208
261
293
248
206
241
298
180
496
232
252
303
234
222
261
283
218
246
228
289
234
136
247
252
231
155
231
237
267
319
258
231
196
322
250
231
267
258
271
264
248
321
244
217
247
315
174
243
156
180
199
256
306
254
293
130
362
224
240
278
196
200
204
221
258
282
246
284
171
519
242
264
171
192
250
245
151
245
251
189
223
281
235
496
240
206
230
216
274
253
207
270
337
496
268
255
264
217
169
210
147
255
213
246
223
281
178
239
228
193
191
161
229
518
264
228
303
192
209
242
173
148
261
216
207
188
866
251
338
285
242
293
208
219
343
496
239
289
237
232
256
199
128
207
286
283
310
163
496
146
276
261
236
232
210
246
255
194
252
268
216
131
278
199
226
233
182
220
231
256
265
317
212
254
169
152
269
496
203
496
325
496
249
160
248
198
222
238
285
132
218
178
206
246
248
258
183
205
496
268
196
328
247
261
214
256
200
251
201
235
182
229
496
239
288
183
191
167
248
268
192
192
252
232
171
197
213
227
217
243
232
243
261
215
288
214
283
227
246
211
226
173
206
263
204
496
223
246
289
222
259
225
223
227
272
266
211
326
224
245
234
221
250
290
244
225
231
496
275
496
256
218
124
155
193
211
227
248
263
285
333
235
125
209
203
265
263
313
281
263
365
496
326
296
238
214
294
220
180
258
284
178
168
496
241
232
134
141
225
194
136
288
155
235
247
211
203
162
319
252
273
237
220
226
192
269
213
200
307
262
219
212
957
218
190
197
211
265
208
240
214
196
273
154
247
221
157
176
378
182
203
167
202
255
208
496
270
238
245
224
243
235
261
528
250
199
135
217
243
216
143
239
171
201
292
215
281
256
174
245
250
126
217
235
206
213
153
260
215
205
233
168
496
217
230
161
224
185
496
261
272
210
227
220
249
355
238
180
198
221
261
197
261
176
239
156
245
137
285
195
238
221
398
213
235
496
160
207
198
208
259
260
213
229
183
593
267
224
265
176
223
209
266
199
256
225
249
203
260
237
191
224
186
214
485
496
235
187
199
245
283
496
231
246
177
156
254
144
242
124
125
228
240
189
192
192
266
206
126
245
136
233
184
234
225
218
130
196
496
233
274
124
496
229
197
506
238
190
205
212
244
188
235
182
217
282
238
198
191
256
215
165
261
201
204
496
496
155
244
223
167
209
256
219
210
220
192
209
496
218
200
238
204
231
191
185
275
195
221
167
213
219
244
139
190
180
284
206
224
248
218
213
231
216
496
308
242
227
162
228
247
194
286
186
226
178
152
190
186
496
223
243
200
496
496
193
159
496
253
496
287
241
267
223
496
496
212
274
243
165
245
496
496
143
295
302
229
264
390
199
224
241
240
243
237
187
238
133
264
496
293
223
212
217
185
234
221
178
286
151
296
250
274
168
250
496
254
204
496
272
496
197
158
207
221
124
234
159
195
234
229
212
168
223
249
241
305
202
211
307
196
131
154
124
167
159
243
680
274
148
279
212
247
496
158
213
224
277
276
511
272
179
228
496
175
151
231
496
209
252
223
496
496
496
203
496
168
139
264
238
496
215
180
212
258
218
223
496
224
250
199
496
496
162
203
205
130
211
222
214
239
494
496
176
496
206
1033
278
249
208
218
281
203
246
202
176
201
221
496
200
207
205
148
496
496
240
242
243
353
248
496
164
256
496
249
496
201
221
172
496
496
496
132
196
246
168
275
260
496
269
190
265
289
215
221
193
496
224
183
192
338
221
258
220
236
219
244
158
152
296
496
255
138
496
250
199
245
192
310
124
253
140
292
243
496
496
209
233
194
189
496
279
238
170
177
184
251
496
158
206
180
268
496
239
173
212
226
183
186
183
222
205
219
496
193
188
136
216
127
228
235
244
496
127
205
192
226
261
271
210
199
252
496
166
237
249
203
126
496
160
207
203
221
496
124
193
166
246
496
164
223
188
284
292
242
162
232
208
183
244
496
496
168
144
496
264
203
230
184
202
496
496
496
186
243
169
221
496
248
496
174
206
165
496
496
496
175
237
253
496
147
166
496
210
305
125
496
496
222
189
188
212
189
177
140
168
124
271
165
280
243
257
249
124
222
496
496
282
278
124
206
248
293
496
161
221
180
214
211
227
215
496
218
496
172
201
496
176
496
153
198
211
235
239
141
272
124
246
496
192
193
164
175
235
237
151
274
229
212
496
154
157
165
181
152
195
164
202
142
250
186
179
208
214
194
231
251
208
183
143
257
208
266
125
496
204
216
187
187
269
161
159
496
220
166
235
157
255
306
156
206
229
185
127
230
209
183
496
220
132
134
189
239
187
310
292
241
127
496
266
202
219
237
265
152
250
173
496
163
496
227
162
496
281
1877
496
352
141
131
496
124
496
254
249
496
289
170
203
175
158
202
134
146
496
124
230
496
131
496
197
185
496
257
256
139
496
240
218
188
298
226
496
198
236
219
222
183
496
216
230
151
200
324
146
168
273
201
496
274
496
274
178
496
496
178
496
261
496
234
168
256
243
149
236
158
150
269
496
163
190
233
245
496
235
156
153
220
176
211
221
126
267
496
496
162
496
136
247
171
136
224
185
197
245
225
264
496
206
266
1173
181
199
246
166
496
496
186
208
227
124
246
178
192
496
193
219
181
225
222
496
156
199
182
224
227
239
496
262
496
232
263
190
222
561
496
496
168
233
146
130
360
180
212
170
496
151
203
175
205
496
234
169
139
248
124
229
209
496
496
264
274
138
496
496
132
243
302
143
247
150
214
222
496
226
187
496
330
152
179
249
248
130
140
179
259
225
496
229
233
168
152
253
137
195
237
169
124
191
622
496
496
153
496
496
496
212
225
171
251
496
152
247
207
274
245
496
496
496
153
496
241
496
230
231
496
496
496
232
195
496
197
646
272
244
496
496
253
140
240
158
245
496
179
144
229
165
152
242
455
209
496
496
373
496
496
261
238
143
214
233
496
223
159
248
150
152
167
224
496
171
143
335
258
224
496
185
216
146
496
219
227
154
201
496
244
243
496
191
217
248
848
216
124
191
153
243
230
197
201
204
496
496
223
155
163
496
1344
132
223
496
141
496
199
496
134
246
179
210
496
139
496
230
218
265
496
190
265
158
496
236
496
225
268
496
124
213
231
153
315
496
496
230
496
191
230
211
128
496
270
198
128
230
218
496
201
496
199
496
496
187
186
231
496
496
496
179
201
176
496
496
165
150
204
496
176
157
153
496
496
140
496
276
496
213
172
496
496
208
496
186
183
211
168
496
191
189
496
162
496
162
496
209
177
496
199
496
496
173
166
128
197
132
194
247
496
219
215
496
168
496
496
132
215
191
158
178
247
496
133
496
187
496
211
182
496
496
226
496
138
496
1033
496
168
496
164
196
496
139
128
211
496
173
175
496
496
245
172
197
496
241
190
202
496
217
166
194
496
134
496
232
142
249
131
496
496
282
207
233
174
206
262
496
147
144
295
164
125
219
496
289
124
165
227
496
167
496
152
496
140
496
496
496
150
333
496
157
254
156
496
162
226
496
124
231
496
496
166
243
235
496
242
230
124
496
126
191
210
237
188
166
219
136
496
354
126
496
496
496
136
395
124
496
194
496
496
128
125
496
496
496
231
496
496
496
198
126
232
154
151
496
231
205
171
199
208
496
171
496
124
496
162
128
237
147
153
154
496
496
496
496
149
526
496
496
209
496
496
196
138
182
126
496
496
183
237
165
496
496
496
156
496
205
496
526
187
496
511
137
171
496
496
182
161
202
496
141
184
496
496
496
150
221
250
192
496
496
496
164
496
175
260
496
251
496
227
242
189
496
230
171
496
210
227
496
496
496
496
152
159
207
256
196
189
496
496
177
496
236
182
496
178
139
496
257
283
496
496
185
496
237
496
218
496
258
274
496
201
229
496
496
496
496
496
496
139
204
496
178
202
170
201
193
229
132
496
124
174
496
138
496
496
496
129
496
139
496
496
496
496
496
496
216
266
496
181
496
496
175
168
232
164
496
496
192
150
197
496
177
150
496
180
208
496
226
132
496
124
187
496
138
167
496
496
184
243
251
235
496
209
496
496
266
346
203
496
190
195
496
222
496
211
156
496
142
200
184
168
496
128
496
496
496
496
130
496
172
496
169
496
176
173
496
128
213
496
496
496
143
325
432
203
261
496
496
496
496
496
496
496
496
182
905
258
184
245
496
225
974
496
496
155
405
242
496
496
480
496
496
143
155
496
496
195
146
496
496
150
237
206
496
208
233
174
137
170
496
259
496
129
202
157
187
170
496
196
496
496
124
496
241
295
496
153
130
496
496
202
496
221
245
196
496
496
131
161
496
496
496
269
496
496
496
130
155
496
496
496
244
224
496
315
235
496
496
201
153
239
496
234
496
205
198
496
496
496
496
496
241
134
496
193
212
237
125
496
153
169
158
235
151
172
229
496
155
496
162
253
496
496
173
496
160
178
496
182
496
225
124
176
496
496
168
175
496
152
496
496
127
496
138
496
168
124
276
496
496
228
496
496
496
210
130
174
496
197
496
141
124
496
496
496
260
496
188
496
180
496
496
214
496
163
496
227
235
496
496
496
496
165
124
496
496
152
520
163
496
179
496
496
496
248
496
496
496
496
496
138
263
496
166
324
124
151
225
496
496
496
496
496
496
496
134
234
161
129
176
496
496
496
133
496
496
496
496
230
496
496
147
149
465
177
171
496
169
125
496
496
496
496
496
496
134
496
496
496
198
496
130
181
169
225
496
496
245
496
251
496
496
181
145
219
496
496
496
142
496
184
157
169
130
142
213
496
496
496
158
496
191
200
496
256
201
172
226
496
171
255
496
191
496
496
496
496
496
124
496
256
496
162
496
496
496
496
142
187
183
175
496
496
496
180
213
188
151
496
496
158
208
496
496
199
496
496
156
496
496
218
496
496
496
496
496
496
263
148
231
155
496
125
155
227
168
496
496
129
496
176
177
136
195
176
496
194
496
161
228
232
496
187
124
132
496
496
149
745
226
496
496
496
496
154
496
161
203
496
496
496
496
154
244
496
496
496
496
496
192
152
496
496
247
135
143
133
150
496
496
496
170
496
496
496
496
496
171
151
496
272
496
496
177
214
496
202
496
496
496
222
496
159
496
170
496
185
198
200
178
496
496
124
496
496
124
131
496
496
143
496
179
216
496
496
167
168
496
496
496
496
496
496
496
237
496
125
496
147
496
496
496
132
222
190
226
125
129
172
201
496
496
138
496
218
197
192
259
496
496
496
496
496
160
496
496
226
496
496
496
198
496
215
161
241
134
496
496
183
496
496
414
175
496
496
127
625
496
214
496
496
496
175
247
496
496
496
127
496
162
124
496
496
496
496
496
496
496
496
496
240
496
166
188
496
138
128
496
496
496
243
496
496
496
284
216
297
214
164
496
496
496
496
496
496
155
159
147
181
496
719
496
126
496
496
496
496
496
496
496
496
157
496
496
496
187
496
496
496
203
496
184
244
496
496
224
496
125
496
496
496
150
496
229
496
496
496
496
496
218
496
496
496
496
240
496
230
208
229
496
228
146
496
496
496
496
179
496
188
227
496
191
184
205
142
124
496
496
496
496
496
243
496
496
130
496
496
155
496
496
496
496
249
496
496
496
496
496
496
141
496
238
163
126
496
218
171
124
496
496
429
496
187
496
207
496
178
496
496
159
228
496
496
193
283
496
129
215
496
496
496
496
496
219
496
218
218
496
496
496
496
496
496
496
131
496
496
496
496
496
124
496
496
496
496
496
189
180
212
496
124
496
180
496
152
496
496
496
312
496
212
496
195
496
496
496
496
496
239
496
496
496
496
142
124
163
496
496
496
191
212
496
171
496
141
496
496
178
130
152
496
496
496
1145
496
241
496
352
182
496
233
496
181
496
130
496
496
196
496
496
150
496
190
263
159
263
496
496
167
496
496
138
171
193
141
243
496
129
242
137
496
496
496
136
496
496
208
179
124
141
496
496
496
496
134
496
179
496
124
496
496
195
145
496
496
496
128
496
496
213
496
496
496
496
163
124
496
214
496
152
496
496
496
496
496
496
147
496
151
257
139
496
496
496
496
146
496
496
496
496
289
496
130
215
496
496
496
496
496
124
496
496
190
128
496
496
496
190
271
197
496
131
165
496
496
496
181
496
220
496
496
496
496
496
496
496
129
496
224
142
496
189
496
509
496
496
183
496
496
496
496
496
156
171
226
183
124
496
219
140
496
496
496
496
198
496
496
136
496
124
496
496
146
152
147
496
496
197
496
165
535
153
293
496
204
496
496
496
496
154
124
496
496
496
145
496
494
124
496
496
496
496
496
496
496
496
496
176
496
496
496
496
496
126
496
496
496
496
210
496
211
496
144
496
496
174
125
496
496
189
195
496
496
496
170
496
496
126
496
124
496
496
496
496
496
496
496
204
496
496
174
496
496
496
238
204
496
153
496
496
442
496
496
949
496
299
496
136
496
496
496
496
205
496
155
496
199
324
496
496
496
496
129
217
156
496
146
216
496
145
192
496
496
496
496
496
496
124
496
188
211
496
255
496
202
496
496
179
496
239
496
496
496
496
496
496
127
496
496
496
124
182
183
126
496
496
496
201
130
496
496
496
496
135
200
496
496
214
496
496
496
156
496
496
496
496
142
496
134
496
496
285
171
496
496
496
496
496
496
496
496
496
496
175
496
496
496
496
496
496
496
496
496
263
496
191
496
168
496
147
251
496
165
206
496
496
245
496
496
218
496
233
263
156
496
496
278
496
496
129
496
496
496
206
496
183
223
205
145
496
496
496
496
496
496
200
496
496
496
496
496
496
124
165
496
496
496
224
496
496
496
163
166
496
496
496
496
496
496
496
496
496
496
496
192
132
133
496
187
159
170
139
235
198
496
496
496
496
186
496
496
180
496
496
496
258
496
195
595
496
496
496
496
496
496
203
496
244
496
496
124
496
496
496
496
245
496
496
152
496
154
496
496
496
496
496
129
496
496
124
496
496
496
496
235
496
496
131
496
496
496
131
136
496
496
230
496
496
496
496
496
136
186
496
496
496
496
496
496
496
496
496
496
496
197
496
496
496
496
496
211
496
496
138
496
496
496
189
133
496
496
496
496
496
496
148
201
496
496
496
496
212
496
164
496
496
200
496
496
496
496
179
496
496
496
496
496
124
167
496
496
496
496
496
161
496
496
496
496
496
496
496
193
208
496
246
496
496
496
496
496
496
496
124
496
496
230
496
496
496
496
496
496
496
496
160
496
162
163
496
192
496
160
496
149
496
496
496
496
496
496
496
131
496
674
496
496
188
496
496
496
496
496
496
496
496
130
496
496
496
309
496
161
496
124
496
228
496
249
496
197
202
496
496
155
496
496
496
199
496
137
188
496
496
496
496
496
153
496
507
175
496
496
496
496
496
496
132
496
496
196
496
496
496
156
496
496
181
496
496
496
496
496
129
496
496
169
158
496
496
130
496
496
496
124
496
496
238
124
178
496
496
496
496
496
140
496
496
496
496
496
496
496
198
496
496
496
496
496
496
496
205
496
181
496
496
200
496
496
167
496
496
496
496
496
496
496
149
194
496
496
126
496
259
496
496
496
211
496
496
496
496
267
496
496
496
496
496
496
496
496
205
238
496
496
496
496
496
496
496
496
496
496
496
496
496
496
496
496
496
496
496
207
496
126
496
496
496
496
496
496
496
139
496
496
138
496
496
496
496
167
496
496
124
719
496
496
181
496
496
496
496
496
496
496
496
496
496
496
128
496
496
209
159
496
496
496
182
496
496
159
496
162
496
124
496
496
496
224
385
128
496
257
496
496
496
496
236
496
496
496
496
496
496
496
297
252
496
496
170
496
496
496
496
496
496
127
496
191
496
496
496
214
155
496
124
496
496
496
496
496
496
496
496
496
200
496
227
496
496
180
496
145
496
496
125
211
176
496
496
496
191
496
496
496
421
211
496
496
496
496
496
496
496
496
208
126
124
496
146
496
496
496
141
496
320
496
496
496
496
496
496
496
124
496
496
496
124
496
124
496
496
496
215
496
496
129
496
158
496
496
496
167
197
496
183
496
496
496
496
496
496
496
496
496
496
213
496
161
130
496
496
155
496
496
152
496
124
496
496
124
155
496
496
496
496
496
496
496
141
496
496
127
496
496
496
174
170
496
138
496
496
496
186
496
126
496
496
496
496
496
496
496
496
496
496
496
177
184
496
496
149
496
496
496
496
496
948
163
135
496
496
186
496
230
496
126
496
220
496
496
496
163
496
496
496
194
144
205
166
241
496
496
496
496
496
496
496
496
496
496
496
496
496
496
496
496
496
496
496
154
496
169
496
496
496
496
496
496
496
496
496
496
146
496
496
496
496
124
136
496
496
177
183
496
496
496
143
496
496
496
194
227
496
496
264
496
496
825
496
496
496
144
140
158
496
496
279
171
151
496
496
496
496
496
496
496
496
496
496
496
275
496
496
496
496
496
185
496
496
166
496
496
496
173
496
496
496
174
496
496
496
496
161
168
496
496
496
496
496
124
496
177
246
496
192
496
496
496
496
496
496
496
496
496
496
496
496
317
223
496
496
496
496
496
496
496
496
496
496
496
496
496
496
496
496
496
496
496
227
496
188
197
496
496
480
496
496
131
126
496
496
218
496
496
496
496
496
496
496
197
496
130
496
496
496
496
496
179
151
496
496
126
496
248
147
496
496
496
133
496
496
496
496
496
496
496
496
496
142
496
496
496
496
496
496
496
152
496
496
496
496
496
496
496
223
229
145
496
496
496
496
496
496
496
496
496
496
135
496
496
153
175
163
219
496
496
496
203
496
496
191
496
496
496
496
496
496
496
496
496
496
496
496
151
174
183
496
496
496
496
172
496
496
496
496
233
496
496
496
496
496
496
496
496
125
496
496
496
496
496
496
496
212
159
161
496
496
180
496
496
496
496
496
496
249
496
496
496
496
496
496
496
496
496
496
496
496
496
496
496
496
496
496
496
176
496
496
496
496
496
496
496
496
496
496
178
496
496
496
496
496
496
496
496
496
496
496
496
154
496
496
496
496
496
496
496
496
496
496
496
496
496
126
496
496
496
496
260
496
141
140
496
496
496
496
498
274
496
496
496
496
496
496
496
496
496
496
496
165
496
496
496
496
496
233
124
496
496
496
496
496
496
496
496
496
496
496
496
496
496
496
496
496
496
496
496
496
496
264
496
496
496
496
496
496
534
496
124
496
496
199
158
496
496
496
496
496
496
188
496
135
200
496
496
496
496
496
496
496
496
496
496
496
496
496
496
496
496
496
496
128
496
496
496
496
496
194
496
496
496
496
185
130
496
496
496
496
225
496
496
496
496
496
496
496
496
496
496
378
496
496
216
496
496
496
496
496
496
496
496
496
496
496
496
496
496
150
496
131
496
496
496
152
146
496
496
496
496
496
496
496
134
496
496
496
496
496
496
496
496
496
496
181
282
496
496
496
166
496
496
496
496
496
254
496
218
496
496
496
496
496
496
496
496
496
496
496
496
496
496
496
496
496
277
496
496
496
496
496
496
136
496
145
496
496
496
496
496
496
496
496
496
496
496
496
496
496
496
496
496
496
496
163
496
496
496
496
214
496
496
496
496
496
496
496
496
128
496
258
496
496
496
496
149
496
496
496
496
496
169
496
496
496
496
496
432
496
496
496
496
496
163
496
496
496
496
496
496
496
496
496
496
496
219
496
496
496
465
496
496
496
496
496
496
496
496
496
496
496
496
496
496
496
496
496
496
496
496
496
496
496
496
496
496
126
496
172
496
496
496
496
496
144
140
496
496
496
496
496
496
496
496
496
496
496
496
496
496
496
496
496
496
124
496
187
496
496
496
496
496
496
496
496
496
496
496
496
496
496
496
496
264
496
223
496
496
496
496
586
496
496
130
496
144
496
496
496
496
496
496
496
496
141
496
496
248
496
496
496
496
496
496
496
496
496
496
496
202
184
496
124
124
496
496
496
496
496
145
496
496
496
164
174
496
496
496
496
496
125
496
496
496
496
496
496
496
496
496
124
496
496
124
496
496
148
496
496
496
496
496
496
496
128
496
496
210
496
496
496
496
496
496
496
496
496
130
496
496
496
164
496
287
496
128
129
496
496
496
496
496
177
496
132
496
496
496
496
496
496
496
496
496
131
496
173
496
496
496
496
496
496
496
496
496
168
496
496
496
128
496
496
496
496
496
148
496
496
496
496
496
159
134
496
496
496
496
496
496
130
496
496
496
496
496
496
496
496
496
496
496
496
496
496
496
496
496
496
496
151
496
155
496
496
496
160
496
496
496
496
496
496
496
496
124
496
496
496
496
141
496
496
770
496
496
496
496
124
496
496
496
153
496
496
496
496
496
496
177
496
496
496
496
496
181
496
496
496
496
496
496
496
496
496
496
496
496
496
144
124
146
496
218
496
496
496
173
496
496
496
496
496
496
496
496
496
496
138
146
496
223
496
496
496
496
226
496
125
169
496
496
127
496
496
496
496
496
496
496
496
496
496
496
760
157
496
496
496
496
496
201
496
496
496
496
496
496
496
496
496
496
496
496
496
496
496
496
496
496
496
496
496
496
496
496
190
344
496
496
496
496
496
496
496
280
199
496
496
496
496
496
496
496
496
496
496
496
124
496
496
496
125
496
496
496
496
496
496
496
496
496
496
496
496
156
496
496
496
496
496
496
496
496
496
496
496
150
496
496
496
496
496
496
496
496
460
496
496
496
496
132
213
496
496
496
496
496
496
496
136
496
134
242
496
496
496
184
496
496
496
496
240
496
204
496
496
496
496
496
496
496
496
496
496
496
496
496
496
496
496
496
496
496
496
496
195
496
496
496
496
496
496
496
220
496
496
496
496
496
496
496
496
496
496
496
496
496
496
496
324
496
496
213
496
496
496
496
226
236
496
496
174
496
496
217
496
496
496
496
496
496
496
496
496
496
496
496
496
496
496
138
496
216
496
496
496
496
231
496
219
496
496
496
496
496
496
205
496
496
496
496
496
496
496
496
496
149
185
496
496
496
496
496
134
496
496
229
496
496
496
496
496
496
496
496
496
496
496
496
496
496
496
496
496
496
496
496
124
496
137
496
496
496
496
496
496
496
496
496
496
496
496
207
496
496
124
496
496
496
496
496
496
496
496
496
496
496
496
496
496
496
496
496
496
204
496
496
496
496
496
174
496
496
496
496
496
496
496
496
496
496
496
496
496
496
496
496
496
496
496
496
496
222
496
496
496
496
496
496
496
496
496
496
496
496
496
496
496
496
496
496
134
496
496
496
496
496
496
496
496
496
496
177
496
496
496
496
496
496
496
496
496
496
496
496
496
496
496
496
496
125
496
187
496
496
178
496
496
496
496
496
124
148
496
496
496
496
496
496
150
231
496
496
496
496
496
496
496
496
496
496
496
496
496
496
496
496
496
496
496
496
496
496
496
496
496
496
496
496
496
141
496
496
496
496
496
496
216
496
496
169
496
205
496
496
496
124
496
496
496
496
496
496
496
496
496
496
496
496
496
496
496
496
496
496
496
496
496
496
496
496
496
162
496
496
496
496
496
496
226
496
496
496
496
496
496
496
496
496
496
496
496
496
496
496
496
496
496
496
496
154
496
496
496
496
496
140
496
496
496
496
496
496
496
496
496
496
496
496
496
496
496
496
496
143
496
496
496
496
395
496
496
496
496
496
496
496
496
496
496
496
496
496
496
496
496
496
496
496
496
496
496
496
496
496
496
124
496
496
124
496
496
496
496
496
496
496
496
496
496
496
150
496
496
496
133
124
496
496
496
496
496
496
496
496
496
496
496
233
496
221
496
136
496
496
496
496
496
496
148
496
496
496
496
496
496
496
496
496
496
496
247
496
496
199
496
147
496
496
496
496
496
496
496
496
496
496
496
496
496
496
496
496
496
496
496
496
496
147
496
496
496
496
496
496
496
496
496
149
496
496
496
496
496
496
496
496
496
496
496
496
496
496
496
432
496
496
496
496
496
496
496
496
496
496
496
496
496
496
496
496
496
496
496
496
496
177
496
496
496
496
496
496
496
496
496
137
496
496
496
496
131
496
496
496
496
496
496
496
496
496
496
496
496
496
496
496
496
496
496
496
496
496
496
143
496
496
496
496
496
496
496
496
496
496
165
496
496
496
496
496
496
496
496
496
496
496
496
496
249
496
496
496
496
496
496
496
496
496
496
496
496
496
496
496
496
496
496
210
496
496
496
496
496
496
496
496
496
496
496
252
496
496
496
496
496
496
496
496
496
496
496
496
496
496
496
496
496
496
496
496
496
496
496
496
496
496
496
496
496
242
496
496
496
496
496
496
496
496
496
496
496
496
127
496
496
496
496
496
496
496
496
496
496
496
145
496
496
496
496
496
496
496
496
496
496
496
496
496
496
496
496
496
496
496
496
496
496
496
496
253
496
205
496
496
496
496
496
496
496
496
496
496
496
496
496
496
496
496
496
496
496
496
496
496
179
496
496
496
496
496
496
496
496
496
496
496
496
496
496
496
496
496
496
496
496
496
496
128
496
496
496
496
496
124
496
241
496
496
496
496
496
202
496
496
226
496
496
170
496
496
496
496
496
496
496
496
496
496
496
496
496
496
496
496
496
496
496
496
496
124
496
496
496
496
496
496
127
496
496
496
496
496
136
169
496
496
496
496
256
496
496
496
496
496
496
496
496
496
183
496
496
496
496
496
496
496
496
496
496
496
496
496
496
496
496
496
496
496
496
496
496
496
496
496
496
496
496
496
496
496
496
496
210
496
149
496
496
496
496
496
496
496
125
496
496
496
496
496
496
496
496
496
496
496
496
496
496
496
496
496
496
496
496
496
496
496
496
496
496
496
496
496
496
496
496
496
496
496
496
496
496
496
496
496
496
496
496
496
496
212
496
496
496
496
496
496
496
496
496
455
496
496
496
496
496
496
496
496
496
496
496
496
496
496
496
496
496
141
453
496
496
496
496
496
496
496
496
496
496
653
496
496
496
496
127
496
496
496
496
496
496
496
496
204
496
496
496
496
496
496
496
496
496
496
496
496
496
496
496
496
496
194
124
496
496
496
496
496
496
496
496
496
496
496
496
167
496
496
496
496
496
496
496
496
496
496
127
496
496
496
496
496
496
496
496
496
496
496
496
496
496
496
496
496
127
496
496
496
496
518
496
496
496
496
496
496
496
496
496
496
496
496
496
496
496
496
496
125
496
496
496
496
496
496
496
496
496
496
496
496
496
496
496
496
496
496
496
496
496
496
496
496
496
496
496
496
496
496
496
496
496
496
496
496
496
496
496
496
496
496
496
496
496
496
496
496
496
496
496
496
496
496
496
496
496
496
149
496
496
496
496
496
496
496
496
496
496
496
496
496
126
127
496
496
496
129
496
207
496
496
496
496
496
496
496
496
224
496
496
496
496
496
496
496
496
496
496
183
496
496
496
496
496
496
496
496
496
496
496
496
496
496
496
496
496
496
496
496
496
496
496
496
496
496
496
496
496
496
496
496
496
124
158
496
496
128
496
496
496
126
496
496
496
496
496
496
496
496
496
496
496
496
496
496
222
496
496
496
496
496
496
496
496
496
496
496
496
496
496
496
496
496
496
496
496
496
496
496
496
496
496
496
496
496
496
496
496
496
496
496
487
496
285
496
219
496
496
496
496
496
496
496
496
496
496
496
124
496
496
496
496
496
496
496
496
496
187
496
448
496
496
496
496
496
496
496
496
131
496
496
496
496
496
496
496
496
496
496
496
496
496
496
496
496
496
496
496
496
496
496
496
154
496
141
194
496
496
496
496
496
496
496
496
496
496
496
181
496
496
496
496
496
496
496
496
496
496
496
496
496
496
496
496
496
496
496
496
496
496
496
496
496
496
147
496
496
496
496
496
496
496
496
496
496
496
192
496
496
496
496
496
496
496
496
496
496
283
496
496
496
496
136
496
496
496
496
150
496
496
496
496
496
496
496
496
496
496
496
496
496
496
496
496
496
496
496
496
496
496
496
496
496
496
496
496
496
496
212
496
496
496
496
496
496
496
496
496
496
496
496
496
496
496
496
496
496
496
496
496
496
496
496
496
496
496
496
496
496
496
496
496
496
496
150
496
496
496
496
496
496
496
496
496
190
496
496
496
496
496
496
299
496
496
496
496
496
496
496
496
496
496
496
124
496
496
158
496
496
258
496
496
496
496
496
496
496
496
496
496
496
276
496
496
496
496
496
496
496
496
496
496
496
496
496
496
496
496
496
496
496
496
496
496
496
496
496
496
496
496
496
496
496
496
496
496
496
496
496
496
496
496
496
496
496
496
496
496
496
496
496
496
496
496
496
496
496
496
496
496
496
496
496
496
496
496
496
496
496
496
496
496
496
496
496
496
496
496
496
496
496
496
496
496
496
496
496
496
496
496
496
496
496
496
496
496
496
496
496
496
496
496
496
496
496
496
496
496
496
496
496
496
496
496
496
496
496
496
496
496
496
496
496
496
496
496
496
496
496
496
167
496
496
496
496
231
496
496
496
496
496
496
496
496
496
496
496
496
496
496
548
496
496
496
496
496
496
496
496
496
496
496
496
496
496
496
496
143
496
496
496
496
496
496
496
496
496
496
496
496
496
496
496
496
496
496
496
496
496
496
496
496
496
496
496
496
496
496
496
496
496
496
496
158
496
496
496
496
496
496
496
496
496
496
496
496
496
496
496
496
496
496
496
496
496
496
496
496
496
496
496
496
496
496
496
496
496
496
222
496
496
496
496
496
496
496
496
496
496
496
496
496
496
496
496
496
496
496
496
496
496
496
496
362
496
496
496
496
496
496
496
496
496
496
496
496
496
496
496
496
496
496
496
496
496
496
496
496
496
496
496
496
496
496
496
496
496
496
496
496
496
496
496
496
496
496
496
496
496
496
496
496
496
496
496
496
496
496
496
496
496
496
132
496
496
496
496
496
496
496
496
496
496
496
496
496
496
496
496
496
496
496
496
496
496
496
496
496
496
496
496
496
496
496
496
496
496
259
496
496
496
496
496
496
496
496
496
496
496
496
496
496
496
496
496
496
496
496
496
496
496
496
496
496
496
185
496
496
496
496
496
496
496
496
496
496
496
496
496
496
496
496
496
496
496
496
496
496
496
496
162
496
496
496
496
496
496
496
496
496
496
496
496
496
496
496
496
496
496
496
496
496
496
496
496
496
496
496
496
496
496
496
496
496
496
496
496
496
496
496
496
496
496
496
496
496
496
496
496
159
496
496
496
496
496
496
496
496
496
496
496
496
496
496
496
496
496
496
496
496
496
496
496
496
496
496
496
496
496
496
496
496
496
496
496
496
496
496
496
496
496
496
496
496
496
496
496
168
496
496
496
496
496
496
496
496
496
496
167
496
496
496
496
496
496
496
496
496
496
496
496
496
496
496
496
496
496
496
496
496
496
496
496
496
496
496
496
496
496
496
496
496
496
496
145
496
496
496
496
496
496
496
496
496
496
496
125
496
496
496
496
496
496
496
496
496
496
496
496
496
496
496
496
137
496
496
496
496
496
496
496
496
496
496
496
496
496
496
496
496
496
496
496
496
496
496
496
496
496
496
496
496
496
496
496
496
496
496
496
496
496
496
496
496
496
496
496
496
496
496
496
496
496
496
496
496
496
496
496
496
496
496
496
496
496
496
496
496
496
496
496
496
496
496
496
496
496
496
496
194
124
496
496
496
496
496
496
496
496
496
237
496
496
496
496
496
496
496
210
496
496
496
496
496
496
496
496
496
496
496
496
496
496
496
496
496
496
496
496
496
496
496
496
496
496
496
496
496
496
496
496
496
496
496
496
496
496
496
496
496
496
496
496
496
496
496
496
496
496
496
496
496
496
496
496
496
496
496
496
496
147
496
496
496
496
496
496
496
482
496
496
496
496
496
496
496
496
496
496
496
496
496
496
496
496
496
129
496
496
496
496
496
496
496
496
496
496
496
496
496
496
496
496
496
496
496
496
496
496
496
496
496
496
496
496
496
496
496
496
496
496
496
496
496
496
496
496
496
496
496
496
496
496
496
496
496
496
496
496
496
496
496
496
496
496
496
496
496
496
496
242
496
496
496
496
496
496
496
496
496
496
496
496
496
496
496
496
496
496
496
496
496
496
496
496
496
496
496
496
496
496
496
496
174
496
496
496
496
496
496
496
496
496
496
496
496
496
496
496
496
496
496
496
496
496
496
496
496
496
496
496
496
496
496
496
496
496
496
496
496
496
496
496
496
496
496
496
496
496
496
496
496
496
496
496
496
496
496
496
496
496
496
496
496
496
496
957
496
496
496
496
496
496
496
496
496
496
496
496
496
496
496
496
496
496
496
496
496
496
496
496
496
496
496
496
496
496
496
496
496
496
496
496
496
496
496
496
496
496
496
496
496
496
496
496
496
496
496
496
496
496
496
496
496
496
496
496
496
496
496
496
496
496
496
496
496
496
496
496
496
496
496
496
496
496
496
496
245
496
496
496
496
152
496
496
496
496
496
496
496
496
496
496
496
496
496
496
496
496
496
496
496
496
496
496
155
496
496
496
496
496
496
496
496
496
496
496
496
496
496
496
496
496
496
496
496
496
496
496
496
496
225
496
496
496
496
496
496
496
496
496
496
496
496
496
496
496
496
496
496
496
496
496
496
496
496
496
496
496
496
496
496
496
496
496
496
496
496
496
496
496
496
496
496
496
496
496
496
496
496
496
496
496
496
496
496
496
496
496
496
496
496
496
496
496
496
496
496
125
496
496
496
496
162
496
496
496
496
496
496
496
496
496
496
496
496
496
496
496
496
496
496
496
496
496
496
496
496
496
496
496
496
496
496
496
496
496
496
496
496
496
496
496
496
496
496
496
496
496
496
496
496
496
496
496
496
496
496
496
496
496
496
496
496
496
496
496
496
496
496
496
496
496
496
496
496
496
496
496
496
496
175
496
496
496
496
496
496
496
496
192
496
496
496
496
496
496
496
496
496
496
496
496
496
496
496
496
496
496
496
496
496
496
496
496
496
496
496
496
496
496
496
496
496
496
136
496
496
496
496
496
496
496
496
496
496
496
496
496
496
153
496
496
496
496
496
496
496
496
496
496
496
496
496
496
496
496
496
496
496
496
496
496
496
496
496
496
496
496
496
496
496
496
496
496
496
496
496
496
496
496
496
496
496
496
496
496
496
496
496
496
496
496
496
496
496
496
496
496
496
496
496
496
496
496
496
496
496
496
496
496
496
496
200
496
496
496
496
496
143
496
496
496
496
496
496
496
496
496
496
496
496
128
496
496
496
496
496
496
496
496
496
496
496
496
496
496
496
496
496
496
496
496
496
496
496
496
496
496
496
496
496
496
496
496
496
145
496
405
496
496
496
496
496
496
496
496
496
496
496
496
496
496
496
496
496
496
496
496
496
496
128
496
496
496
496
496
496
231
496
496
496
496
496
496
496
496
496
496
496
496
496
496
496
496
496
496
496
496
132
496
496
496
496
496
496
496
496
496
496
496
496
496
496
496
496
496
154
496
496
496
496
496
496
220
496
496
198
496
129
496
496
496
496
496
496
496
496
496
496
496
496
496
496
496
496
496
496
496
496
496
496
496
496
496
496
496
496
496
496
496
496
496
496
496
496
496
496
496
496
496
496
496
496
496
496
496
496
496
496
496
496
496
496
496
496
496
496
496
496
496
496
496
496
496
496
496
496
496
496
496
496
496
496
496
496
496
496
124
496
496
496
164
496
496
496
496
496
496
496
496
496
496
496
496
496
496
496
496
496
496
496
496
496
124
496
496
496
496
496
496
496
496
496
496
496
496
496
496
496
496
496
162
496
496
496
496
496
496
496
496
496
496
496
496
496
496
496
496
496
496
496
496
496
496
496
496
496
496
905
496
496
496
496
496
496
496
496
496
496
496
496
496
496
496
496
496
496
496
129
496
496
496
496
496
155
496
496
496
496
496
496
125
496
496
496
496
496
496
155
496
496
496
496
496
496
496
496
438
496
496
496
496
496
496
496
496
496
158
496
496
496
496
496
496
496
496
496
496
496
496
496
496
496
496
496
496
496
496
496
496
496
496
496
496
496
496
496
496
496
496
496
496
496
496
496
496
496
496
496
496
496
496
496
496
496
496
496
496
496
496
496
496
496
213
496
496
496
496
496
496
496
389
496
496
496
156
496
496
496
496
496
496
496
496
496
496
496
496
496
302
496
496
496
312
496
496
496
496
496
496
496
496
496
496
496
496
496
496
496
496
496
496
496
496
496
496
496
496
496
496
496
496
496
629
496
496
496
496
496
496
496
496
496
496
496
496
496
496
496
496
496
496
496
496
496
496
496
496
496
496
496
496
496
496
496
496
496
496
496
496
496
141
496
496
496
496
496
297
237
496
496
496
496
496
496
496
496
496
496
496
496
496
496
496
496
496
496
496
496
496
496
496
496
496
496
496
496
496
496
496
496
496
496
496
496
496
496
496
496
496
496
496
496
496
496
496
140
496
496
496
496
496
496
496
496
496
496
496
496
496
496
496
496
496
186
150
496
496
496
496
496
496
496
496
496
496
496
496
496
496
496
496
496
496
496
496
496
496
496
496
496
496
496
496
562
496
496
496
496
496
496
496
496
496
496
496
496
496
496
496
496
496
496
496
496
496
496
496
496
496
496
496
496
496
496
496
496
496
496
496
496
496
496
496
496
496
496
496
496
496
496
496
496
496
496
496
496
496
496
496
496
496
496
496
496
496
496
496
496
496
496
496
496
496
496
496
496
496
496
496
496
496
496
496
496
496
496
496
496
496
496
496
496
496
496
496
496
496
496
496
496
496
496
496
496
496
496
496
496
496
496
496
496
496
496
496
496
152
496
496
496
496
496
496
496
496
496
496
496
496
496
209
496
496
496
496
496
496
496
496
496
496
496
496
189
496
496
496
496
496
496
496
496
496
496
496
127
496
496
496
496
496
496
496
496
496
496
496
496
496
496
496
496
496
496
496
496
496
496
496
189
496
496
496
496
496
496
496
496
496
496
496
496
496
496
496
496
496
496
496
496
496
496
496
496
496
496
496
496
496
496
496
496
496
496
496
496
496
496
496
496
496
496
496
496
496
496
496
496
496
496
496
496
496
496
496
496
496
132
496
496
496
496
496
496
496
496
496
496
496
496
496
496
496
496
496
496
496
496
496
151
496
496
496
188
496
496
496
496
496
496
496
496
496
496
496
496
496
496
496
496
496
496
496
496
496
496
496
496
496
496
496
496
496
496
496
496
496
496
496
496
496
496
496
496
496
496
496
496
496
496
496
496
496
496
496
496
496
496
496
496
496
496
496
496
496
496
496
496
496
496
496
496
496
496
496
496
496
496
496
496
496
496
496
496
496
496
496
496
496
496
496
994
496
496
496
496
496
496
496
496
496
496
496
496
496
496
496
496
496
496
496
496
496
496
496
496
496
496
496
496
496
496
496
496
496
496
496
496
496
496
496
496
496
496
496
496
496
496
496
496
496
496
496
496
496
496
496
496
496
496
496
496
496
496
496
496
496
496
496
496
496
496
496
496
496
496
496
496
496
496
496
496
496
496
496
496
496
496
496
496
496
496
496
496
496
496
496
496
496
496
496
496
496
496
496
496
496
496
496
496
496
496
496
496
496
496
496
496
496
496
496
496
496
496
496
496
496
496
496
496
496
496
496
496
496
496
496
496
496
496
496
496
496
496
496
229
496
496
496
496
496
496
496
496
496
496
496
496
496
496
496
496
496
496
496
496
496
496
496
496
496
496
496
496
496
496
496
496
130
496
496
496
496
496
496
496
496
496
496
496
496
496
496
496
496
496
496
496
496
496
496
496
496
496
496
496
496
496
496
496
496
496
162
496
496
496
496
496
496
496
496
177
496
496
496
496
496
496
496
496
496
496
496
496
496
496
496
496
496
496
496
496
496
496
496
496
496
496
496
496
596
496
496
496
496
496
496
496
496
496
496
496
231
496
496
496
496
496
496
496
496
496
496
496
496
496
496
496
496
496
496
496
496
496
496
496
496
496
496
496
496
496
496
496
195
496
496
496
496
496
496
496
496
496
496
496
496
496
496
496
496
496
496
496
496
496
496
496
496
496
496
496
496
496
496
496
496
496
496
496
496
496
496
496
496
496
496
496
496
496
496
496
496
496
496
496
496
496
496
496
496
496
496
496
496
496
496
496
496
496
496
496
496
496
496
496
496
496
496
496
496
496
496
496
496
496
496
496
496
136
496
496
526
496
496
496
496
496
496
496
496
496
496
496
496
496
496
496
496
496
496
496
496
496
496
496
496
496
496
496
496
496
496
496
496
496
496
496
496
496
496
496
496
496
496
496
496
496
496
496
496
496
496
496
496
496
496
496
496
496
496
496
496
496
496
496
496
496
496
496
496
496
496
496
496
496
496
496
496
496
496
130
496
496
496
496
496
496
496
496
496
496
496
496
496
496
496
496
496
496
496
496
496
496
496
496
496
496
496
496
496
496
496
496
496
496
496
496
496
496
496
496
496
496
496
496
496
496
496
496
368
496
496
496
496
496
496
496
496
496
496
496
496
496
496
496
496
496
496
496
496
496
496
496
496
496
496
496
162
496
496
496
496
496
496
496
496
496
496
496
496
496
496
496
496
163
496
496
496
496
496
496
496
496
496
496
496
496
496
496
496
496
496
496
496
496
496
496
159
496
496
496
496
496
496
496
496
496
496
496
496
496
496
124
496
496
496
496
496
496
496
496
496
496
496
496
496
496
496
496
496
496
124
496
496
496
496
496
496
496
496
496
496
496
496
496
496
496
496
496
496
496
496
496
496
496
496
496
496
496
496
496
496
496
496
496
496
496
496
496
496
496
496
496
496
193
496
496
496
496
496
496
496
496
496
496
496
496
496
496
496
496
496
496
496
496
496
496
496
496
496
496
496
496
496
496
496
496
496
496
496
496
496
496
496
496
496
496
496
496
496
496
496
496
496
496
496
496
496
496
496
496
496
496
496
496
496
496
496
496
496
496
496
496
496
496
496
496
496
496
496
496
496
496
496
496
496
496
496
496
496
496
496
496
496
496
496
496
496
496
496
496
496
496
496
496
496
496
496
496
496
496
496
496
496
496
496
496
496
496
496
496
496
496
496
496
496
496
496
496
496
496
496
496
496
496
496
496
496
496
496
496
496
496
496
496
496
496
496
496
496
496
496
496
496
496
496
496
496
496
496
496
496
496
496
496
496
496
496
496
496
496
160
496
496
496
496
496
496
496
496
496
496
496
496
496
496
496
496
496
496
496
496
496
496
394
496
496
496
496
496
496
496
496
496
496
496
496
496
496
496
496
496
496
496
496
496
496
496
496
496
496
496
496
496
496
496
496
496
496
496
496
496
496
496
496
496
496
127
496
496
496
496
496
496
496
496
496
496
496
496
496
496
496
496
496
496
496
496
496
496
496
496
496
496
496
496
496
496
496
496
496
496
496
496
496
496
496
496
496
496
496
496
496
496
496
496
496
496
496
496
496
496
496
496
496
496
496
496
496
496
496
496
496
496
496
496
496
496
496
496
496
496
496
496
496
496
496
496
496
496
496
496
496
496
496
496
496
496
496
496
496
496
496
496
496
496
496
134
496
496
496
496
496
496
496
496
496
496
496
496
496
496
496
496
496
496
496
496
496
496
496
496
496
496
496
496
496
496
496
496
496
496
496
496
496
496
496
496
496
496
496
496
496
496
496
496
496
496
496
496
307
496
496
496
496
496
496
496
496
496
496
496
496
496
496
496
496
496
133
496
496
496
496
496
496
496
496
496
496
496
496
496
496
496
496
496
496
124
496
194
496
496
496
496
496
496
496
496
496
496
496
496
496
496
496
496
496
496
496
496
496
496
496
496
496
496
496
496
496
496
496
496
496
496
496
496
496
496
496
496
496
496
496
496
496
496
496
496
496
496
496
496
496
496
496
496
496
496
496
496
496
496
496
496
496
496
496
496
496
496
496
496
496
496
496
496
496
496
496
496
496
496
496
496
496
496
496
496
496
496
496
496
496
496
496
496
496
496
496
496
496
496
496
496
496
496
496
496
496
496
496
496
496
496
496
408
496
496
496
496
496
496
496
496
496
496
496
496
496
496
496
496
496
496
496
496
496
496
496
496
496
496
496
496
496
496
496
496
496
496
496
496
496
496
496
496
496
496
496
496
496
496
496
496
496
496
496
496
496
496
496
496
496
496
496
496
496
496
141
496
496
496
496
496
496
496
496
496
496
496
496
496
496
273
496
496
496
496
496
496
496
496
496
496
496
496
496
496
496
496
496
496
496
496
496
496
496
496
496
496
496
496
496
496
496
496
496
496
496
496
496
496
496
496
496
496
496
496
496
452
496
496
496
163
496
496
496
496
496
496
496
496
496
496
496
496
496
496
496
496
496
496
496
496
496
145
496
496
496
124
496
496
496
496
496
496
496
496
496
496
496
496
496
496
496
496
496
496
496
496
496
496
496
496
496
496
186
496
496
496
496
496
496
496
496
496
496
496
496
496
496
496
496
496
496
496
496
496
496
496
496
496
496
496
496
496
496
496
496
496
496
496
496
496
496
496
496
496
496
496
496
496
496
496
496
496
496
496
496
496
496
496
496
496
496
496
496
496
496
496
496
496
496
496
496
496
496
496
496
496
496
496
496
496
496
496
496
496
496
496
496
496
496
496
496
496
496
496
496
496
496
496
496
496
496
496
496
496
496
496
496
496
496
496
496
496
496
496
496
496
496
496
496
496
496
496
496
496
496
496
496
496
496
496
496
496
496
496
496
496
496
496
496
178
496
496
496
496
496
136
496
496
496
496
496
496
496
496
496
496
496
496
496
496
496
496
496
496
496
496
496
496
496
496
496
496
496
496
496
496
496
496
496
496
496
496
496
496
496
496
496
496
496
496
496
496
496
496
496
496
496
496
496
496
496
496
496
496
496
496
496
496
496
496
496
496
496
496
496
496
496
496
496
496
496
496
496
496
496
496
496
496
496
496
496
496
496
496
496
496
496
496
496
496
496
496
496
496
496
496
496
496
496
496
496
496
496
496
496
496
496
496
496
496
496
496
496
496
496
496
496
496
496
496
496
496
496
496
496
496
496
496
496
496
142
496
496
496
496
496
496
496
496
496
496
496
496
496
496
496
496
496
496
496
496
496
496
496
496
496
496
496
496
496
496
496
496
496
496
496
496
496
496
496
496
496
496
496
496
496
496
496
496
496
496
496
496
496
496
496
496
496
496
496
496
496
496
496
496
496
496
496
496
496
496
496
496
496
496
496
496
496
496
496
496
496
496
496
496
496
496
496
496
496
496
496
496
496
496
496
496
496
496
496
496
496
496
496
496
496
496
496
496
496
496
496
496
496
496
496
496
496
496
496
496
496
496
496
496
496
496
496
496
496
496
496
496
496
496
496
496
496
496
496
496
496
496
496
496
496
496
496
496
496
496
496
496
496
496
496
496
496
496
496
496
496
496
496
496
496
496
496
496
496
496
496
496
496
496
496
496
496
496
496
496
496
496
496
496
496
496
496
496
496
496
496
496
496
496
496
496
496
496
496
496
496
496
496
496
496
496
496
496
496
496
496
496
496
496
496
496
496
496
496
130
496
496
496
496
496
496
496
496
496
496
496
496
496
496
496
496
496
496
496
496
496
496
496
496
496
496
496
496
496
496
496
496
496
496
496
496
496
496
496
496
496
496
496
496
496
496
151
496
496
496
496
496
496
496
496
310
496
496
496
124
496
496
496
496
496
496
496
496
496
496
496
496
496
496
496
496
496
496
496
496
496
496
496
496
496
496
496
496
496
496
496
496
496
496
496
496
496
496
496
496
496
496
496
496
496
496
496
496
496
496
496
496
496
496
496
496
496
496
496
496
496
496
496
496
496
496
480
496
496
496
496
496
496
496
496
496
496
496
496
496
496
496
496
496
496
496
496
496
496
496
496
496
496
496
496
496
496
496
496
496
496
496
496
496
496
496
496
496
496
272
496
496
496
496
496
496
496
496
496
496
496
496
496
496
496
496
496
496
496
496
496
496
496
496
496
496
496
496
496
496
496
496
496
496
496
496
496
496
496
496
496
496
496
496
496
496
496
496
496
496
496
496
496
496
496
496
496
496
496
496
496
496
496
496
496
496
496
496
496
496
496
496
496
496
496
496
496
496
496
496
496
496
496
496
496
496
496
496
496
496
496
496
496
496
496
496
496
496
496
496
496
496
496
496
496
496
496
496
496
496
496
496
496
496
496
496
496
496
496
496
496
496
496
496
496
496
496
496
496
496
496
496
496
496
496
496
496
496
496
496
496
496
496
496
496
496
496
496
496
496
496
496
496
496
496
496
496
496
496
496
496
496
496
496
496
496
496
496
496
125
496
496
496
496
202
496
124
496
496
496
496
496
496
496
496
496
496
496
496
496
496
496
496
496
496
496
496
496
496
496
496
496
496
496
496
496
496
496
496
496
496
496
496
496
496
496
496
124
496
496
496
496
496
496
496
496
496
496
496
496
496
496
496
496
496
496
496
496
496
496
496
496
496
496
496
496
496
496
496
496
496
496
496
496
496
496
496
496
496
496
496
496
496
496
496
496
496
496
496
124
496
496
496
496
496
496
496
496
496
496
496
496
496
496
496
496
496
496
496
496
496
496
496
496
496
496
496
496
496
496
496
496
496
496
496
496
496
496
496
496
496
496
496
496
496
496
496
496
496
496
496
496
496
496
496
496
496
496
496
496
496
496
496
496
496
496
496
496
496
496
496
496
496
496
496
496
496
496
496
496
496
496
496
496
496
496
496
496
496
161
496
496
496
496
496
496
496
496
496
496
233
496
496
496
496
496
496
496
496
496
496
496
496
496
496
496
496
496
496
496
496
496
126
496
496
496
496
496
496
496
496
496
496
496
496
496
496
496
496
496
496
496
496
496
496
496
496
496
496
496
496
496
496
496
496
496
496
496
496
496
496
496
496
496
496
496
496
496
496
496
496
496
496
496
496
496
496
496
496
496
496
496
496
496
496
139
496
496
496
496
496
496
496
496
496
496
496
496
496
496
496
496
496
496
496
496
496
496
496
496
496
496
496
496
496
496
496
496
496
496
496
496
496
496
496
496
496
496
496
496
496
496
496
496
496
496
496
496
496
496
496
496
496
496
496
496
496
496
496
496
496
496
496
496
496
496
496
496
496
496
496
496
496
496
496
496
496
496
496
496
496
496
496
496
496
496
496
496
496
496
496
496
496
496
496
496
496
496
496
496
496
496
496
496
496
496
496
496
496
496
496
496
496
496
496
496
496
496
496
496
496
496
496
496
496
496
496
496
496
496
496
496
496
496
496
496
496
496
496
496
496
496
496
496
496
496
496
496
496
496
496
496
496
496
496
496
496
496
496
496
496
496
496
496
496
496
496
496
496
496
496
496
496
496
496
496
496
496
496
496
496
496
496
496
496
496
496
496
139
175
496
496
496
496
496
496
496
496
496
496
496
496
496
496
496
496
496
496
496
496
496
496
496
496
496
496
496
496
496
496
496
496
496
496
223
496
496
496
496
496
496
496
496
496
496
496
496
496
496
496
496
496
496
496
496
496
496
496
496
496
496
496
496
496
496
496
496
496
496
496
496
496
496
496
496
496
496
496
496
496
496
496
496
496
496
496
496
496
496
496
496
496
496
496
496
496
496
496
151
496
496
496
496
496
496
496
496
496
496
496
496
496
496
496
496
496
496
496
496
496
496
496
496
496
496
496
496
496
496
496
435
496
496
496
496
496
496
496
496
496
496
496
496
496
496
496
496
496
496
496
496
496
496
496
496
496
496
496
496
496
496
496
496
496
496
496
496
496
496
496
496
496
496
496
496
496
496
496
496
496
496
496
496
496
496
496
496
496
496
496
496
496
496
496
496
496
496
496
496
496
496
496
496
496
496
496
496
496
496
496
496
496
496
496
496
496
1344
496
496
496
496
496
496
496
496
496
496
496
496
496
496
496
496
496
496
496
496
496
496
496
496
496
496
496
496
496
496
496
496
496
496
496
496
496
496
496
496
496
496
496
406
496
496
496
496
496
496
496
496
496
496
496
496
496
496
496
496
496
496
496
496
496
496
496
496
496
496
496
496
496
496
496
496
496
496
496
496
496
496
496
496
496
496
496
496
496
496
496
496
496
496
496
496
496
496
496
496
496
496
496
496
496
496
496
496
496
496
496
496
496
496
496
496
496
496
496
496
496
496
496
496
496
496
496
496
496
496
496
496
496
496
496
496
198
496
496
496
496
496
496
496
496
496
496
496
496
496
496
496
496
496
496
496
496
496
496
496
496
496
496
496
496
496
496
496
496
496
496
496
496
496
496
496
496
496
496
496
496
496
496
496
496
496
496
496
496
496
496
496
496
496
496
496
496
496
496
496
496
496
496
496
496
496
496
496
496
496
496
496
496
496
496
496
496
496
496
496
496
496
496
496
496
496
496
496
496
496
496
496
496
496
496
496
496
496
496
496
496
496
496
496
496
496
496
496
496
496
496
496
496
496
496
496
496
496
496
496
496
496
496
496
496
496
496
496
496
496
496
496
496
496
496
496
496
496
496
496
496
193
496
496
496
496
496
496
496
496
496
496
496
496
496
496
496
496
496
496
496
496
496
496
496
496
496
496
496
496
496
496
496
496
496
496
496
496
496
496
496
496
496
496
496
496
496
496
496
496
496
496
496
496
496
496
496
496
496
496
496
496
300
496
496
496
496
496
496
496
496
496
496
496
496
496
496
496
496
496
496
496
496
496
496
496
496
496
496
496
496
496
496
496
496
496
496
496
496
496
496
496
496
496
496
496
496
496
496
496
496
496
496
496
496
496
496
