416
386
434
443
410
446
500
481
512
379
333
463
486
468
417
337
340
628
416
414
427
426
547
355
468
381
419
399
430
346
402
466
371
314
368
367
306
368
356
360
355
446
372
346
317
390
352
393
323
344
437
366
358
370
369
330
444
332
421
395
420
403
370
411
383
311
322
419
366
453
370
335
324
416
385
347
371
415
377
342
330
523
405
314
312
305
381
432
393
371
338
319
369
325
349
359
375
356
452
373
376
366
370
341
573
407
391
409
293
333
372
366
459
475
331
384
323
446
378
356
324
383
421
427
384
298
497
357
340
426
413
362
351
331
403
337
348
885
406
540
463
354
402
412
679
409
321
388
345
443
400
336
397
294
452
355
279
566
331
407
301
355
576
292
388
596
259
576
411
911
312
462
413
279
332
340
396
304
348
354
319
330
370
408
642
371
400
372
586
498
319
314
342
405
306
321
396
316
297
379
323
338
350
381
541
411
579
320
329
350
349
328
393
324
331
336
314
398
327
340
311
360
287
338
321
473
398
459
438
384
362
336
399
316
300
430
302
349
329
360
327
372
332
344
350
304
355
343
357
297
334
335
530
484
333
299
352
319
410
312
435
329
395
322
756
388
361
300
424
285
395
317
385
549
320
645
286
456
392
316
494
312
285
288
291
344
501
297
314
317
299
265
274
302
301
295
304
482
396
320
306
283
308
363
316
300
379
304
273
323
320
418
296
292
287
568
278
297
312
322
351
407
340
337
296
337
364
310
343
308
328
361
268
308
274
373
362
462
281
611
599
327
490
345
494
310
308
375
267
361
519
405
280
407
272
290
324
311
318
555
351
279
318
615
370
297
402
308
299
282
302
870
248
286
282
268
337
485
328
385
311
427
303
270
316
274
359
325
295
395
374
298
295
324
310
316
272
479
360
307
498
329
295
322
352
284
260
279
323
486
310
288
312
379
284
363
332
347
266
303
289
327
324
297
331
272
282
258
548
516
274
335
256
302
677
304
320
362
278
328
326
393
328
315
315
276
363
333
382
290
448
299
307
291
429
379
352
294
368
610
539
262
332
343
310
295
483
316
266
311
332
293
288
295
350
322
326
301
374
317
305
279
339
270
279
317
293
531
363
289
357
360
308
282
270
270
305
338
308
291
286
297
253
298
262
285
288
315
304
308
306
306
322
385
320
580
279
302
353
545
327
329
319
280
335
296
270
286
333
318
284
267
370
301
354
308
380
273
300
288
300
378
317
344
273
332
467
390
325
313
303
286
683
293
310
452
355
364
309
288
313
262
322
433
285
291
313
287
326
339
311
429
277
288
292
330
334
283
284
300
396
301
280
288
291
345
285
338
288
337
261
305
269
398
246
385
270
335
315
308
294
334
318
270
283
293
550
368
271
298
285
439
325
302
275
341
273
293
302
322
279
432
296
613
277
241
365
331
291
285
320
330
300
284
298
227
465
302
464
245
296
450
269
341
265
312
257
274
278
298
301
266
278
500
298
463
304
315
328
321
325
303
308
317
291
344
252
239
267
270
314
294
301
277
290
309
286
317
257
365
271
267
241
249
434
293
255
351
273
326
282
379
302
242
263
275
283
293
384
251
233
281
296
243
346
419
311
312
388
288
403
407
314
269
258
271
306
266
280
420
297
243
307
721
251
442
364
286
330
259
312
257
280
365
454
373
339
297
258
300
281
248
255
283
489
288
298
232
260
264
911
271
262
312
276
300
282
299
344
250
272
365
289
462
337
238
306
250
293
372
259
418
319
298
277
254
257
336
308
307
307
273
279
285
247
358
332
412
270
244
409
272
253
237
309
285
310
288
300
292
321
295
468
282
263
240
315
286
301
414
265
335
265
274
414
286
258
632
386
381
276
329
308
251
256
367
278
291
435
342
263
263
260
417
328
275
329
389
794
300
322
341
265
301
280
389
284
342
422
292
260
272
311
384
276
271
311
244
281
360
295
272
238
314
288
273
328
272
389
246
257
267
269
612
490
295
312
274
329
264
293
259
323
289
267
245
262
356
248
292
414
271
264
290
303
362
286
491
265
310
530
298
254
260
275
321
322
799
306
258
282
281
467
253
262
290
326
280
296
266
323
294
263
307
261
345
263
251
333
229
267
330
261
501
321
323
268
280
265
374
251
293
256
261
301
312
261
286
277
282
275
283
263
294
218
273
257
265
314
267
249
229
266
254
380
248
239
303
276
383
216
205
289
241
252
365
457
285
406
259
252
416
301
313
306
236
297
247
313
289
269
292
249
280
320
307
425
251
317
261
355
265
403
365
270
233
280
293
260
240
429
256
220
240
262
246
448
227
505
303
243
261
252
277
465
215
307
273
284
274
300
345
241
227
254
221
231
262
254
244
257
248
318
245
304
217
260
304
270
251
344
276
271
291
258
294
246
359
316
293
304
291
405
269
374
254
245
244
318
257
286
222
263
277
264
297
270
265
227
246
274
224
277
268
407
236
276
380
233
315
288
319
231
276
250
262
225
243
258
511
294
276
269
337
416
375
261
265
266
229
250
320
350
304
250
245
253
255
353
252
257
278
242
352
237
298
295
348
280
238
295
270
321
257
238
317
371
294
241
249
293
292
266
305
415
240
251
277
301
241
271
227
264
232
281
448
280
257
251
269
250
306
292
265
244
250
208
288
423
244
252
255
211
271
274
353
238
443
218
333
275
249
256
240
485
238
301
340
260
278
229
324
231
221
237
264
338
268
277
234
238
248
228
249
220
232
241
270
244
247
258
281
240
323
224
259
302
269
225
226
336
262
294
271
248
210
259
288
237
241
244
242
261
402
239
359
266
265
252
304
211
245
222
271
230
300
278
246
390
237
346
227
334
244
233
269
352
247
587
225
251
323
214
268
579
262
258
246
235
232
304
311
487
269
284
270
246
251
215
224
234
253
255
231
226
234
369
282
239
546
349
252
304
281
300
246
294
264
279
253
231
264
231
276
232
245
225
218
235
256
293
264
268
242
278
288
253
231
380
391
223
339
230
316
269
390
780
343
270
351
268
240
260
306
242
269
237
266
258
433
242
370
267
711
247
321
373
222
252
423
260
378
581
235
275
344
252
220
246
277
422
248
230
240
289
229
332
248
239
263
239
253
280
225
227
319
284
273
217
305
238
279
283
257
584
224
249
246
293
254
232
284
298
216
334
241
241
272
214
284
387
251
243
260
231
243
273
280
335
204
271
234
250
245
303
283
301
234
242
231
229
216
266
283
362
276
338
264
230
276
248
218
232
233
301
243
237
226
235
224
222
246
437
279
239
308
284
414
266
234
260
267
275
245
284
283
261
236
244
205
243
229
255
260
276
248
239
323
230
228
204
285
271
217
290
272
244
248
229
223
210
239
215
368
265
275
248
215
230
259
271
252
247
312
271
233
261
227
244
229
222
238
278
327
259
237
284
212
259
248
209
701
289
238
325
255
242
214
270
232
243
400
199
232
274
233
230
210
350
283
275
220
214
321
242
437
246
291
316
252
250
208
223
256
222
265
252
254
243
568
292
271
242
229
200
248
227
234
224
214
238
223
241
244
212
308
232
218
281
238
260
230
241
226
238
237
234
233
235
267
261
246
205
242
268
235
270
190
263
251
213
245
410
244
279
272
258
222
243
207
209
215
263
281
241
228
440
244
255
263
236
279
306
221
274
233
241
219
249
264
373
281
276
275
268
230
423
247
232
404
293
215
146
262
273
268
231
217
217
224
221
258
212
217
216
201
205
258
254
242
327
219
214
238
222
320
254
253
226
312
208
194
317
251
274
203
229
610
244
236
314
369
266
261
255
218
265
282
251
251
228
223
254
230
231
236
269
218
229
271
218
251
265
267
251
218
204
387
245
251
198
226
252
258
198
230
225
238
216
230
208
220
258
239
208
227
248
244
208
250
256
199
283
272
287
201
228
269
209
239
255
169
253
328
253
257
197
237
276
487
253
208
263
267
277
192
285
178
202
200
250
244
150
241
210
220
291
291
247
278
233
240
256
233
234
225
265
211
202
189
186
186
242
282
274
238
322
214
261
178
235
260
244
108
190
188
274
186
211
243
241
200
231
313
213
254
235
233
224
211
249
227
220
218
231
299
289
205
397
231
241
281
224
235
230
364
203
218
279
199
203
259
194
208
267
259
209
243
294
280
253
331
251
249
258
271
198
219
221
225
238
392
376
291
250
245
267
213
255
211
220
302
280
244
252
226
214
167
254
230
263
252
217
189
229
316
207
268
286
245
213
645
248
468
318
234
213
218
215
230
246
203
249
242
450
277
446
201
209
245
184
212
285
262
198
245
219
348
202
298
244
420
211
211
228
211
225
242
256
244
231
236
245
202
248
241
256
207
210
212
183
206
235
266
240
293
206
292
188
215
186
264
259
237
199
218
303
220
189
249
194
221
265
232
214
221
310
208
219
244
302
218
213
224
217
211
237
243
181
231
240
182
226
271
230
320
245
221
231
296
243
185
257
232
239
269
232
244
218
230
184
349
220
298
204
205
217
173
203
194
298
216
227
238
274
208
232
244
308
217
263
276
206
213
191
184
252
214
265
209
221
265
210
217
262
279
229
264
244
216
213
222
211
183
220
254
219
250
213
190
271
175
196
229
178
216
243
242
211
304
183
249
227
225
180
195
242
206
196
242
240
246
206
259
183
208
175
195
201
223
217
232
181
178
220
794
223
172
196
246
240
180
335
247
221
228
192
174
247
243
208
198
253
711
218
181
184
198
246
264
208
219
295
213
231
216
244
242
226
223
219
248
219
206
799
165
253
303
493
290
208
252
219
215
227
190
220
310
194
247
194
118
222
245
218
247
349
258
253
209
272
230
200
215
268
209
240
224
329
202
162
210
233
318
288
211
258
228
177
228
201
284
240
255
215
198
249
238
233
208
215
170
306
190
234
234
199
238
243
220
205
171
193
222
213
202
389
272
259
178
175
208
185
272
271
178
191
249
252
230
192
202
202
205
297
223
220
91
194
186
223
224
189
267
247
208
271
204
236
422
184
228
240
241
216
332
220
292
226
173
177
208
232
219
273
440
198
209
244
207
244
241
223
211
211
200
189
193
233
245
431
264
202
235
184
190
190
362
270
263
231
199
252
196
222
208
204
271
226
212
207
233
234
196
200
201
255
169
194
215
648
267
235
235
234
189
203
204
214
237
180
208
179
320
220
190
199
238
238
214
199
403
222
296
203
207
260
202
208
320
320
214
176
237
215
183
302
216
221
193
189
215
225
237
192
238
273
225
242
156
218
208
189
188
197
229
213
199
238
625
279
210
319
262
232
199
237
212
211
277
210
211
198
181
198
234
164
223
275
202
246
184
204
191
256
207
229
233
176
214
90
245
240
240
236
178
183
260
181
166
211
197
179
230
227
188
170
158
275
239
174
225
172
273
207
180
315
180
281
224
194
182
220
194
230
447
213
268
169
168
197
254
169
187
216
403
200
192
231
192
206
175
204
190
213
220
216
243
190
211
204
209
222
235
182
205
249
197
419
157
200
172
212
191
208
232
272
240
177
340
196
230
185
247
177
173
231
195
281
120
179
198
247
217
231
207
237
202
201
268
172
140
675
188
247
225
217
250
193
172
267
173
183
256
234
242
228
248
212
162
169
184
230
407
211
176
195
234
181
237
230
187
221
226
216
195
178
244
221
209
172
198
209
215
243
231
194
192
201
159
171
229
186
191
320
177
276
205
255
195
190
187
161
217
202
184
200
156
178
266
413
191
204
415
209
174
181
251
180
177
207
189
213
171
199
369
224
199
191
176
185
228
199
207
234
195
221
284
183
287
198
191
141
213
320
253
287
189
196
160
191
216
210
199
205
283
196
243
234
220
234
214
236
245
195
200
191
261
194
232
195
218
222
190
181
200
216
199
870
189
197
168
219
181
258
219
232
202
231
204
248
256
241
197
182
236
196
156
184
196
227
197
199
211
195
210
161
271
194
193
225
145
177
206
305
192
257
201
208
218
259
194
181
171
166
227
333
179
166
201
215
170
227
162
164
182
165
159
150
222
194
190
183
282
176
320
265
204
226
153
197
207
183
188
169
267
188
194
226
490
175
234
206
173
186
190
176
321
152
196
190
207
234
204
262
220
214
121
161
248
211
181
320
233
171
320
191
168
188
183
205
176
246
159
217
198
173
205
198
223
263
186
176
178
239
175
233
320
191
222
178
185
228
196
191
214
260
175
200
214
217
160
184
179
173
170
213
213
170
184
189
209
173
191
196
203
193
264
184
168
196
194
194
293
171
195
183
194
177
320
161
179
216
188
202
202
172
180
257
188
320
183
166
206
275
212
216
227
193
173
224
166
227
168
195
171
254
192
183
251
180
199
264
183
531
191
195
245
695
182
244
152
220
201
174
192
235
162
236
240
168
229
199
200
223
87
186
234
243
202
252
184
236
271
174
205
217
190
190
383
177
175
185
276
210
266
192
615
238
246
175
153
172
187
151
224
167
209
176
202
447
201
160
194
179
169
209
178
199
174
185
239
214
175
239
136
190
152
205
177
256
109
181
146
184
178
122
191
203
212
229
171
205
222
167
201
248
118
214
273
210
171
200
170
167
201
250
197
178
193
181
151
161
186
179
180
189
254
187
216
192
183
198
203
180
170
228
177
233
189
196
192
174
165
219
201
221
143
360
158
320
324
214
190
173
170
173
211
180
245
166
325
174
231
174
252
213
174
183
248
390
283
196
238
191
169
179
194
184
173
150
172
181
152
162
190
189
209
169
193
167
215
170
159
204
206
168
174
235
171
166
174
200
177
162
212
167
181
231
217
162
182
320
174
210
181
176
172
145
189
192
204
188
208
266
161
249
188
170
184
163
156
167
161
180
195
196
218
186
163
204
195
193
271
165
165
218
186
195
192
191
146
216
135
186
220
168
248
151
110
179
320
171
161
171
207
183
175
250
164
169
221
174
187
169
169
189
217
268
172
214
320
142
218
167
185
320
169
150
217
171
174
143
160
193
183
184
203
206
159
174
198
188
220
160
187
190
178
190
228
198
276
159
192
166
189
181
164
264
172
320
222
181
164
166
225
171
190
199
192
233
177
80
217
182
169
188
255
184
157
186
262
180
160
179
212
181
320
167
213
229
168
241
163
183
162
186
191
160
174
320
157
183
192
168
161
198
212
165
178
143
194
174
138
216
183
201
181
320
191
179
201
194
320
170
197
187
156
207
165
223
211
176
189
271
149
194
162
181
182
701
229
178
204
180
192
148
170
160
196
167
274
218
228
158
161
201
193
166
174
191
320
192
173
195
257
170
191
193
263
179
199
187
158
191
161
193
223
320
121
171
194
169
174
134
173
320
185
182
320
174
218
197
175
144
175
176
160
201
176
192
191
203
191
92
166
157
187
186
147
160
198
180
180
192
156
165
165
163
229
142
185
182
159
200
159
208
214
235
83
247
220
168
281
155
202
207
177
254
191
175
221
188
167
174
166
159
200
164
217
171
320
198
200
85
169
132
203
162
188
178
163
190
172
170
165
221
164
237
187
80
242
171
163
160
186
271
193
162
374
176
180
170
157
162
185
320
133
160
297
160
320
140
172
86
169
320
210
178
154
181
284
181
172
177
175
179
162
166
181
171
160
160
152
167
140
194
183
320
146
164
172
320
181
173
188
130
172
179
165
176
151
132
189
150
170
80
166
254
320
224
169
231
148
172
169
162
221
263
320
320
320
130
182
320
211
199
90
151
180
320
159
190
200
153
193
320
165
320
189
210
214
205
201
161
148
112
163
175
160
165
188
194
169
132
176
172
160
215
158
154
179
164
215
174
145
190
180
144
101
99
184
136
170
171
176
171
194
80
320
148
168
282
153
189
179
187
206
192
320
231
187
169
156
178
184
181
160
155
224
320
128
157
154
198
546
169
179
137
166
173
213
160
217
209
153
151
175
219
133
136
169
151
153
201
157
168
196
131
164
181
193
320
182
320
197
163
198
213
206
200
123
205
148
201
179
135
200
108
137
176
165
157
116
149
181
211
154
144
156
222
211
207
194
163
152
190
160
183
287
169
241
170
157
151
121
157
212
167
176
161
165
181
320
166
131
169
160
143
179
178
320
320
320
162
179
186
291
320
156
171
195
176
149
320
165
183
163
131
237
186
148
161
146
174
320
145
149
320
217
154
137
188
147
173
167
159
161
154
184
170
134
199
143
165
179
171
320
134
320
150
138
171
162
205
160
159
320
193
193
159
185
160
153
153
171
122
167
151
320
173
85
191
177
154
231
142
166
162
167
205
163
320
183
118
147
177
187
133
161
169
228
228
159
227
168
217
226
176
320
157
320
184
143
152
163
198
138
166
145
213
133
131
160
173
192
159
155
184
175
123
124
164
158
123
162
320
271
230
320
172
140
127
186
157
113
148
288
184
164
157
155
122
174
164
129
137
172
177
173
160
141
85
163
151
158
162
162
205
95
130
139
179
142
116
192
320
149
126
165
320
164
170
205
177
183
115
196
133
172
145
320
114
320
181
144
202
164
133
159
173
176
166
137
142
153
167
171
160
129
197
139
192
156
164
123
108
136
157
159
187
217
82
170
185
320
126
165
147
216
189
171
187
320
174
320
156
83
165
160
96
157
107
154
163
82
122
320
152
161
165
320
160
159
132
160
156
109
174
245
162
136
110
136
320
160
148
108
320
115
218
179
133
85
320
169
159
162
138
114
153
320
147
118
185
157
106
127
148
121
146
124
161
157
157
94
137
140
142
174
162
169
173
320
84
320
129
146
91
157
154
169
145
89
196
160
133
153
160
199
119
164
156
111
172
192
214
135
154
163
217
166
159
157
156
143
142
129
125
134
105
320
135
173
117
151
160
320
161
320
153
320
172
173
164
158
130
162
106
320
136
104
143
320
137
160
159
157
142
99
128
157
96
114
320
149
153
145
158
144
160
320
152
146
123
170
159
191
208
150
155
780
155
106
143
138
236
179
219
320
161
320
159
320
171
142
152
168
80
127
131
149
157
320
149
320
157
149
94
80
155
156
200
320
320
125
141
158
131
320
80
151
157
152
148
216
161
148
140
320
202
91
87
120
151
137
257
170
164
95
257
155
171
124
199
216
135
162
129
138
158
137
158
165
196
156
320
160
124
207
144
130
159
97
130
158
320
125
91
107
162
320
124
162
153
159
141
217
151
164
161
160
136
160
213
320
80
149
320
164
133
147
198
177
153
153
137
156
174
199
172
133
222
107
158
151
143
145
202
320
146
163
134
139
122
320
215
133
150
161
127
174
141
154
144
90
137
158
320
151
320
189
320
139
320
133
166
101
170
185
320
155
164
320
253
154
122
139
221
320
136
85
133
161
320
132
177
89
163
116
170
98
181
96
150
141
155
161
172
320
320
129
146
167
101
169
158
162
320
147
154
320
115
128
125
156
110
159
144
154
153
169
131
114
153
123
149
320
148
320
320
156
146
143
320
136
320
885
158
106
153
320
136
320
153
148
148
153
320
149
108
145
196
90
147
177
158
86
147
320
195
536
157
138
146
84
122
204
154
138
756
320
153
140
145
108
156
203
320
320
154
320
140
139
135
320
320
184
274
147
120
161
320
129
167
161
138
142
320
97
137
160
120
154
124
123
141
320
132
162
320
144
108
320
159
130
141
166
93
81
148
204
320
150
137
120
123
109
160
107
87
128
150
161
140
161
320
166
320
134
100
123
160
133
180
139
251
154
320
150
113
181
320
104
320
123
136
162
168
116
158
165
136
98
158
118
86
159
159
141
80
155
153
119
119
156
143
160
159
320
175
140
160
320
139
107
149
320
159
155
151
118
153
320
320
160
158
141
144
320
158
96
320
117
147
144
102
132
182
151
146
169
147
157
165
136
110
103
156
152
139
157
154
142
320
157
320
320
160
138
320
175
153
125
86
198
320
138
320
80
139
320
320
148
143
193
81
142
144
131
320
143
137
235
165
140
171
172
141
320
391
149
320
144
145
258
141
96
320
320
140
320
230
122
170
120
125
114
144
158
137
144
141
99
153
151
183
162
320
146
320
320
162
320
103
154
320
145
320
167
149
138
320
126
171
320
204
320
320
320
134
146
96
158
320
140
154
320
152
151
151
130
120
159
152
155
111
124
320
138
129
169
320
244
135
128
144
101
157
320
166
125
92
158
136
320
320
133
227
158
320
320
131
80
158
320
320
320
320
168
320
320
170
116
159
156
320
121
165
150
161
320
120
118
320
320
320
320
99
93
142
320
320
320
85
145
96
148
320
125
320
320
152
320
125
320
101
122
122
141
128
147
86
320
320
94
320
695
159
154
320
136
259
93
161
160
146
123
320
148
162
320
152
112
134
320
141
320
185
112
163
142
124
160
96
137
320
230
80
320
124
138
125
320
91
155
147
188
138
320
141
154
320
138
89
149
144
107
97
80
157
320
153
135
97
320
107
320
136
94
124
148
126
136
180
320
320
103
320
320
278
320
320
207
107
320
88
147
96
130
147
148
155
292
135
143
136
125
156
162
359
320
109
721
128
320
320
132
110
80
189
320
133
107
85
127
95
120
152
115
320
89
150
147
102
124
320
139
126
164
139
144
147
114
110
119
159
146
320
320
146
156
135
153
164
320
145
103
320
93
123
159
320
233
110
145
122
127
137
320
180
123
320
143
320
88
135
139
155
125
139
167
140
112
129
320
130
320
320
179
150
117
138
144
124
320
320
200
109
157
80
131
95
320
140
136
90
137
147
320
320
139
140
140
320
123
115
94
320
320
320
93
320
80
156
122
112
320
148
158
112
151
160
320
122
141
96
320
136
110
165
91
152
137
139
320
98
320
182
99
121
320
172
134
145
125
320
125
156
159
320
260
123
156
131
102
129
80
142
320
80
117
320
92
162
82
84
320
152
320
119
160
151
320
320
174
320
135
102
320
121
320
320
155
112
97
157
159
152
95
124
159
151
320
320
149
130
320
168
129
151
320
83
320
103
120
149
151
112
133
320
320
143
320
125
100
320
80
80
156
320
106
135
320
320
320
181
320
135
320
170
320
92
320
116
320
147
176
86
136
123
320
320
127
165
119
320
149
117
148
109
80
138
134
156
320
161
320
320
85
320
150
320
82
320
151
320
129
128
132
119
136
87
320
155
93
320
320
86
106
146
91
119
320
146
157
320
320
112
146
127
158
156
139
107
118
120
126
320
117
120
320
144
139
320
320
149
113
122
116
320
320
151
320
123
107
320
147
320
320
126
117
105
320
320
132
320
320
134
320
320
142
81
143
320
134
320
96
120
91
320
146
108
117
168
92
166
320
320
157
146
156
119
110
141
140
96
320
134
320
208
105
320
111
121
106
320
320
320
97
162
320
152
320
320
320
90
320
127
320
320
108
91
320
320
95
320
108
124
153
320
95
93
320
320
320
108
320
133
320
140
320
83
151
105
257
320
99
154
320
139
320
125
130
320
320
147
128
320
157
122
320
126
138
320
320
121
85
320
136
204
138
87
167
82
320
90
320
83
320
320
143
111
128
320
320
320
98
112
320
144
104
320
320
110
129
320
146
320
141
320
320
320
320
156
86
154
320
124
143
111
146
103
110
198
320
135
320
149
97
320
320
117
127
320
118
97
119
190
320
320
320
320
320
117
141
320
155
320
114
174
320
132
320
83
320
119
320
224
320
320
320
320
139
133
320
320
131
320
320
141
320
107
96
150
147
129
94
111
127
135
120
320
162
610
158
320
320
320
320
320
320
144
320
105
320
150
102
120
320
134
144
320
140
161
121
104
148
320
320
121
320
320
320
320
114
320
320
122
320
104
320
153
142
132
320
112
320
130
320
320
93
152
320
163
320
86
129
88
320
320
320
88
320
160
113
320
121
320
82
86
320
93
146
130
320
320
320
320
320
105
320
320
320
99
146
102
320
320
93
320
320
320
320
116
320
118
320
110
320
183
320
80
155
110
320
320
89
320
119
124
80
320
82
83
112
146
136
162
320
320
320
320
85
138
320
137
320
138
133
126
132
114
320
147
102
320
147
84
81
320
101
80
95
320
320
320
320
85
148
320
134
320
114
123
320
320
320
141
91
97
320
320
145
320
320
80
130
124
130
320
320
213
320
320
320
108
98
115
159
320
320
320
100
320
320
320
320
119
91
320
112
320
320
320
320
320
320
320
123
320
320
172
320
133
190
119
162
211
320
320
320
320
129
138
320
320
118
118
320
320
320
157
101
320
320
320
320
129
320
104
138
80
320
320
82
87
320
86
92
95
320
320
160
124
320
320
320
140
180
320
320
320
87
320
320
320
104
320
101
320
98
320
320
320
320
128
122
111
153
320
145
117
320
320
124
80
320
320
320
320
320
320
129
320
320
125
174
320
135
120
113
116
108
320
109
91
121
320
320
320
320
152
107
320
320
130
320
320
320
320
177
320
83
129
97
101
320
320
320
320
320
320
320
320
101
320
320
320
320
320
165
181
320
320
86
320
133
123
320
113
320
320
121
320
139
160
161
91
215
320
320
320
320
320
320
320
320
120
80
320
125
92
80
320
184
625
81
320
101
320
320
97
320
129
320
320
320
114
119
320
134
320
320
151
320
121
320
182
320
320
320
320
97
320
91
103
320
320
112
320
320
320
87
100
320
320
320
165
320
119
115
320
320
320
103
103
158
320
320
320
122
320
320
106
102
92
124
320
320
320
320
168
115
320
121
80
320
119
320
134
136
112
151
320
320
320
320
80
320
320
88
320
320
131
320
320
80
320
320
320
320
320
320
320
320
320
168
141
124
320
125
320
320
114
320
320
320
320
320
139
320
106
320
320
320
95
320
133
85
107
102
320
320
320
320
109
130
320
80
134
320
320
320
320
320
100
320
320
320
320
155
125
99
320
320
162
320
320
320
320
320
82
96
320
133
320
320
320
648
80
320
320
320
103
320
320
320
320
141
150
320
174
141
320
84
320
96
95
320
320
152
320
320
320
80
320
320
89
320
320
320
104
320
145
320
94
320
320
80
116
106
127
320
320
320
155
320
320
320
84
320
320
320
320
320
320
320
90
156
84
320
320
93
320
320
320
90
320
101
320
320
90
320
320
320
119
320
80
320
320
153
320
320
320
148
320
320
86
320
93
320
122
320
320
320
126
145
320
320
320
320
217
94
320
320
320
320
89
149
320
125
320
320
320
80
320
320
320
92
320
320
320
320
121
320
106
320
320
320
320
320
320
320
320
109
320
83
80
121
320
320
139
320
320
320
104
83
100
320
320
80
320
320
320
132
320
320
320
320
320
320
320
320
320
320
84
320
320
191
320
81
320
320
320
133
320
125
320
320
320
320
320
98
320
320
320
320
320
320
320
115
320
87
320
80
145
320
320
320
320
320
87
320
320
320
320
320
320
115
320
320
320
320
320
320
320
320
320
320
320
104
82
320
171
320
84
320
86
320
162
320
86
320
320
103
320
320
320
320
80
320
320
320
320
320
320
320
320
320
320
320
320
134
320
320
320
320
111
320
320
320
320
320
320
320
320
113
105
137
320
320
320
320
320
80
91
320
320
320
320
320
320
320
320
320
320
320
320
170
320
320
177
320
99
320
320
320
167
320
320
320
320
320
320
320
80
320
320
91
320
187
320
320
320
320
320
320
320
320
320
320
320
88
112
127
320
320
320
124
320
320
320
320
320
320
320
320
320
193
320
320
320
320
320
320
320
320
320
320
104
320
320
320
320
320
320
320
320
320
320
320
320
121
320
80
104
101
320
320
320
320
142
320
320
320
320
320
320
320
320
320
320
320
82
122
320
80
320
320
82
320
320
320
320
110
320
320
88
320
320
320
320
320
320
320
320
320
320
320
320
108
320
103
320
111
320
320
320
320
320
320
320
218
80
320
320
320
320
320
320
320
320
320
320
320
320
320
320
320
320
320
320
320
320
320
320
320
320
320
320
320
320
320
320
320
320
320
320
320
320
320
320
320
320
320
105
95
320
320
102
320
320
320
320
320
80
320
320
320
103
320
141
320
320
320
320
320
320
320
320
320
320
320
320
230
320
320
320
320
320
320
320
320
320
320
320
320
149
118
145
320
109
320
320
320
320
320
80
320
320
198
320
320
320
320
320
85
320
320
320
320
320
320
320
122
320
320
320
320
320
320
320
320
320
320
320
320
320
320
320
320
320
320
320
320
115
320
320
320
320
320
320
320
320
320
320
91
320
320
320
320
320
98
320
144
320
100
320
320
320
320
320
320
320
320
320
320
320
320
320
320
320
320
320
118
320
320
138
320
320
320
320
320
101
320
320
125
320
320
320
320
320
90
134
320
320
320
320
320
320
152
320
320
320
320
92
320
320
320
320
320
320
147
133
320
320
320
99
320
320
320
123
320
320
91
320
320
320
320
320
320
320
320
80
320
100
320
320
83
92
320
320
320
320
320
320
320
320
320
320
320
320
320
87
320
94
94
102
320
320
85
320
320
320
320
320
93
320
92
111
320
320
320
320
320
320
320
83
135
320
320
320
320
320
103
320
320
107
320
320
320
320
320
320
320
320
320
320
320
320
320
320
320
320
92
320
320
320
320
320
320
320
320
320
320
320
320
320
320
207
320
320
124
320
320
320
320
320
95
320
140
320
320
110
320
320
320
320
320
320
320
320
320
97
320
320
320
320
320
320
320
320
320
320
320
320
320
320
320
320
320
320
320
80
320
320
320
320
80
320
320
320
320
320
320
320
189
320
320
320
320
320
320
320
112
320
320
156
320
320
320
320
153
110
320
320
320
320
320
91
320
320
80
320
320
320
320
320
320
320
320
320
320
320
320
320
320
110
320
320
111
320
320
320
320
320
320
320
320
320
320
320
320
320
320
107
320
320
320
320
320
320
320
320
320
86
320
320
320
320
320
320
320
320
320
320
320
320
320
320
129
320
320
109
320
320
320
320
320
320
320
320
320
320
320
320
85
320
204
320
320
320
320
139
320
320
320
320
320
320
320
320
320
320
320
320
320
320
320
93
320
320
320
320
320
320
320
320
132
320
320
109
320
320
320
80
320
320
320
320
320
320
320
320
320
320
320
320
320
320
320
320
320
320
120
320
320
113
320
114
320
320
320
320
320
320
320
320
320
320
320
320
320
320
100
320
320
320
320
320
320
320
320
320
320
320
80
320
320
320
320
320
320
320
320
320
320
320
320
320
320
88
114
320
320
320
320
320
320
320
320
320
320
320
320
645
216
320
320
320
320
142
320
320
320
320
89
111
320
320
320
320
320
320
320
320
320
320
320
320
163
320
320
320
320
320
320
320
320
320
320
320
320
320
320
320
320
233
96
90
320
320
320
320
120
320
320
320
320
320
320
320
320
320
320
320
320
320
320
320
320
320
320
320
320
320
320
320
320
320
320
320
320
320
320
320
320
320
320
320
320
320
320
320
320
320
320
320
320
320
320
320
320
320
320
320
320
320
320
320
320
320
320
320
320
320
320
320
320
320
320
97
320
320
320
320
320
320
320
320
320
84
320
225
320
320
320
320
152
320
320
320
320
283
320
320
320
320
320
320
210
320
320
320
320
320
320
320
320
320
320
320
320
80
320
320
320
320
320
320
320
320
320
320
320
320
320
320
320
320
320
320
320
320
320
320
320
320
320
320
320
320
320
320
320
320
320
82
320
486
320
85
320
320
126
320
320
320
320
320
320
320
320
320
320
320
320
320
320
320
320
320
320
320
320
320
320
320
320
320
320
320
320
320
138
320
320
320
320
320
320
320
320
320
320
320
320
320
320
320
320
320
320
320
320
320
320
320
320
320
320
320
320
320
320
320
117
320
320
320
320
320
320
320
320
320
320
320
80
169
85
96
320
320
320
320
320
320
320
320
320
130
320
320
320
320
320
320
92
320
320
320
320
320
320
320
320
320
320
320
320
320
320
320
320
320
320
320
320
320
320
320
320
320
320
320
320
320
320
320
320
320
320
320
320
320
320
320
320
163
320
320
320
320
320
320
320
320
80
320
320
320
161
320
320
320
320
320
320
320
320
320
320
320
133
320
320
320
320
320
93
320
320
320
320
130
320
320
320
320
320
110
320
320
320
80
320
320
320
320
320
320
320
320
320
98
320
320
320
320
320
320
100
320
320
320
320
320
320
320
320
320
320
320
320
320
320
320
320
320
320
320
320
320
320
320
320
320
320
320
320
320
320
320
80
320
320
320
320
320
320
320
320
320
320
320
106
320
320
320
320
320
320
139
320
320
320
320
320
320
320
320
320
320
320
320
320
320
320
320
320
320
320
320
320
320
320
320
320
320
320
320
320
320
320
320
320
320
320
320
320
320
320
320
320
320
320
320
320
320
320
320
138
320
320
320
320
320
320
320
320
320
320
320
320
320
320
320
320
320
320
320
320
320
320
320
320
320
320
320
320
320
320
320
320
320
320
320
320
320
320
320
320
320
320
93
320
320
320
320
320
320
320
320
320
320
320
124
320
320
320
320
320
320
320
320
128
320
320
320
147
320
320
80
320
320
320
320
320
320
320
320
320
320
320
320
320
320
320
320
320
320
90
320
320
320
320
320
320
320
320
320
320
320
320
320
320
320
320
320
320
320
320
320
320
320
320
320
320
320
320
320
320
320
320
320
320
320
320
320
320
320
320
320
320
320
320
320
320
320
320
320
320
320
320
320
320
320
320
320
320
320
320
320
320
320
320
320
320
320
320
320
320
320
138
320
320
320
320
320
320
143
320
320
320
320
320
320
320
320
320
320
320
320
320
320
320
320
320
320
320
320
320
320
320
320
320
320
320
320
320
320
320
320
320
214
320
320
320
320
320
320
320
320
320
320
320
320
320
320
320
320
126
320
320
320
320
320
320
320
320
320
320
320
320
176
320
320
320
320
320
320
320
320
320
320
320
320
320
320
320
320
320
320
320
320
320
320
320
320
320
320
320
320
320
320
320
320
320
320
320
320
320
320
320
320
320
320
320
320
320
320
141
320
320
320
320
320
320
320
320
320
320
320
320
320
320
320
320
320
320
320
320
320
320
320
320
320
320
320
320
320
320
320
320
320
320
320
320
320
320
89
320
320
156
320
320
320
320
320
320
320
320
320
320
320
320
320
320
320
320
320
320
320
320
320
320
320
320
320
320
320
320
320
320
320
320
320
320
320
320
320
320
320
80
320
320
320
320
320
320
320
320
320
320
320
320
320
320
320
320
320
320
320
320
320
320
320
320
320
320
320
320
320
320
320
320
320
320
320
320
320
320
320
320
320
320
320
320
320
320
320
320
320
320
320
320
320
320
320
320
320
420
320
320
320
320
86
320
320
320
320
320
320
320
320
320
320
320
320
320
320
320
320
320
320
320
320
320
320
320
320
320
320
320
320
320
320
320
86
320
320
98
320
320
320
320
320
320
320
320
320
320
320
320
320
320
320
320
320
320
320
320
320
320
320
320
320
320
320
320
320
320
320
320
320
320
320
320
320
320
320
320
320
320
320
320
320
320
320
320
320
320
320
320
320
320
96
320
320
147
320
320
320
320
320
320
320
320
320
320
320
320
320
320
320
320
320
320
320
320
320
320
320
173
320
320
320
320
320
320
320
320
320
320
320
320
320
101
320
320
320
320
320
320
320
320
320
320
320
320
141
320
320
320
320
320
91
320
320
320
320
320
320
320
320
320
320
320
320
320
320
320
320
320
320
320
320
320
320
320
320
320
320
320
320
320
320
320
320
320
320
320
320
320
320
320
320
320
320
320
320
320
320
320
320
320
320
320
320
94
320
320
320
320
320
320
320
320
320
320
320
320
320
320
320
320
320
320
320
320
320
320
320
320
320
320
320
320
320
320
320
320
320
320
320
320
320
320
320
320
320
320
320
320
320
320
320
164
320
320
320
320
320
320
320
320
320
320
320
320
320
320
320
320
320
320
320
320
320
320
320
320
320
320
320
320
320
320
320
320
320
320
320
320
320
320
320
320
320
320
320
320
320
320
320
320
320
320
320
320
320
320
320
93
320
320
320
320
320
320
320
320
320
320
320
320
320
320
320
320
320
320
320
320
320
701
320
320
320
320
80
320
320
320
320
320
320
320
320
320
320
320
320
320
114
320
320
320
320
320
320
320
320
320
320
320
320
320
320
320
320
320
320
320
320
320
320
320
320
320
320
320
320
320
320
320
320
320
320
320
320
320
320
320
320
320
320
320
320
320
320
320
320
320
320
320
320
320
320
320
320
320
320
320
320
320
320
320
320
320
320
320
320
320
320
320
320
320
320
320
320
320
320
320
320
320
320
320
320
320
320
146
320
320
320
320
320
320
320
320
320
320
320
320
320
320
320
320
320
320
320
320
320
320
320
320
320
320
320
320
320
320
320
320
320
320
320
320
320
320
320
320
320
320
320
320
320
320
320
320
320
320
320
320
320
320
320
320
320
320
320
320
320
320
320
320
320
320
320
320
320
202
320
320
320
320
320
320
320
320
320
320
320
320
320
320
320
320
320
320
320
320
320
320
320
320
320
320
320
320
320
320
320
320
320
320
320
320
320
320
320
320
320
320
320
320
320
320
320
320
320
153
320
80
320
320
320
320
320
320
320
320
320
320
320
320
320
320
320
320
320
320
320
320
320
320
320
320
320
320
320
320
320
248
320
320
320
320
320
320
320
320
320
320
320
320
320
320
320
320
320
320
320
320
320
320
320
320
320
320
320
320
320
320
320
320
320
320
320
320
320
320
320
320
320
320
320
320
320
320
320
320
320
320
320
320
320
320
320
320
320
320
320
320
320
320
320
320
320
320
320
320
320
320
320
85
320
320
320
320
320
320
320
320
320
320
320
320
320
320
320
320
320
320
320
320
145
320
320
320
320
320
320
320
320
320
320
320
320
320
320
320
320
320
320
320
320
320
320
320
320
320
320
320
320
320
320
320
320
320
80
320
320
320
320
320
320
320
320
320
320
320
320
320
320
320
320
320
320
320
320
320
320
320
320
320
320
320
320
320
320
320
320
320
320
320
320
320
320
320
320
320
320
320
320
128
320
320
320
320
320
320
320
320
320
320
320
320
320
320
320
320
320
320
320
320
320
320
320
320
80
320
320
320
320
320
320
320
320
320
320
320
320
320
320
320
320
320
320
320
320
320
320
320
320
320
320
320
320
320
320
320
320
320
320
320
320
320
320
320
320
320
320
320
320
320
320
320
320
320
320
320
320
320
320
320
320
320
320
320
320
320
320
320
320
320
320
320
320
320
133
320
320
320
320
320
320
320
320
320
320
320
320
320
320
320
320
320
320
320
320
320
320
320
320
320
320
320
320
320
320
320
320
320
320
320
320
320
320
320
320
320
320
320
320
320
320
320
320
320
320
320
320
320
320
320
320
320
320
320
320
320
320
320
320
320
320
320
320
320
320
320
320
320
320
320
320
320
320
320
320
320
320
320
320
320
320
320
320
320
320
320
320
320
320
320
119
320
320
320
320
320
320
320
320
320
320
320
320
320
320
320
320
320
320
320
320
320
320
320
320
320
320
320
320
320
320
320
320
320
320
320
320
320
320
320
320
320
320
320
320
320
320
320
320
320
320
320
320
320
320
320
320
320
320
320
320
320
320
320
320
320
320
150
320
320
320
320
320
320
320
320
320
320
320
320
320
320
320
320
320
320
320
320
320
320
320
320
320
320
320
320
320
320
141
320
320
284
320
320
320
320
320
320
320
320
320
320
320
320
320
320
320
320
320
320
320
320
320
320
320
320
320
320
320
320
320
320
320
320
99
320
320
320
320
320
320
320
320
320
320
320
320
320
320
320
320
320
80
320
320
320
320
320
320
320
320
320
320
320
320
320
320
320
320
320
320
320
320
320
320
320
320
320
320
320
320
320
320
320
320
320
320
320
320
320
320
320
320
320
320
320
320
320
320
320
320
320
320
320
320
320
320
320
320
320
320
320
320
320
320
320
320
320
320
320
320
320
320
320
320
86
320
320
320
320
320
320
284
320
320
320
320
320
320
320
320
320
320
320
320
320
320
320
320
320
320
320
320
320
320
320
320
320
320
320
320
320
320
320
320
320
320
320
320
320
320
320
320
320
320
320
320
320
320
320
320
320
320
320
320
320
320
320
320
320
320
320
320
320
320
320
320
320
320
320
320
320
320
320
320
320
320
320
320
320
320
320
320
320
320
320
320
320
320
320
320
320
320
610
320
320
320
320
320
320
320
320
320
320
320
320
320
320
320
320
320
320
320
320
320
320
320
320
320
320
320
320
320
320
320
320
320
320
320
320
320
320
320
320
320
320
320
320
320
320
320
320
320
320
320
320
320
320
320
320
320
320
320
320
320
320
320
320
320
320
320
320
320
320
320
320
320
320
320
320
320
320
320
320
320
320
320
320
320
320
320
320
320
320
320
320
320
320
320
320
320
320
320
320
320
320
320
320
320
320
320
320
320
320
320
320
320
320
320
320
320
320
320
320
320
320
320
320
320
320
320
106
320
320
320
320
320
320
320
320
320
320
320
320
320
320
320
320
320
320
320
320
320
320
320
320
320
320
320
320
320
320
320
320
320
320
320
320
320
320
320
320
320
320
320
320
320
320
320
320
320
320
320
320
155
320
320
320
320
320
320
320
105
320
320
320
320
320
320
320
320
320
320
320
320
320
320
320
320
320
320
320
320
320
320
320
320
320
320
320
320
320
320
320
320
320
320
320
320
320
320
320
320
320
320
320
320
320
320
320
320
320
320
320
320
320
320
161
320
320
320
320
320
320
320
320
320
320
320
320
320
320
320
320
320
320
320
320
320
320
320
320
320
320
320
320
320
320
320
320
320
320
320
320
320
320
320
320
320
320
320
320
320
320
320
320
320
320
320
320
320
320
320
320
320
320
320
320
320
320
320
320
320
320
320
320
320
320
320
320
320
320
320
320
320
320
320
320
320
320
320
320
320
320
320
320
320
320
320
320
320
320
320
320
320
320
320
320
320
320
320
320
320
320
320
320
320
320
320
320
320
320
320
320
320
320
320
320
320
320
320
320
320
320
320
320
320
320
320
320
320
320
320
320
320
320
320
320
320
320
320
320
320
80
320
320
320
320
320
320
320
320
320
320
320
320
320
320
320
320
320
102
320
320
320
320
320
320
320
320
320
320
320
320
320
320
320
320
320
320
320
320
320
320
320
320
320
320
320
320
320
320
320
320
320
320
320
320
320
320
320
320
320
320
320
320
320
320
320
320
320
320
320
320
320
320
320
320
320
320
320
320
320
320
320
320
320
320
320
320
320
320
320
320
320
320
159
320
320
320
320
320
320
320
320
320
320
320
320
320
320
320
320
320
320
320
320
320
320
320
320
320
320
320
320
320
320
320
320
103
320
320
320
320
320
320
320
320
320
320
320
320
320
320
320
320
320
320
320
320
320
320
320
320
320
320
320
320
320
320
320
320
320
320
320
320
320
320
320
320
320
320
320
320
320
320
320
320
320
320
320
320
320
320
320
320
320
320
320
320
320
320
320
320
320
320
320
320
320
320
320
320
320
320
320
320
320
320
320
320
320
320
320
320
320
320
320
320
320
320
320
320
320
320
320
320
320
320
320
320
320
320
320
320
320
320
320
320
320
320
320
320
320
320
320
320
320
320
320
320
320
320
320
320
320
320
320
320
320
320
320
320
320
320
320
320
320
320
320
320
320
320
320
320
320
320
320
320
320
320
320
320
320
320
320
320
320
320
320
320
320
320
320
320
320
320
320
320
320
320
320
320
320
320
320
320
320
320
320
320
320
320
320
320
320
320
320
320
320
320
320
320
320
320
320
320
320
320
320
320
320
320
320
320
320
320
320
320
320
320
320
320
320
320
320
320
320
320
320
320
320
320
320
320
320
320
320
320
320
320
320
320
320
320
320
320
320
320
320
320
320
320
320
320
320
320
320
320
320
320
320
320
178
320
320
320
320
320
320
320
320
320
320
320
320
320
320
320
320
320
320
320
320
320
320
320
320
320
320
320
320
320
320
320
320
320
320
320
320
320
320
320
320
320
320
320
403
320
320
320
320
320
320
320
320
320
320
320
320
320
320
320
320
320
320
320
320
320
320
320
320
320
320
320
320
320
320
320
320
320
320
320
320
320
320
320
320
320
320
320
320
320
320
320
320
320
320
320
320
320
320
320
320
320
320
320
320
320
320
320
320
320
320
320
320
320
320
320
320
320
320
320
320
320
320
320
320
320
320
320
320
320
320
320
320
320
320
320
320
320
320
320
320
320
320
320
320
320
320
320
320
320
320
320
320
320
320
320
320
320
320
320
320
320
320
320
320
320
320
320
320
320
320
320
320
320
320
320
320
320
320
320
320
320
320
320
320
320
320
320
320
320
320
320
320
320
320
320
320
320
320
320
320
320
320
320
320
320
320
320
320
320
320
320
320
320
320
320
320
320
320
320
320
320
320
320
320
320
320
320
320
320
320
320
320
320
320
320
320
320
320
320
320
320
320
320
320
320
320
320
320
320
320
320
320
320
320
320
320
320
320
320
320
320
320
320
320
320
320
320
320
320
320
320
320
320
320
320
320
320
320
320
320
320
320
320
320
320
320
320
320
320
320
320
320
320
320
320
320
320
320
320
320
320
320
320
320
320
320
320
320
320
320
320
320
320
320
320
320
320
320
320
320
320
155
320
320
320
320
320
320
320
320
320
320
320
320
320
320
320
320
320
320
320
320
320
320
320
320
320
320
320
320
320
320
320
320
320
320
320
320
320
320
320
320
320
320
320
320
320
320
320
320
320
320
320
320
320
320
320
320
320
320
320
320
320
320
320
320
320
320
320
320
320
320
320
320
320
320
320
320
320
320
320
320
320
320
320
320
320
320
320
320
320
320
320
320
320
