397
393
380
371
444
414
399
437
413
436
410
434
521
376
443
441
403
409
455
431
367
423
398
379
427
390
461
420
419
400
423
432
389
395
453
377
425
430
436
403
414
409
418
395
373
400
445
423
475
408
442
430
421
416
388
455
418
416
379
434
430
338
404
541
419
415
427
430
450
415
361
410
415
427
468
402
393
405
375
461
375
404
400
463
453
402
350
361
369
350
381
446
394
451
404
380
378
587
468
438
452
459
386
498
586
441
418
424
398
491
430
416
415
429
495
596
457
409
396
410
567
486
466
493
378
450
452
460
366
424
402
478
433
461
490
363
414
361
424
353
396
417
461
381
389
447
358
443
436
397
430
373
485
402
383
663
574
443
429
428
682
381
436
401
390
360
408
436
394
405
607
344
509
368
457
389
449
355
456
419
385
414
365
380
376
403
440
375
416
381
484
433
367
370
404
403
356
394
417
433
447
388
410
350
383
387
367
453
378
406
366
423
428
485
370
438
503
340
343
360
347
359
431
591
339
377
439
421
394
363
360
358
380
351
393
423
341
346
377
374
359
387
343
581
399
396
342
385
335
463
345
492
381
326
317
333
341
410
535
339
364
373
331
345
419
342
340
366
357
381
351
350
358
354
387
462
380
513
409
441
361
308
335
481
712
497
353
394
331
349
319
344
492
333
391
347
469
321
456
471
385
338
526
326
327
364
370
429
336
379
329
438
344
357
322
323
465
376
367
485
481
443
407
337
336
326
338
401
343
348
443
334
313
336
399
303
341
315
383
326
347
339
334
355
536
355
377
322
369
464
309
349
300
428
366
312
448
347
295
368
386
351
334
365
347
444
343
370
344
341
366
425
449
312
408
370
379
334
335
296
331
298
283
314
326
1154
333
361
309
322
292
434
325
388
358
353
321
342
320
342
348
389
371
474
386
346
315
367
354
404
290
340
272
402
410
334
399
380
321
313
450
423
319
308
557
315
312
380
330
296
429
349
469
393
365
299
333
361
437
333
288
314
407
848
297
348
374
428
310
365
290
371
327
462
355
310
376
301
297
323
315
316
365
485
314
315
320
302
302
293
317
324
328
311
325
287
424
384
511
404
285
315
312
316
356
330
302
335
327
275
273
314
315
494
342
312
360
370
308
407
287
440
299
311
393
807
294
350
293
269
300
371
305
330
289
285
342
316
355
284
293
303
309
284
341
276
288
299
841
305
306
367
273
1154
299
349
286
289
307
267
317
297
360
348
812
277
443
323
288
335
427
307
310
331
283
285
311
327
264
300
279
373
300
312
308
303
354
339
291
296
309
286
484
292
283
285
363
286
308
364
299
291
310
302
382
302
270
344
378
331
294
322
347
336
848
416
305
275
284
270
334
262
302
445
288
342
304
387
364
328
323
1042
331
321
307
363
264
294
284
268
260
292
317
296
343
321
335
276
295
407
313
290
349
368
309
287
346
283
274
346
338
412
301
261
338
268
277
390
272
429
346
330
269
269
288
407
313
300
581
280
276
371
250
249
251
298
364
448
332
313
323
332
278
283
413
255
366
299
344
318
258
252
308
333
288
320
283
297
559
274
276
325
311
295
267
393
449
291
295
298
282
331
351
297
262
321
255
304
332
280
302
341
305
418
308
284
338
309
307
291
277
356
306
289
356
419
272
319
374
396
350
387
384
340
445
315
279
308
263
322
372
271
290
310
325
312
282
283
456
329
298
341
271
291
427
371
358
317
300
304
327
336
288
281
268
276
356
264
269
252
267
267
298
288
275
787
281
279
285
263
315
329
326
354
303
269
479
332
316
279
286
291
277
276
359
611
278
276
304
244
299
312
277
429
276
465
259
343
318
308
283
288
271
292
265
323
472
312
322
269
494
251
292
302
285
320
277
265
294
329
321
812
306
317
389
387
391
334
278
257
277
279
273
323
294
297
301
275
330
281
265
302
404
288
333
395
338
243
347
295
290
286
271
295
259
330
339
276
321
297
253
312
302
272
304
261
308
249
272
260
231
285
255
249
350
275
286
316
302
311
1042
287
256
271
338
331
215
251
259
240
277
428
284
378
258
321
287
284
248
243
265
254
243
322
299
269
242
311
264
321
315
314
261
346
287
327
291
240
269
408
334
273
271
282
290
295
314
269
266
276
252
257
306
335
326
275
294
299
293
275
275
283
322
243
277
271
290
343
308
266
320
274
252
306
278
272
250
280
249
269
265
243
256
270
251
277
302
332
209
286
255
263
316
245
263
324
308
251
257
841
294
414
272
256
277
219
316
274
286
278
303
304
270
263
333
255
276
286
276
254
276
298
224
290
280
380
301
280
239
246
232
258
258
259
265
313
304
255
269
336
288
262
291
280
234
271
288
300
334
248
331
284
243
263
251
310
246
298
487
241
312
274
331
294
248
515
267
262
288
311
306
260
262
323
281
246
231
286
266
278
243
354
285
281
254
315
403
281
305
275
252
268
272
230
252
217
270
233
267
252
257
292
294
554
311
234
275
260
251
260
274
285
277
293
398
260
260
286
270
252
259
233
255
270
235
433
223
225
275
261
238
275
383
322
269
225
256
263
305
213
282
369
244
264
310
308
315
405
283
301
249
245
449
249
261
266
276
273
277
245
262
339
290
236
300
251
304
301
431
252
261
265
244
310
295
289
236
276
284
266
315
248
267
320
280
231
284
263
227
305
317
245
235
221
232
285
267
224
279
336
294
377
237
324
311
239
290
239
260
258
286
325
253
452
262
463
275
229
235
263
256
252
259
245
294
325
282
316
275
240
325
487
277
270
239
253
241
234
319
261
255
258
268
288
239
262
262
267
234
242
257
258
262
294
286
249
268
276
252
309
244
220
264
326
339
264
264
334
318
201
304
259
283
280
223
222
229
253
235
255
309
255
270
246
245
447
273
287
285
313
255
245
193
285
275
238
270
331
240
188
311
237
292
289
236
239
244
211
215
225
195
285
222
261
258
234
257
307
222
276
241
245
310
245
293
253
241
284
281
237
229
337
269
263
242
302
227
265
261
274
807
285
211
312
212
426
435
214
282
269
309
233
252
299
232
261
236
211
248
405
273
374
262
264
224
246
259
292
313
270
235
238
261
362
202
159
264
261
247
237
242
247
261
221
278
327
302
209
240
312
235
224
299
257
252
278
251
285
260
231
280
245
323
375
201
291
349
247
341
254
231
266
225
257
241
386
273
282
248
317
234
276
218
362
248
227
216
263
486
251
449
248
241
226
204
219
223
249
242
264
245
228
211
286
273
247
263
216
284
218
275
260
224
436
237
223
262
291
246
217
246
248
313
247
250
305
241
402
258
217
220
269
265
295
226
227
260
307
213
248
224
238
250
204
204
215
156
250
292
228
216
242
204
189
244
250
214
201
239
224
245
265
269
244
263
240
300
383
252
227
256
253
230
264
260
234
261
187
266
281
285
216
264
218
280
185
227
232
207
256
261
228
251
285
226
280
416
173
319
277
221
287
196
217
331
376
255
202
270
291
269
200
225
298
239
269
269
238
263
161
269
231
250
244
247
275
280
346
200
214
235
216
234
306
255
250
206
229
237
198
249
232
193
240
196
233
204
238
246
208
242
211
230
220
266
253
246
239
251
252
300
307
205
208
221
211
337
286
288
186
224
215
192
314
257
217
242
240
209
282
259
206
291
249
237
211
210
236
223
228
214
230
218
220
222
234
272
237
206
194
313
236
247
332
214
263
195
252
316
254
207
176
198
264
400
251
311
249
220
215
171
225
229
187
214
298
234
478
278
270
279
207
247
254
208
264
222
226
178
318
213
194
366
215
223
296
234
245
228
227
289
238
236
214
306
196
226
296
204
290
233
218
221
320
182
242
307
231
209
257
208
251
236
204
244
266
289
241
240
344
228
216
235
264
311
269
255
219
242
239
253
308
281
208
200
219
292
265
187
218
266
273
208
248
105
293
256
209
232
246
259
246
163
196
261
197
360
227
281
220
286
137
197
242
251
197
213
224
223
208
217
204
206
435
199
257
205
193
354
245
194
226
230
194
219
218
216
283
239
248
293
214
209
315
221
181
229
260
253
254
185
295
266
200
206
198
261
237
187
201
256
184
181
232
212
175
233
206
232
240
265
241
187
282
257
214
260
261
235
203
239
244
285
201
226
263
242
226
223
440
225
214
222
227
239
184
213
191
372
198
264
199
321
233
205
235
264
209
158
204
198
170
222
215
167
300
197
236
266
212
277
242
140
185
250
234
288
161
197
221
222
232
209
211
170
236
210
254
224
204
199
264
297
228
216
202
234
229
191
312
175
209
190
338
185
160
236
297
233
227
311
181
199
251
193
217
197
223
193
190
238
201
240
203
225
257
237
305
231
276
243
224
188
249
227
257
253
199
192
265
192
210
141
166
227
176
285
186
234
204
215
206
228
404
230
268
234
222
180
193
185
215
211
207
195
141
235
176
241
209
245
187
269
219
194
180
307
248
196
239
198
196
240
255
248
217
208
210
222
174
212
282
255
192
225
193
224
208
207
166
225
244
235
270
176
298
229
211
166
262
165
211
210
183
223
196
239
206
218
247
180
331
232
193
237
250
193
274
243
214
230
174
217
344
185
258
209
213
196
206
191
198
212
231
237
177
206
194
250
189
179
256
146
192
213
247
158
182
218
221
198
278
214
196
227
196
221
212
205
238
190
209
224
252
212
190
199
261
240
264
236
169
207
191
209
220
483
204
225
232
226
241
209
208
190
174
177
217
238
216
289
198
240
205
309
290
259
265
223
140
167
220
194
208
197
170
209
199
180
204
239
115
211
205
186
198
259
243
287
199
186
222
214
204
288
217
278
175
218
187
182
256
187
203
199
243
205
189
176
239
172
236
189
248
192
187
176
221
198
307
231
218
247
241
204
223
165
190
194
224
254
176
213
247
135
183
100
217
246
213
228
167
229
210
178
488
271
202
195
213
208
209
95
236
101
230
109
185
171
188
169
190
193
212
277
212
165
170
247
172
236
122
231
240
282
133
189
178
200
187
234
154
245
251
195
149
176
230
227
185
218
182
175
237
243
226
227
188
194
194
280
217
273
339
194
135
213
231
217
186
240
110
174
166
162
156
165
190
376
163
182
165
160
378
235
265
150
205
300
185
205
215
133
177
159
242
189
271
196
154
167
102
167
259
179
307
198
231
262
154
235
177
230
224
189
193
185
188
195
142
225
244
180
196
204
202
188
219
196
129
156
220
175
196
188
201
116
338
213
193
215
247
154
248
175
161
190
199
207
233
188
201
167
183
142
195
258
397
219
213
225
179
168
194
221
172
220
216
205
274
235
188
257
192
241
108
222
221
169
186
208
112
226
201
212
163
182
216
237
188
211
185
109
220
173
181
260
315
192
177
111
210
173
189
232
294
203
181
186
208
176
187
376
197
204
174
376
220
255
152
216
161
104
197
223
168
212
177
228
254
261
188
242
223
134
224
184
238
179
225
192
213
246
114
192
204
184
200
196
260
209
176
269
166
376
202
149
258
137
228
317
150
189
214
330
376
386
250
191
208
171
259
208
205
277
223
214
376
150
209
247
209
189
179
237
179
211
210
239
162
215
183
376
200
229
135
206
158
171
174
277
243
219
178
250
188
180
323
166
197
194
184
194
131
195
222
164
270
214
202
187
208
208
165
110
170
237
102
179
233
210
173
157
217
184
184
190
138
180
113
176
187
243
147
221
180
172
210
197
193
166
172
189
209
320
194
376
133
141
197
170
197
128
181
183
151
330
238
376
232
173
215
185
220
174
173
154
183
376
229
232
214
201
151
172
174
181
249
187
215
188
256
376
190
191
223
218
152
307
165
376
256
227
177
186
188
227
191
187
190
167
171
376
194
376
141
165
236
169
208
202
129
165
196
190
190
246
192
301
179
95
167
210
183
167
188
276
250
165
215
198
182
126
241
161
164
246
191
194
242
227
213
126
376
195
189
111
148
162
167
191
370
243
214
159
224
176
205
376
376
194
166
223
173
168
376
183
376
376
181
202
173
196
225
191
223
290
132
376
210
167
94
211
186
124
200
240
188
119
187
147
279
179
259
210
195
242
124
169
221
170
227
222
182
376
238
100
153
94
176
138
224
235
114
200
141
177
209
198
199
134
193
140
165
236
167
94
110
113
202
246
289
493
202
376
175
176
235
124
105
221
196
188
376
141
253
145
187
187
218
376
190
376
145
187
171
173
191
219
189
309
376
215
160
256
232
187
156
121
227
145
188
139
376
376
142
190
110
148
193
212
148
170
213
125
199
170
176
198
135
172
142
111
187
169
195
163
179
114
156
171
175
206
201
216
219
212
171
167
376
176
376
217
112
186
163
177
287
96
159
230
95
206
204
224
145
376
114
200
188
206
94
175
95
200
147
187
181
186
167
190
139
376
187
148
120
210
229
171
139
376
187
182
171
156
376
285
195
193
376
96
143
189
233
156
158
194
204
376
209
179
139
260
192
203
188
246
191
98
217
186
195
359
165
106
200
179
222
110
177
151
376
203
213
206
204
189
376
109
150
210
96
177
167
282
137
229
131
132
104
238
175
203
139
179
168
185
180
162
198
376
216
140
159
376
99
212
145
138
169
181
184
99
376
133
376
196
183
100
187
213
174
235
376
184
174
376
190
150
158
191
187
192
222
179
165
234
376
376
136
142
161
217
170
216
376
156
113
230
376
148
376
376
376
134
168
172
122
123
158
126
376
183
190
137
166
143
170
182
134
174
158
186
191
191
147
148
161
225
181
167
204
178
122
376
195
161
126
189
114
376
186
259
157
205
211
176
168
156
97
134
237
376
187
243
141
201
376
107
205
192
376
146
135
228
209
159
213
171
94
150
239
109
120
139
376
179
143
171
116
170
138
201
128
376
222
376
166
96
171
302
193
156
160
100
187
181
376
222
213
101
179
376
376
115
108
376
202
157
187
376
193
143
124
161
174
174
178
222
158
130
376
162
187
239
148
187
376
171
143
164
190
140
163
140
166
185
171
123
246
177
166
132
94
376
181
376
130
203
376
376
177
96
155
376
376
141
94
97
233
195
188
245
376
188
376
96
376
176
376
134
201
151
236
376
151
210
154
146
179
96
283
98
168
196
109
127
171
113
165
195
95
376
125
175
197
376
107
376
125
95
130
141
101
376
376
126
101
99
111
177
100
170
376
180
191
150
200
146
152
174
376
103
376
116
133
376
197
122
296
230
151
376
376
274
376
178
376
98
376
200
149
100
187
162
114
178
137
190
188
215
198
174
183
171
176
155
376
162
227
214
126
111
120
151
142
188
98
249
171
188
208
223
157
202
159
376
167
130
153
165
376
172
164
117
213
135
376
186
172
187
176
94
173
171
151
104
149
376
173
123
376
108
113
102
139
214
150
224
161
376
95
197
187
115
168
376
170
376
161
123
238
376
218
187
376
94
242
376
214
134
191
376
149
153
146
128
96
376
143
145
116
141
146
119
376
239
147
135
376
120
199
376
145
376
150
227
156
274
303
148
376
128
376
166
192
153
165
158
127
150
190
376
168
376
94
157
173
140
241
186
142
200
122
108
376
257
114
376
376
203
166
159
172
182
156
100
376
376
206
118
193
161
376
181
376
134
133
96
94
115
161
376
113
376
202
175
168
376
376
133
118
169
207
105
180
376
162
123
133
376
145
159
112
226
151
376
162
157
161
376
376
191
205
376
151
96
181
175
198
376
180
141
183
376
161
135
119
153
187
161
196
141
170
376
185
114
159
200
202
186
158
144
376
376
120
102
376
376
123
130
376
376
110
148
159
182
143
111
161
143
168
195
182
376
161
151
173
120
151
376
376
135
376
98
440
177
376
135
146
376
95
126
146
171
164
102
376
140
376
211
376
186
99
291
376
143
147
376
119
376
169
145
204
401
150
119
376
114
376
129
159
202
94
161
169
212
228
138
376
184
206
376
158
102
376
180
133
376
184
376
203
175
190
181
194
376
376
201
376
155
376
376
101
168
111
376
134
122
376
376
376
167
376
376
376
376
376
198
376
376
116
103
168
217
140
94
376
97
224
143
376
106
376
114
197
202
153
138
376
122
173
163
123
376
376
164
99
376
162
376
138
251
376
187
211
181
177
138
167
99
167
114
103
376
206
186
107
228
136
98
165
174
118
376
100
376
376
376
202
236
164
156
376
376
376
250
167
169
376
142
186
94
217
227
376
376
157
376
174
376
116
185
279
376
157
104
96
156
183
143
164
195
154
185
103
376
185
156
376
376
376
376
97
376
170
208
376
105
376
170
119
141
376
172
164
94
376
112
376
376
156
212
376
376
197
143
376
94
376
126
94
182
376
130
376
191
376
376
376
265
204
155
205
176
97
125
376
376
122
126
94
376
180
147
119
376
376
136
97
376
148
376
98
122
376
112
177
153
175
206
202
376
175
376
376
208
119
148
376
376
376
117
99
105
276
376
376
173
144
145
123
100
376
376
376
376
143
376
104
107
376
94
376
182
100
120
162
181
376
376
331
135
376
97
97
143
122
376
376
376
188
376
376
109
139
130
376
376
133
179
115
182
128
376
172
161
125
376
116
125
376
376
376
162
131
376
140
376
166
376
376
376
225
376
158
376
376
376
376
111
376
376
157
178
376
155
98
189
164
145
188
94
376
119
376
176
143
98
221
161
109
376
108
98
140
99
94
376
376
134
111
126
94
376
128
376
124
376
376
140
376
125
226
376
202
163
130
376
163
122
376
94
376
116
114
376
116
376
144
115
185
376
94
376
161
135
376
120
102
124
376
376
185
376
376
376
376
376
146
176
376
114
376
376
102
376
376
178
376
160
376
376
376
376
376
376
203
166
376
376
103
149
115
108
100
159
100
376
187
376
120
376
145
376
376
158
115
192
144
376
172
159
124
376
376
376
102
122
376
163
151
376
376
121
153
376
376
256
376
179
376
376
156
94
197
484
376
132
140
376
376
376
376
376
154
376
376
130
133
376
376
171
376
376
376
376
160
376
376
161
112
376
376
376
376
141
134
235
127
176
376
376
131
376
376
117
161
376
376
94
192
376
376
376
163
376
376
376
145
94
345
146
376
376
184
198
376
139
141
376
114
376
161
141
376
152
105
376
376
376
180
376
376
376
376
237
376
376
376
376
177
376
127
376
376
376
376
106
376
136
151
118
124
173
96
376
376
376
376
376
376
376
180
376
118
207
376
376
376
376
376
174
376
376
376
96
182
158
376
376
376
156
376
376
376
230
125
121
117
186
163
184
180
376
161
118
376
376
376
376
376
188
376
376
376
376
207
376
376
376
376
142
376
376
174
376
145
214
376
376
376
376
376
146
176
376
376
376
119
376
376
94
94
376
104
148
376
376
376
376
111
155
136
127
158
164
376
376
376
376
153
376
376
132
119
376
376
376
376
376
153
376
376
376
123
376
179
376
149
153
376
376
168
376
140
376
118
376
101
152
120
376
376
203
376
376
376
376
124
126
376
376
376
376
376
122
104
118
139
376
376
376
119
376
376
376
376
109
170
376
118
376
376
94
376
114
376
376
125
104
110
176
376
376
183
149
118
123
376
121
376
125
376
376
376
100
376
376
376
376
376
194
376
376
376
112
376
95
127
376
376
376
376
376
376
376
376
132
376
376
240
129
104
376
220
376
376
376
128
376
179
471
221
376
376
376
150
376
376
116
376
139
96
120
113
142
376
376
153
376
195
156
376
195
129
376
107
376
185
376
376
376
169
115
376
376
376
168
376
189
376
376
376
115
376
203
110
103
376
103
376
174
376
120
132
376
376
100
175
376
376
108
192
376
376
376
126
376
376
376
100
376
128
376
376
376
376
100
110
376
376
376
447
116
376
376
376
95
376
376
376
256
102
106
171
376
376
376
110
94
376
376
376
376
376
196
376
376
376
94
376
145
94
376
154
156
98
376
376
143
376
146
123
376
376
141
376
376
376
376
113
212
376
376
376
105
376
103
376
187
376
376
376
376
211
115
156
376
376
376
376
376
376
376
185
376
376
376
124
376
179
376
173
376
376
376
187
94
376
100
376
175
376
376
376
376
376
376
170
376
376
376
376
197
376
376
376
147
376
376
376
183
376
376
376
108
376
376
376
376
126
376
376
376
183
376
376
376
376
99
376
376
376
376
376
376
126
255
376
376
376
376
376
376
376
376
125
98
181
376
158
376
183
376
376
109
376
376
376
376
121
376
376
376
376
376
161
376
376
376
376
153
165
186
376
376
376
376
376
97
133
376
121
376
376
190
376
320
210
376
376
376
162
94
376
376
376
376
171
376
376
376
376
376
376
376
159
376
376
376
376
376
376
142
376
149
376
376
168
376
376
376
170
376
376
376
376
376
376
376
376
376
376
142
376
136
376
376
376
154
376
376
219
376
376
133
118
376
376
117
376
376
376
191
376
376
376
376
376
376
376
376
376
110
207
376
376
376
376
376
376
376
118
376
110
146
376
376
376
376
123
163
376
136
376
376
104
376
376
376
118
218
376
100
376
376
376
122
376
376
376
119
376
376
282
376
376
376
376
98
160
376
376
376
191
137
376
376
376
376
376
376
152
376
376
115
376
132
162
376
376
376
212
110
170
100
376
376
376
376
376
376
376
376
376
376
376
376
96
376
376
147
376
376
376
141
205
376
376
376
376
376
160
99
376
158
376
376
376
180
119
376
376
376
135
376
376
376
376
376
376
376
163
106
199
376
376
376
376
376
376
376
376
376
268
376
376
117
376
376
376
376
376
376
376
149
114
376
376
376
376
144
188
114
376
376
122
376
97
376
376
376
95
376
376
128
376
376
376
376
178
376
376
376
376
376
376
376
147
183
376
376
376
376
376
376
120
376
95
376
119
106
376
100
107
376
376
376
376
376
376
376
376
376
376
376
376
376
376
376
376
123
376
376
376
376
376
103
112
376
376
376
376
376
376
150
108
142
376
376
376
376
376
376
147
148
107
376
135
376
122
175
234
376
376
376
376
376
376
376
376
376
376
376
148
376
376
376
129
376
376
376
105
126
98
376
100
376
376
376
133
376
376
376
376
94
376
376
105
376
376
376
376
376
376
376
164
376
376
376
136
376
376
376
376
167
376
122
376
376
376
376
376
376
376
376
376
376
376
376
376
376
376
115
376
98
376
376
376
204
156
376
376
376
376
95
376
376
376
376
376
376
376
179
376
376
376
376
94
376
376
376
376
376
376
145
117
376
376
376
376
376
376
376
376
559
376
376
177
376
376
376
376
132
95
376
376
376
376
376
376
95
376
438
376
376
376
137
119
376
376
376
129
376
376
135
376
209
304
142
141
376
376
128
103
376
376
376
376
376
376
376
376
147
376
94
133
94
376
105
376
376
187
376
127
111
376
94
376
376
376
376
376
376
376
376
130
376
376
376
100
119
376
376
376
376
376
376
376
376
407
376
113
376
154
376
111
376
376
376
376
376
376
119
376
376
376
376
376
376
242
376
376
376
376
376
94
376
376
376
376
376
376
224
376
376
376
376
376
376
376
376
170
376
376
376
376
376
376
376
376
376
376
138
376
186
376
198
376
376
376
376
158
376
156
376
376
107
150
376
376
376
98
376
376
376
376
376
376
376
376
186
376
376
103
376
376
376
376
376
376
225
376
376
376
376
376
376
376
376
376
376
376
376
376
376
376
376
376
376
376
376
108
376
172
376
376
376
376
376
376
376
376
113
376
155
376
376
376
376
376
376
376
376
376
376
376
376
181
376
376
376
376
376
376
376
376
376
376
97
376
376
376
376
376
376
376
280
94
376
376
376
376
376
376
376
376
115
376
101
376
376
376
376
376
376
376
376
376
376
376
376
376
376
376
156
376
376
376
106
376
376
376
376
171
376
217
376
376
376
105
376
376
376
376
376
376
114
376
376
376
376
376
376
376
376
376
141
376
376
376
376
477
376
376
376
376
376
138
376
376
376
376
376
376
376
376
376
376
376
376
199
376
376
376
376
376
376
376
376
376
376
376
376
183
376
376
376
376
94
376
376
376
376
376
177
150
376
376
376
376
376
376
376
376
376
376
376
376
376
376
376
376
376
376
376
376
376
376
180
376
376
376
376
376
94
376
376
376
376
376
376
376
376
139
376
184
376
376
109
376
376
376
376
376
376
376
376
376
376
376
376
376
376
376
376
376
376
376
376
376
376
145
376
376
376
376
376
162
101
376
376
376
376
376
94
376
376
376
376
376
376
119
376
376
376
376
376
376
98
109
376
376
376
376
376
186
376
376
376
376
137
376
376
376
143
110
376
376
376
376
122
376
376
376
376
376
376
376
376
376
98
376
376
376
376
376
376
376
376
376
376
376
376
376
376
376
376
376
101
146
376
376
376
317
376
376
376
95
376
376
376
376
376
376
376
376
376
149
376
376
376
376
376
376
376
108
146
376
161
376
376
376
376
376
376
376
376
376
376
376
376
376
376
376
376
376
376
376
376
95
376
376
376
376
376
376
376
376
376
376
111
376
376
376
376
376
162
376
376
376
376
180
376
376
244
376
376
376
376
376
376
376
376
376
376
376
376
376
94
150
376
376
376
376
376
376
376
376
376
376
376
376
376
376
376
376
376
376
376
376
376
94
132
376
376
376
376
376
376
148
376
376
184
376
376
376
376
376
376
376
376
376
376
376
376
376
376
376
376
376
376
376
376
94
376
376
376
376
376
376
376
376
134
376
376
376
376
376
376
376
118
376
376
376
376
376
376
376
376
376
376
376
376
376
376
223
376
376
376
376
376
376
376
376
376
376
116
376
376
376
376
376
376
376
376
376
376
376
376
376
376
376
376
376
376
376
376
376
376
108
376
376
99
161
376
376
376
376
376
376
376
376
376
376
376
376
376
376
376
145
376
376
376
376
376
121
376
376
376
376
376
376
376
376
376
376
376
376
376
376
376
376
376
376
376
376
376
376
94
376
376
376
376
150
376
376
376
376
376
376
376
98
376
376
376
376
376
376
376
376
376
376
376
376
376
376
376
376
376
376
376
376
138
240
376
376
376
376
376
98
376
376
376
376
376
376
376
145
376
376
376
376
118
376
376
376
376
376
376
376
376
376
376
376
96
376
376
376
376
376
376
376
376
376
376
376
376
376
376
156
376
376
174
376
376
376
376
376
376
236
376
376
120
376
376
376
376
376
376
376
376
376
376
376
376
130
376
144
376
376
376
376
376
100
376
376
376
376
376
376
376
376
376
376
376
123
376
376
376
376
376
136
376
97
376
376
148
376
376
376
376
376
376
376
376
376
376
376
376
376
376
376
376
376
98
106
376
376
376
376
376
376
376
191
376
376
376
376
376
376
376
376
131
376
376
168
376
376
376
376
376
249
376
376
376
376
376
376
187
376
376
376
376
376
376
376
376
376
376
376
136
376
376
376
376
376
376
376
376
376
376
376
376
376
376
94
376
376
376
376
376
376
376
376
376
376
376
376
376
376
376
196
376
376
376
376
376
376
376
376
376
376
376
376
376
376
376
376
376
134
376
376
376
376
376
376
376
376
376
376
376
376
376
376
376
376
131
376
140
104
376
376
376
376
376
376
376
376
295
376
100
376
376
376
376
376
376
376
376
376
376
376
376
376
376
376
376
376
376
376
376
376
376
376
376
376
376
376
376
376
376
376
175
376
376
376
376
376
376
376
376
376
376
205
376
376
376
376
376
376
376
376
376
376
376
376
376
376
376
376
376
376
376
376
376
376
376
376
118
170
376
376
376
167
376
376
376
126
376
376
376
376
376
376
376
376
376
376
376
376
376
376
376
376
376
376
376
376
376
376
376
130
376
376
376
376
376
376
376
376
376
376
376
376
376
376
163
376
376
376
376
376
376
376
376
376
376
103
376
376
376
376
376
376
202
376
376
376
376
376
376
376
376
376
376
376
376
376
376
376
376
376
376
376
96
100
180
376
376
376
376
376
376
376
376
376
376
144
376
376
376
376
376
376
376
376
376
376
376
376
376
376
376
376
134
376
376
376
376
376
376
94
376
376
376
376
149
376
376
376
376
376
118
376
376
376
376
376
376
376
126
376
376
376
376
376
376
376
376
376
376
376
376
376
376
376
376
376
376
376
376
376
376
376
376
96
376
376
376
376
376
130
145
376
376
376
376
376
376
376
108
376
376
376
376
376
376
376
376
376
150
376
376
376
376
97
376
376
376
376
376
376
376
376
376
376
376
145
376
376
376
376
376
376
117
376
376
376
376
376
376
376
376
376
376
94
376
376
376
376
376
376
376
376
376
376
376
376
376
376
376
376
376
154
376
376
376
376
376
376
376
376
376
376
376
376
376
376
376
376
376
376
376
376
115
376
376
376
376
376
376
376
376
376
376
376
445
96
376
376
376
376
376
376
376
102
376
376
376
376
376
96
376
376
376
376
376
110
376
376
376
198
376
376
376
376
376
376
376
376
376
376
376
376
376
376
376
376
98
376
376
376
376
376
376
376
376
376
376
376
376
376
376
376
376
376
376
376
376
376
376
376
376
376
376
376
376
376
376
376
376
376
376
376
376
376
376
376
376
376
376
376
376
376
376
376
376
376
376
376
376
376
376
376
376
376
376
376
113
376
376
376
376
376
376
376
376
376
376
376
376
376
124
376
376
376
376
376
228
376
376
376
376
376
376
376
376
376
376
376
376
376
376
376
376
376
376
376
376
376
376
376
376
376
376
376
376
376
376
376
376
376
376
376
376
376
376
376
376
376
376
376
376
376
376
376
376
376
376
376
376
431
376
376
376
376
376
376
376
376
376
376
376
376
376
376
376
376
376
140
376
376
106
376
376
376
376
373
376
94
376
376
376
376
376
376
376
376
376
376
159
376
426
376
376
376
376
376
376
376
376
120
97
376
376
175
376
376
376
376
376
376
376
376
376
376
376
376
376
376
376
376
376
376
134
376
376
376
376
376
376
376
376
376
376
376
376
376
376
376
376
376
376
376
376
376
376
376
376
376
376
376
376
376
216
376
376
127
376
376
376
376
135
376
376
149
376
226
376
376
376
376
376
376
376
376
376
376
376
376
376
376
129
376
376
376
376
376
376
376
376
376
99
376
376
376
376
376
376
376
376
376
376
376
376
94
376
376
376
376
94
376
376
376
376
376
376
376
376
376
132
376
376
376
376
376
376
376
376
376
376
376
99
376
376
376
376
376
376
376
376
376
376
376
376
376
376
376
376
376
376
376
376
376
376
376
376
169
376
376
376
376
376
376
376
376
376
376
376
376
376
376
376
376
376
376
376
376
376
376
376
376
376
376
376
376
376
376
376
376
376
376
376
376
376
376
376
376
376
131
376
376
376
376
376
376
376
376
376
376
376
376
376
376
376
376
376
376
376
376
376
376
376
376
376
376
376
376
376
376
376
199
376
376
376
376
376
376
376
376
117
376
376
376
376
376
376
376
376
376
376
161
376
376
376
376
376
376
376
376
376
376
376
376
376
376
376
126
376
376
376
376
376
376
376
376
107
128
376
376
376
376
376
376
376
376
376
376
376
376
376
376
376
376
376
376
376
376
376
376
376
376
376
376
376
376
376
376
376
376
376
376
376
376
376
376
376
376
376
376
376
376
376
376
376
376
376
376
376
376
376
376
376
376
376
94
376
376
376
376
376
376
376
376
376
376
127
376
376
376
376
376
376
376
376
376
376
376
376
376
159
376
376
376
376
376
376
376
132
376
376
376
376
131
376
94
376
376
376
376
376
376
376
376
376
376
376
376
376
376
376
376
376
376
376
376
376
376
376
376
376
376
376
376
376
376
376
376
376
376
376
376
376
376
376
376
376
376
376
376
376
376
376
376
376
376
95
376
376
376
376
376
376
376
376
376
376
376
376
376
376
376
376
376
376
376
376
376
376
376
376
376
376
376
376
376
376
376
376
376
376
376
94
376
376
376
376
376
376
376
376
101
376
376
376
376
376
376
376
376
376
376
376
376
376
376
376
376
376
376
376
376
376
156
376
376
376
376
376
376
376
376
376
376
376
376
376
376
376
376
376
376
376
376
376
376
376
376
376
376
376
376
376
376
376
376
376
376
376
376
376
376
376
376
376
376
376
376
376
376
376
376
376
376
376
376
376
376
376
376
376
376
376
376
376
376
376
376
102
376
376
376
376
376
376
376
376
376
376
94
376
376
376
376
376
376
376
376
376
376
376
376
376
136
376
376
376
376
376
376
376
376
376
376
376
376
376
376
376
376
376
376
376
376
376
376
376
376
376
376
376
376
376
376
376
376
376
376
376
376
376
376
376
376
248
376
376
376
376
376
376
376
376
103
376
376
376
376
376
376
376
376
376
376
376
376
376
376
376
376
376
376
376
376
376
376
376
376
376
376
376
376
376
376
376
376
376
376
376
376
376
376
376
376
376
376
376
376
376
376
376
376
376
376
376
376
376
376
120
376
376
376
202
376
376
376
376
376
376
376
376
376
376
376
376
376
376
376
376
376
376
376
376
376
376
376
376
376
376
376
376
376
376
376
376
376
376
376
376
376
376
376
376
376
376
376
376
376
376
376
188
376
376
376
376
376
376
376
376
376
96
376
376
376
376
376
376
376
376
376
376
376
376
376
376
376
376
376
376
376
376
376
376
376
376
376
376
376
170
376
376
376
376
376
376
376
376
376
376
376
376
376
376
376
376
376
376
376
376
376
133
376
376
376
376
376
376
376
376
376
376
376
376
376
376
376
376
376
376
376
376
376
376
376
376
376
376
376
376
376
376
376
376
376
376
376
376
376
376
376
376
376
376
376
376
376
376
376
376
376
376
376
376
376
376
224
376
376
376
105
376
376
376
376
376
376
376
376
376
376
376
376
376
376
376
376
376
376
376
376
376
376
376
376
376
376
376
376
376
376
376
376
376
376
376
376
376
376
376
376
376
376
376
376
376
376
376
376
376
376
376
376
376
376
376
149
376
376
376
376
376
376
376
376
376
376
376
376
141
376
376
376
376
376
376
376
376
376
376
376
376
376
376
376
376
376
376
376
376
376
376
376
376
376
376
376
376
376
376
376
376
376
376
376
376
376
376
376
376
376
376
376
376
376
376
376
376
376
376
376
376
376
376
376
376
376
226
376
376
376
376
376
376
376
376
376
376
160
376
376
376
376
376
376
376
376
376
376
376
376
376
376
376
376
376
376
376
376
376
376
376
376
376
376
376
376
376
376
376
376
376
376
376
376
376
376
376
376
376
376
376
376
376
376
376
376
376
376
376
376
376
376
376
376
178
376
376
376
376
376
376
376
376
376
376
376
376
376
376
376
376
376
376
376
376
161
376
376
125
376
376
376
376
376
376
376
376
376
376
376
376
376
376
376
376
376
376
376
376
376
376
376
376
376
376
376
376
95
376
376
376
376
376
376
376
376
376
376
376
376
376
376
376
376
376
376
376
376
376
376
376
376
376
376
376
376
162
376
376
376
376
376
376
376
376
376
376
376
376
376
376
376
376
376
376
376
376
376
376
376
376
376
376
376
376
376
376
376
376
376
376
376
376
376
376
376
376
376
376
376
376
376
376
376
376
376
376
376
376
376
376
376
376
376
376
376
139
376
376
376
376
376
376
376
429
376
376
376
376
376
376
376
376
376
376
376
376
376
376
376
376
376
376
376
376
376
376
376
376
376
376
376
376
376
376
376
376
376
376
376
376
376
376
376
376
376
376
376
376
376
376
376
376
376
376
376
141
376
376
376
376
376
376
376
376
376
376
376
376
376
183
376
376
185
376
376
376
376
376
376
376
376
376
376
376
376
376
376
376
376
376
376
376
376
376
376
376
376
376
376
376
376
376
376
376
376
376
376
376
376
230
376
376
376
376
376
376
376
376
376
376
376
376
376
376
376
376
376
376
376
376
376
376
376
376
376
376
376
376
376
376
376
376
376
376
376
376
376
376
376
376
376
376
376
376
376
376
376
376
376
376
376
376
376
376
376
376
376
376
122
376
376
376
376
376
376
376
376
376
376
376
376
376
376
376
376
376
376
376
376
376
376
376
376
376
376
376
376
376
376
376
376
376
376
376
376
376
376
376
376
376
376
376
376
376
376
376
376
376
376
376
376
376
376
376
376
376
376
160
376
167
376
376
376
376
376
138
97
376
376
376
376
376
376
376
376
376
376
376
376
376
109
376
376
106
376
376
376
376
376
376
376
376
376
376
376
376
376
376
376
376
376
376
376
376
376
376
376
376
376
376
123
376
376
376
376
376
376
376
376
376
376
376
376
376
376
376
376
376
376
376
376
376
376
376
376
376
376
376
376
94
376
376
376
376
376
376
376
376
99
376
376
376
376
376
376
376
376
376
376
376
376
376
376
376
376
376
376
376
376
376
376
376
376
376
376
376
376
376
376
376
376
376
376
376
376
376
376
376
376
376
376
376
376
376
376
376
376
376
376
376
376
376
376
376
376
376
376
376
376
376
376
376
95
376
376
376
376
376
376
376
376
376
376
376
376
376
376
376
376
376
376
376
376
376
376
376
376
376
376
376
376
376
376
376
376
376
376
376
376
193
376
376
376
376
376
376
376
376
376
376
94
376
376
376
376
376
376
376
376
376
376
376
376
376
376
376
376
376
376
376
376
376
376
376
117
376
376
376
376
376
376
376
376
376
376
376
376
376
376
376
376
376
376
376
376
376
376
376
376
376
376
144
376
376
376
376
376
142
376
376
376
376
376
376
376
376
376
376
376
95
376
135
376
376
376
376
376
376
376
376
376
376
376
107
106
376
376
376
376
376
376
376
376
376
376
376
376
376
376
376
376
376
376
376
376
376
376
376
376
376
376
376
376
376
376
376
376
376
376
376
376
376
376
376
376
376
376
376
376
376
376
376
376
376
376
376
376
376
376
376
376
376
376
376
376
376
376
376
376
376
376
376
376
376
376
376
376
376
376
376
376
376
376
376
376
376
376
376
233
376
376
376
376
376
376
376
376
376
376
376
376
376
376
376
376
376
376
376
376
376
376
376
376
376
376
376
376
376
376
376
376
376
376
376
376
376
376
376
376
376
376
376
376
376
376
376
376
376
376
376
376
376
376
376
376
376
376
376
376
376
376
376
376
376
376
376
376
376
376
376
376
376
376
376
376
376
152
376
376
376
376
376
376
376
376
376
376
376
376
376
376
376
376
376
376
376
376
376
376
376
376
376
376
376
376
376
376
376
376
376
376
376
376
376
376
376
376
376
376
376
376
376
376
376
140
376
376
376
376
376
376
376
376
376
376
376
376
376
376
376
376
376
376
376
376
376
376
376
376
376
376
376
376
376
376
376
376
376
376
376
376
376
376
376
376
376
376
376
376
376
376
376
376
376
376
376
376
376
376
438
376
376
376
138
376
376
376
376
376
376
376
376
376
376
376
376
376
96
376
376
376
376
376
376
376
376
376
376
376
376
376
376
376
376
376
376
376
376
151
376
376
376
376
376
376
376
376
376
376
376
376
376
376
376
376
376
376
376
376
376
376
376
376
376
376
376
376
376
376
376
376
376
376
376
376
376
376
376
376
376
376
376
376
376
376
376
376
376
376
376
376
376
376
376
376
376
376
376
376
376
376
376
376
376
376
376
376
376
376
376
376
376
376
376
376
376
376
376
376
376
376
376
376
376
376
96
130
376
376
376
376
376
376
376
376
376
376
376
376
376
376
376
376
376
376
376
376
376
376
376
376
376
376
376
376
376
376
376
376
376
376
376
376
376
376
376
376
376
376
376
376
376
376
376
376
376
376
376
376
376
376
376
376
376
376
376
376
376
376
376
376
376
376
376
376
376
376
376
376
376
376
376
376
376
376
376
376
376
376
376
376
376
376
376
376
376
376
376
376
376
376
376
376
376
376
376
376
376
376
376
376
376
376
376
376
376
376
376
376
376
376
376
376
376
376
376
376
376
376
376
376
376
376
376
376
376
376
376
376
376
376
376
376
376
376
376
376
376
376
376
376
376
376
376
376
376
376
376
376
376
376
376
376
376
376
376
376
376
376
376
376
376
376
376
376
376
376
376
376
376
376
376
376
376
376
376
376
376
376
376
376
376
376
376
376
376
376
376
376
376
376
376
376
376
376
376
376
376
376
376
376
376
376
376
376
376
376
376
376
376
376
376
376
376
376
376
376
376
376
376
376
376
376
376
376
376
376
376
376
376
376
376
376
376
376
376
376
376
376
376
376
376
376
376
376
376
376
376
376
376
376
376
442
376
376
376
376
376
376
376
376
376
376
376
376
376
376
376
376
376
376
376
376
376
376
376
376
376
376
376
376
376
376
376
376
376
376
376
376
376
376
376
376
376
376
376
376
376
376
376
376
376
376
376
376
376
376
376
376
376
376
376
376
376
376
376
376
376
111
376
376
376
376
376
376
376
162
557
376
376
376
376
376
138
376
376
376
376
376
376
376
376
376
376
376
376
376
376
376
376
376
376
376
376
376
376
184
376
376
376
376
376
376
376
376
376
376
376
376
376
376
376
376
376
376
376
376
376
376
376
376
376
376
376
376
376
376
376
376
376
376
376
376
376
376
376
376
376
376
376
376
376
376
376
376
376
376
376
376
376
376
376
376
376
376
376
376
376
376
376
376
376
376
376
376
376
376
376
376
376
376
376
376
376
376
376
376
376
376
376
376
376
376
376
376
376
376
376
376
376
376
376
376
376
376
376
376
376
376
376
376
376
376
376
376
376
376
376
376
376
376
376
376
376
376
376
376
376
376
376
376
376
376
376
376
376
376
376
376
376
376
376
376
376
376
376
376
376
376
376
376
376
376
376
376
376
376
376
376
376
376
376
376
376
376
376
376
376
376
376
376
376
376
376
376
376
376
376
376
376
376
376
376
376
376
376
376
376
376
376
376
376
376
376
376
376
376
376
376
376
376
376
376
376
376
376
376
376
376
376
376
376
376
376
376
376
376
376
376
376
376
376
376
376
376
376
376
376
376
376
376
376
376
376
376
376
376
376
376
376
376
136
376
376
376
376
376
376
376
376
376
376
376
376
376
376
376
376
376
376
376
376
376
376
376
376
376
376
376
376
376
376
376
376
376
376
376
376
376
376
376
376
376
125
376
376
376
376
376
376
376
376
376
376
376
376
376
376
376
376
376
376
376
376
376
376
376
376
376
376
376
376
376
376
376
376
376
376
376
376
376
376
376
376
376
376
376
376
376
376
376
376
376
376
376
376
376
376
376
376
376
376
376
376
376
376
376
376
376
376
376
376
376
376
376
376
376
376
376
376
376
376
376
376
376
376
376
376
376
376
376
376
376
376
376
376
376
376
376
376
376
376
376
376
376
376
376
376
376
376
376
376
376
376
376
376
157
376
376
376
376
376
376
376
376
376
376
376
376
376
376
376
376
376
376
376
376
376
376
376
376
376
376
376
376
376
376
376
376
376
376
376
376
376
376
376
376
376
376
376
376
376
376
376
376
376
376
376
376
376
376
376
376
376
376
376
376
376
376
376
376
376
376
376
376
376
376
96
376
376
376
376
376
376
376
376
376
376
376
376
376
376
376
376
376
376
376
376
376
376
376
376
376
376
376
376
376
376
376
376
94
376
376
376
376
376
376
376
376
376
376
376
376
376
376
376
376
376
376
376
376
376
376
376
376
376
376
376
376
376
376
376
376
376
376
376
376
376
376
376
376
376
376
376
376
376
376
376
376
376
376
376
376
376
376
376
376
376
376
376
376
376
376
376
376
376
376
376
376
376
376
376
376
376
376
376
376
376
376
376
376
376
376
376
376
376
376
376
376
376
376
376
376
376
376
376
376
376
120
376
376
376
376
376
376
376
376
376
376
376
376
376
376
376
376
376
376
376
105
376
376
376
376
376
376
376
376
376
376
376
376
376
376
376
376
376
376
376
376
376
376
376
376
376
376
376
376
376
376
376
376
376
376
376
376
376
376
376
376
376
376
376
376
376
376
376
376
376
376
376
376
376
376
376
376
376
376
376
376
376
376
376
376
376
376
376
376
376
376
376
376
376
376
376
376
376
376
376
376
376
376
376
376
376
376
376
376
376
376
376
376
376
376
376
376
376
376
376
376
376
376
376
376
376
376
376
376
376
376
376
376
376
376
376
376
376
376
376
376
376
376
376
376
376
376
376
376
376
376
376
376
376
376
376
376
376
376
376
376
376
376
376
376
376
376
376
376
376
376
376
376
376
376
376
376
376
376
180
376
376
376
376
376
376
376
376
376
376
376
376
376
376
376
376
376
376
376
376
376
376
376
376
376
376
376
376
376
376
376
376
376
376
376
376
376
376
376
376
376
376
376
376
376
376
376
376
376
376
376
376
376
376
376
376
376
376
376
376
376
376
376
376
376
376
376
376
376
376
376
376
376
376
376
376
376
376
376
376
376
376
376
376
376
376
376
376
376
376
376
376
376
376
376
376
376
376
376
376
376
376
376
376
376
376
376
376
376
376
376
376
376
376
376
376
376
376
376
376
376
376
376
376
376
376
376
376
376
376
376
376
376
376
376
376
376
376
376
376
376
376
376
376
376
376
376
376
376
376
376
376
376
376
376
376
376
376
376
376
376
376
376
376
376
376
376
376
376
376
376
376
376
376
376
376
376
376
376
376
376
376
376
376
376
376
376
376
376
376
376
376
376
376
376
376
376
376
376
376
376
376
376
376
376
376
376
376
376
376
376
376
376
376
376
376
376
376
376
376
376
376
376
376
376
376
376
376
376
376
376
376
376
376
376
376
376
376
376
376
376
376
376
376
376
238
376
376
376
376
376
376
376
376
376
376
376
376
376
376
376
376
376
376
376
376
376
376
376
376
376
376
376
376
376
376
376
376
376
376
376
376
376
376
376
376
376
376
376
376
376
376
376
376
376
376
376
376
376
376
376
376
376
376
376
376
376
376
376
376
376
376
376
376
376
376
376
376
376
376
376
376
376
376
376
376
376
376
376
376
104
376
376
376
376
376
376
376
376
376
376
376
376
376
376
376
376
376
376
376
376
376
376
376
376
376
376
376
376
376
376
376
376
376
376
376
376
185
376
376
376
376
376
376
376
376
376
376
376
376
376
376
376
376
376
376
376
376
376
376
376
376
376
376
376
376
376
376
376
376
376
376
376
376
376
376
376
376
376
376
376
376
376
376
376
376
376
376
376
376
376
376
376
376
376
376
127
376
376
376
376
376
376
376
376
376
376
376
376
376
376
376
376
376
376
376
376
376
376
376
376
376
376
376
376
376
376
376
376
376
376
376
376
376
376
376
376
376
376
376
376
376
376
376
376
376
376
376
376
376
376
376
376
376
376
376
376
376
376
376
376
376
376
376
376
376
376
376
376
376
376
376
376
376
376
376
376
376
376
376
376
376
376
376
376
376
376
376
376
376
376
376
376
376
376
376
376
376
376
376
376
376
376
376
376
376
376
376
376
376
376
376
376
376
376
376
376
376
376
376
376
376
376
376
376
376
376
376
376
376
376
376
376
376
376
376
376
376
376
376
376
376
376
376
376
376
376
376
376
376
376
376
376
376
376
376
376
156
376
376
376
376
376
376
376
376
376
376
376
376
376
376
376
376
376
376
376
376
376
376
376
376
376
376
376
376
376
376
376
376
96
376
376
376
376
376
376
376
376
376
376
376
376
376
376
376
376
376
376
376
376
376
376
376
376
376
376
376
376
376
376
376
376
376
376
376
376
376
376
376
376
376
376
376
376
376
376
376
376
376
376
376
376
376
376
376
376
376
376
376
376
376
407
376
376
376
376
376
376
376
376
376
376
376
376
376
376
376
376
376
376
376
376
376
376
376
376
376
376
376
376
376
376
376
376
376
376
376
376
376
376
376
376
376
376
376
376
376
376
376
376
376
376
376
376
376
376
376
376
376
376
376
376
376
376
376
376
376
376
376
376
376
376
376
376
376
376
376
376
376
376
376
376
376
376
376
376
376
376
376
376
376
376
376
376
376
376
376
376
376
376
376
376
376
376
376
376
376
376
376
376
376
376
376
376
376
376
376
376
376
418
376
376
376
376
376
376
376
376
376
376
376
376
376
376
376
376
376
376
376
376
376
376
376
376
376
376
376
376
376
376
376
376
376
376
376
376
376
376
376
376
120
376
376
376
376
376
376
376
376
376
376
376
376
376
376
376
376
376
376
376
376
376
376
376
376
376
376
376
376
376
376
376
376
376
376
376
376
376
376
376
109
376
376
376
376
376
376
376
376
376
376
376
376
376
376
376
376
376
376
376
376
376
376
376
376
376
376
376
376
376
376
155
376
376
376
376
376
376
376
376
376
376
376
376
131
376
376
376
376
376
376
376
376
376
376
376
376
376
376
376
376
376
376
376
376
376
376
376
376
376
376
376
376
376
376
376
376
376
376
376
376
376
171
376
376
376
376
376
376
376
376
376
376
376
376
376
376
376
376
376
376
376
376
376
376
376
376
376
376
376
376
376
376
376
376
376
376
376
376
376
376
376
376
376
376
376
376
376
376
376
376
376
376
376
376
376
376
376
376
376
376
376
376
376
376
376
376
376
376
376
376
376
376
376
376
376
376
376
376
376
376
376
376
376
376
376
376
376
376
376
376
376
376
376
376
376
376
376
376
376
376
376
376
376
376
376
376
376
376
376
376
376
376
376
376
376
376
376
376
376
376
376
376
376
376
376
376
376
376
376
376
376
376
376
376
376
376
376
376
376
376
376
376
376
376
376
376
376
376
376
376
376
376
376
376
376
376
376
376
376
376
376
376
376
376
376
376
376
376
376
376
376
376
376
376
376
376
376
376
376
376
376
376
376
376
376
376
376
376
376
376
376
376
376
376
376
376
376
376
376
376
376
376
376
376
376
376
376
376
376
376
376
376
376
376
376
376
376
376
376
376
376
376
376
376
376
376
376
376
376
376
376
376
376
376
376
376
376
376
376
376
376
376
376
376
376
376
376
376
376
376
376
376
376
376
376
376
376
376
376
376
376
376
376
376
376
376
376
376
376
376
376
376
376
376
376
99
376
376
376
376
376
376
376
376
376
376
376
376
376
376
376
376
376
376
376
376
376
376
376
376
376
376
376
376
376
376
376
376
376
376
376
376
376
376
376
376
376
376
376
376
376
376
376
376
376
376
376
376
376
376
376
376
376
376
376
376
376
376
376
376
376
376
376
376
376
376
376
376
376
376
376
376
376
376
376
376
376
376
376
376
376
376
376
376
376
376
376
376
376
376
376
376
376
376
376
376
376
376
376
376
376
376
376
376
376
376
376
376
376
376
376
376
376
376
376
376
376
376
376
376
412
376
376
376
376
376
376
376
376
376
376
376
376
376
376
376
376
376
376
376
376
376
376
376
376
376
376
376
376
376
376
376
376
376
376
376
376
376
376
376
376
376
376
376
376
376
376
376
376
376
376
376
376
376
376
376
376
376
376
376
376
376
376
376
376
376
376
376
376
376
376
376
376
376
376
376
376
376
376
376
376
376
376
376
376
376
376
376
376
376
376
376
376
376
376
376
376
376
376
376
376
376
376
376
376
376
376
376
376
376
376
376
376
376
376
376
376
376
376
376
376
376
376
376
376
376
376
376
376
376
376
376
376
376
376
376
376
376
376
376
103
376
376
376
376
376
376
376
376
376
376
376
376
376
376
376
376
376
376
376
376
376
376
376
376
376
376
376
376
376
376
119
376
376
376
376
376
376
376
376
376
376
376
376
376
376
376
376
376
376
376
376
376
376
376
376
376
376
376
376
376
376
376
376
376
376
376
376
376
376
376
376
376
376
376
376
376
376
376
376
376
376
376
376
376
376
376
376
376
376
376
376
376
376
376
376
376
376
376
376
376
376
376
376
376
376
376
376
376
376
376
376
376
376
376
376
376
376
376
376
376
376
376
376
376
376
376
376
376
376
376
376
376
376
376
376
376
376
376
376
376
376
376
376
376
376
376
376
376
376
376
376
376
376
376
376
376
376
376
376
376
376
376
376
376
376
376
376
376
376
376
376
376
376
376
376
376
376
376
376
376
376
376
376
376
376
376
376
376
376
376
376
376
376
376
376
376
376
376
376
376
376
376
376
376
376
376
376
376
376
376
376
376
376
376
376
376
376
376
376
376
376
376
376
376
376
376
376
376
376
376
376
376
376
376
376
376
376
376
376
376
376
376
376
376
376
376
376
376
376
376
376
376
376
376
376
376
376
376
376
376
376
376
376
376
376
376
376
376
376
376
376
376
376
376
376
376
376
376
376
376
376
376
376
376
376
376
376
376
376
376
376
376
376
376
376
376
376
376
376
376
376
376
376
132
376
376
376
376
376
376
376
376
376
376
376
376
376
376
376
376
376
376
376
376
376
376
376
136
376
376
376
376
376
376
376
376
376
376
376
376
376
376
376
376
376
376
376
376
376
376
376
376
376
376
376
376
376
376
376
376
376
376
376
376
376
376
376
376
376
376
376
376
376
376
376
376
376
376
376
376
376
376
376
376
376
376
376
376
376
376
376
376
376
376
376
376
376
376
376
376
376
376
376
376
376
376
376
376
376
376
376
376
376
376
376
376
376
376
376
376
376
376
376
376
376
376
376
376
376
376
376
376
376
376
376
376
191
376
376
376
376
376
376
376
376
376
376
376
376
376
376
376
376
376
376
376
376
376
376
376
376
376
376
376
376
376
376
376
376
376
376
376
376
376
376
376
376
376
376
376
376
376
376
376
376
376
376
376
376
137
376
376
376
376
376
376
376
376
376
376
376
376
376
376
376
376
376
376
376
376
376
376
376
376
376
376
376
376
376
376
376
376
376
376
376
376
376
376
376
376
376
376
376
376
376
376
376
376
376
376
376
376
376
376
376
376
376
376
376
376
376
376
376
376
376
376
376
376
376
376
376
376
376
376
376
376
376
376
376
376
376
376
376
376
376
376
376
376
376
376
376
376
376
376
376
376
376
376
376
376
376
376
376
376
376
376
376
376
376
376
376
376
376
376
376
376
376
376
376
376
376
376
376
376
376
376
376
376
376
369
376
376
376
376
376
376
376
376
376
376
376
376
376
376
376
376
376
376
376
376
376
376
376
376
376
376
376
376
376
376
376
376
376
376
376
376
376
376
376
376
376
376
376
376
376
376
376
376
376
376
376
376
376
376
376
376
376
376
376
376
376
376
376
376
376
376
376
376
376
376
376
376
376
376
376
376
376
376
376
376
376
376
376
376
376
376
376
376
376
376
376
376
376
376
376
376
376
376
376
376
376
376
376
376
376
376
376
376
376
376
376
376
376
376
376
376
376
376
376
376
376
376
376
376
376
376
376
376
376
376
376
376
376
376
376
376
376
376
376
376
376
376
376
376
376
376
376
376
376
376
376
376
376
376
376
376
376
376
376
376
376
376
376
376
376
376
376
376
376
376
376
376
376
376
376
376
376
376
376
376
376
376
376
376
376
376
376
376
376
376
376
376
376
376
376
376
376
376
376
376
376
376
376
376
376
376
376
376
376
376
376
376
376
376
376
376
376
376
376
376
376
376
376
376
376
376
376
376
376
376
376
376
376
376
376
376
376
376
376
376
376
376
376
376
376
376
376
376
376
376
376
376
376
376
376
376
376
376
376
376
376
376
376
376
376
376
376
376
376
376
376
376
376
376
376
376
376
376
376
376
376
376
376
376
376
376
376
376
376
376
376
376
376
376
376
376
376
376
376
376
376
376
376
376
376
376
376
376
376
376
376
376
376
376
376
376
376
376
376
376
376
376
376
376
376
376
376
376
376
376
376
376
376
376
376
376
376
376
376
376
376
376
376
376
376
376
376
376
376
376
376
376
376
376
376
376
376
376
376
376
376
376
376
376
376
376
376
376
376
376
376
376
376
376
376
376
376
376
376
376
376
376
376
376
376
376
376
376
376
376
376
376
376
376
376
376
376
376
376
376
376
376
376
376
376
376
376
376
376
376
376
376
376
376
376
376
376
376
376
376
376
376
376
376
376
376
376
376
376
376
376
376
376
376
376
376
376
376
376
376
376
376
376
376
376
376
376
376
376
376
376
376
376
376
376
376
376
376
154
376
376
376
376
376
376
376
376
376
376
376
376
376
376
376
376
376
376
376
376
376
376
376
376
376
376
376
376
376
376
376
376
376
376
376
376
376
376
376
376
376
376
376
376
376
376
376
376
376
376
376
376
376
376
376
376
376
376
376
374
376
376
376
376
376
376
376
376
376
376
376
376
376
376
376
376
376
376
376
376
376
376
376
376
376
376
376
376
376
376
376
376
376
376
376
376
376
376
376
376
376
376
376
376
376
376
376
376
376
376
376
376
376
376
376
376
376
376
376
376
376
376
376
376
376
376
376
376
376
376
376
376
376
376
376
376
376
376
376
376
376
376
376
376
376
376
376
376
376
376
376
376
376
376
376
376
376
376
376
376
376
376
376
376
376
376
376
376
376
376
376
376
376
376
376
376
376
376
376
376
376
376
376
376
376
376
376
101
376
376
376
376
376
376
376
376
376
376
376
376
376
376
376
376
376
376
376
376
376
376
376
376
376
376
376
376
376
376
376
376
376
376
376
376
376
376
376
376
376
376
376
376
376
376
376
376
376
376
376
376
376
376
376
376
376
376
376
376
376
376
376
376
376
376
376
376
376
376
376
376
376
376
376
376
376
376
376
376
376
376
376
376
376
376
376
376
376
376
376
376
376
376
376
376
376
376
376
376
376
376
376
376
376
376
376
376
376
376
376
376
376
376
376
376
376
376
376
376
376
376
376
376
376
376
376
376
376
376
376
376
376
376
376
376
376
376
376
376
376
376
376
376
376
376
376
376
376
376
376
376
376
376
376
376
376
376
376
376
376
376
376
376
376
376
376
376
376
376
376
376
376
376
376
376
376
376
376
376
376
376
376
376
376
376
376
376
376
376
376
376
376
376
376
376
376
376
376
376
376
376
376
376
376
376
376
376
376
376
376
376
376
376
376
376
376
376
376
376
376
376
376
376
376
376
376
376
376
376
376
376
376
376
376
376
376
376
376
376
376
376
376
376
376
376
376
376
376
376
376
376
376
376
376
376
376
376
376
376
376
376
376
376
376
376
376
376
376
376
376
376
376
376
376
376
376
376
376
376
376
376
376
376
376
376
376
376
376
376
376
376
376
376
376
376
376
376
376
376
376
376
376
376
376
376
376
376
376
376
376
376
376
376
376
376
376
376
376
376
376
376
376
376
376
376
376
376
376
376
376
376
376
376
376
376
376
376
376
376
376
376
376
376
376
376
376
376
376
376
376
376
376
376
376
376
376
376
376
376
376
376
376
376
376
376
376
376
376
376
376
376
376
376
376
376
376
376
376
376
376
376
376
493
376
376
376
376
376
376
376
376
376
376
376
376
376
376
376
376
376
376
376
376
376
376
376
376
376
376
376
376
376
376
376
376
376
376
376
376
376
376
376
376
376
376
376
376
376
376
376
376
376
376
376
376
376
376
376
376
376
376
376
376
376
376
376
376
376
376
376
376
376
376
376
376
376
376
376
376
376
376
376
376
376
376
376
376
376
376
376
376
376
376
376
376
376
376
376
376
376
376
376
376
376
376
376
376
376
376
376
376
376
376
376
376
376
376
376
376
376
376
376
376
376
376
376
376
376
376
376
376
376
376
376
376
376
376
376
376
376
376
376
376
376
376
376
376
376
376
376
376
376
376
376
376
376
376
376
376
376
376
376
376
376
376
376
376
376
376
376
376
376
376
376
376
376
376
376
376
376
376
376
376
376
376
376
376
376
376
376
376
376
376
376
376
376
376
376
376
376
376
376
376
376
376
376
376
376
376
376
376
376
376
376
376
376
376
376
376
376
376
376
376
376
376
376
376
376
376
376
376
376
376
376
376
376
376
376
376
376
376
376
376
376
376
376
376
376
376
376
376
376
376
376
376
376
376
376
376
376
376
376
376
376
376
376
376
376
376
376
376
376
376
376
376
376
376
376
376
376
376
376
376
376
376
376
376
376
376
376
376
376
376
376
376
376
376
376
376
376
376
376
376
376
376
376
376
376
376
376
376
376
376
376
376
376
376
376
376
376
376
376
376
376
376
376
376
376
376
376
376
376
376
376
376
376
376
376
376
376
376
376
376
376
376
376
376
376
376
376
376
376
376
376
376
376
376
376
376
376
376
376
376
376
376
376
376
376
376
376
376
376
376
376
376
376
376
376
376
376
376
376
376
376
376
376
376
376
376
376
376
124
376
376
376
376
376
376
376
376
376
376
376
376
376
376
376
376
376
376
376
376
376
376
376
376
376
376
376
376
376
376
376
376
376
376
376
376
376
376
376
376
376
376
376
376
376
376
376
376
376
376
376
376
376
376
376
376
376
376
376
376
376
376
376
376
376
376
376
376
376
376
376
376
376
376
376
376
376
376
376
376
376
376
376
376
376
376
376
376
376
376
376
376
376
108
376
376
376
376
376
376
376
376
376
376
376
115
376
376
376
376
376
376
376
376
376
376
376
376
376
376
376
376
376
376
376
376
376
376
376
376
376
376
376
376
376
376
376
376
376
376
376
376
376
376
376
376
376
376
376
376
376
376
376
376
376
376
376
376
376
376
376
376
376
376
376
376
376
376
376
376
376
376
376
376
376
376
376
376
376
376
376
376
376
376
376
376
376
376
376
376
376
376
376
376
376
376
376
376
376
376
376
376
376
376
376
376
216
376
376
376
376
376
376
376
376
376
376
376
452
376
376
376
376
376
376
376
376
376
376
376
376
376
376
376
376
376
376
376
376
376
376
376
376
376
376
376
376
376
376
376
376
376
376
376
376
376
376
376
376
376
376
376
376
376
376
376
376
376
376
376
376
376
376
376
376
376
376
376
376
376
376
376
376
376
376
376
376
376
376
376
376
376
376
376
376
376
376
376
376
376
376
376
376
376
376
376
376
376
376
376
376
376
376
376
376
376
376
376
376
376
376
376
376
376
376
376
376
376
376
376
376
376
376
376
376
376
376
376
376
376
376
376
376
376
376
376
376
376
376
376
376
376
376
376
376
376
376
376
376
376
376
376
376
376
376
376
376
376
376
376
376
376
376
376
376
376
376
376
376
376
376
376
376
376
376
376
376
376
376
376
376
376
376
376
376
376
376
376
376
376
376
376
139
376
376
376
376
376
376
376
376
376
376
376
376
376
376
376
376
376
376
376
376
376
376
376
376
376
376
376
376
376
376
376
376
376
376
97
376
376
376
376
376
376
376
376
376
376
376
376
376
376
376
376
376
376
376
376
376
376
376
376
376
376
376
376
376
376
376
376
376
376
376
376
376
376
376
376
376
376
376
376
376
376
376
376
376
376
376
376
376
376
376
376
376
376
376
376
376
376
376
376
376
376
376
376
376
376
376
376
376
376
376
376
376
376
376
376
376
376
376
376
376
376
376
376
376
376
376
376
376
376
376
376
376
376
376
376
376
376
376
376
376
376
376
376
376
376
376
376
376
376
376
376
376
376
376
376
376
376
376
376
376
376
376
376
376
376
376
376
376
172
376
376
376
376
376
376
376
376
376
376
376
376
376
376
376
376
376
376
376
376
376
376
376
376
376
376
376
376
376
376
376
376
376
376
376
376
376
376
376
376
376
376
376
376
376
376
376
376
376
376
376
376
376
376
376
376
376
376
376
376
376
376
376
376
376
376
376
376
376
376
376
376
376
376
376
376
376
376
376
376
376
376
376
376
376
376
376
376
376
376
376
376
376
376
376
376
376
376
376
376
376
376
376
376
376
376
376
376
376
98
376
376
199
376
376
376
376
376
376
376
376
376
376
376
376
376
376
376
376
376
376
376
376
376
376
376
376
376
376
376
376
376
376
376
376
376
376
376
376
376
376
376
376
376
376
376
376
376
376
376
376
376
376
376
376
376
376
376
376
376
376
376
376
376
376
376
376
376
376
376
376
376
376
376
376
376
376
376
376
376
376
376
376
376
376
376
376
376
376
376
376
376
376
376
376
376
376
376
376
376
376
376
376
376
376
376
376
376
376
376
376
376
376
376
376
376
376
376
376
376
376
376
376
376
376
376
376
120
376
376
376
376
376
376
376
376
376
376
376
376
376
376
376
376
376
376
376
376
376
376
376
376
376
376
376
376
376
376
376
376
376
376
376
376
376
376
376
189
376
376
376
376
376
376
376
376
376
376
376
376
376
376
376
376
376
376
376
376
376
376
376
376
376
376
376
376
376
376
376
376
376
376
376
376
376
376
376
376
376
376
376
376
376
376
376
376
376
376
376
376
376
376
376
376
376
376
376
376
376
376
376
376
376
376
376
376
376
376
376
376
376
376
376
376
376
376
376
376
376
376
376
376
376
376
376
376
376
376
376
376
376
376
376
376
376
376
376
376
376
376
376
376
376
376
376
376
376
376
376
376
376
376
376
376
376
376
376
376
376
376
376
376
376
376
376
376
376
376
376
376
376
376
376
376
376
376
376
376
376
376
376
376
376
376
376
376
376
376
376
376
376
376
376
376
376
376
376
376
376
376
376
376
376
376
376
376
376
376
376
376
376
376
376
376
376
376
376
376
376
376
376
376
376
376
376
376
376
376
376
376
376
376
376
376
376
376
376
376
376
376
376
376
376
376
376
376
376
376
376
376
376
376
376
376
376
376
376
376
376
376
376
376
376
376
376
376
376
376
376
376
376
376
376
376
376
376
376
376
376
376
376
376
376
376
376
376
376
376
376
376
376
376
376
376
376
376
408
376
376
376
376
376
376
376
376
376
376
376
376
376
376
376
376
376
376
376
376
376
376
376
376
376
376
376
376
376
376
376
376
376
376
376
376
376
376
376
376
376
376
376
376
376
376
376
376
376
376
376
376
376
376
376
376
376
376
376
376
376
376
376
376
376
376
376
376
376
376
376
376
376
376
376
376
376
376
376
376
376
376
376
376
376
376
376
376
376
376
376
376
376
376
376
376
376
376
376
376
376
376
376
376
376
376
376
376
376
376
376
376
376
376
376
376
376
376
376
376
376
376
376
376
376
376
376
376
376
376
376
376
376
376
376
376
376
376
376
376
376
376
376
376
376
376
376
376
376
376
376
376
376
376
376
376
376
376
376
376
376
376
376
376
376
376
376
376
376
376
376
376
376
376
376
376
376
376
376
376
376
376
376
376
376
376
376
376
376
376
376
376
376
376
376
376
376
376
376
376
376
376
376
376
376
376
376
376
376
376
376
376
376
376
376
376
376
376
376
376
376
376
376
376
376
376
376
376
376
376
376
376
376
376
376
376
376
376
376
376
376
376
376
376
376
376
376
376
376
376
376
376
376
376
376
376
376
376
376
376
376
376
376
376
376
376
376
376
376
376
376
376
376
376
376
376
376
376
376
376
376
376
376
376
376
373
376
376
376
376
376
376
376
376
376
376
376
376
376
376
376
376
376
376
376
376
376
376
376
376
376
376
376
376
376
376
376
376
376
376
376
376
376
376
376
376
376
376
376
376
376
376
376
376
376
376
376
376
376
376
376
376
376
376
376
376
376
376
376
376
376
376
376
376
376
376
376
376
376
376
376
376
376
376
376
376
376
376
376
376
376
376
376
376
376
376
376
376
376
376
376
376
376
376
376
376
376
376
376
376
376
376
376
376
376
376
376
376
376
376
376
376
376
376
376
376
376
376
376
376
376
376
376
376
376
376
376
376
376
376
376
376
376
376
376
376
376
376
376
376
376
376
376
376
376
376
376
376
376
376
376
376
376
376
376
376
376
376
376
376
376
376
376
376
376
376
376
376
376
376
376
376
376
376
376
376
376
376
376
376
376
376
376
376
376
376
376
376
376
376
376
376
376
376
376
376
376
376
376
376
376
376
376
376
376
376
376
376
376
376
376
376
376
376
376
376
376
376
376
376
376
376
376
376
376
376
376
376
376
376
376
376
376
376
376
376
376
376
376
376
376
376
376
376
376
376
376
376
376
376
376
376
376
376
376
376
376
376
376
376
376
376
376
376
376
376
376
376
376
376
376
376
376
376
376
376
376
376
376
376
376
376
376
376
376
376
376
376
376
376
376
376
376
376
376
376
376
376
376
376
376
376
376
376
376
376
376
376
376
376
376
376
376
376
376
376
376
376
376
376
376
376
376
376
376
376
376
376
376
376
376
376
376
376
376
376
376
376
376
376
376
376
376
376
376
376
376
376
376
376
376
376
376
376
376
376
376
376
376
376
376
376
376
376
376
376
376
376
376
376
376
376
376
376
376
376
376
376
376
376
376
376
376
376
376
376
376
376
376
376
376
376
376
376
376
376
376
376
376
376
376
376
376
376
376
376
376
376
376
376
376
376
376
376
376
376
376
376
376
376
376
376
376
376
376
376
376
376
376
376
376
376
376
376
376
376
376
376
376
376
376
376
376
376
376
376
376
376
376
376
376
376
376
376
376
376
376
376
376
376
376
376
376
376
376
376
376
376
376
376
376
376
376
376
376
376
376
376
376
376
376
376
376
376
376
376
376
376
376
376
376
376
376
376
376
376
376
376
376
376
376
376
376
376
376
376
376
376
376
376
376
376
376
376
376
376
376
376
376
376
376
376
376
376
376
376
376
376
376
376
376
376
376
376
376
376
376
376
376
376
376
376
376
376
376
376
376
376
376
376
376
376
376
376
376
376
376
376
376
376
376
376
376
376
376
376
376
376
376
376
376
376
376
376
376
376
376
376
376
376
376
376
376
376
376
376
376
376
376
376
376
376
376
376
376
376
376
376
376
376
376
376
376
376
376
376
376
376
376
376
376
376
376
376
376
376
376
376
376
376
376
376
376
376
376
376
376
376
376
376
376
376
376
376
376
376
376
376
376
376
376
376
376
376
376
376
376
376
376
376
376
376
376
376
376
376
376
376
376
376
376
376
376
376
376
376
376
376
376
376
376
376
376
376
376
376
376
376
376
376
376
376
376
376
376
376
376
376
376
376
376
376
376
376
376
376
376
376
376
376
376
171
376
376
376
376
376
376
376
376
376
376
376
376
376
376
376
376
376
376
376
376
376
376
376
376
376
376
376
376
376
376
376
376
376
376
376
376
376
376
376
376
376
376
376
376
376
376
376
376
376
376
376
376
376
376
376
376
376
376
376
376
376
376
376
376
376
376
376
376
376
376
376
376
376
376
376
376
376
376
376
376
376
376
376
376
376
376
376
376
376
376
376
376
376
376
376
376
376
376
376
376
376
376
376
376
376
376
376
376
376
376
376
376
376
376
376
376
376
376
376
376
376
376
376
376
376
376
376
376
376
376
376
376
376
376
376
376
376
376
376
376
376
376
376
376
376
376
376
376
376
376
376
376
376
376
376
376
376
376
376
376
376
376
376
376
376
376
376
376
376
376
376
376
376
376
376
376
376
376
376
376
376
376
376
376
376
376
376
376
376
376
376
376
376
376
376
376
376
376
376
376
376
376
376
376
376
376
376
712
376
376
376
376
376
376
376
376
376
376
376
376
376
376
376
376
376
376
376
376
376
376
376
376
376
376
376
376
376
376
376
376
376
376
376
376
376
376
376
376
376
376
376
376
376
376
376
376
376
376
376
376
376
376
376
376
376
376
376
376
376
376
376
376
376
376
376
376
376
376
376
376
376
376
376
376
376
376
376
376
376
376
376
376
376
376
376
376
376
376
376
376
376
376
376
376
376
376
376
376
376
376
376
376
376
376
376
376
376
376
376
376
376
376
376
376
376
376
376
376
376
376
376
376
376
376
376
376
376
376
376
376
376
376
376
376
376
376
376
376
376
376
376
376
376
376
376
376
376
376
376
376
376
376
376
376
376
376
376
376
376
376
376
376
376
376
376
376
376
376
376
376
376
376
376
376
376
376
376
376
376
376
376
376
376
376
376
376
376
376
376
376
376
376
376
376
376
376
376
376
376
376
376
376
376
376
376
376
376
376
376
376
376
376
376
376
376
376
376
376
376
376
376
376
376
376
376
376
376
376
376
376
376
376
376
376
376
376
376
376
376
376
376
376
376
376
376
376
376
376
376
376
376
376
376
376
376
376
376
376
376
376
376
376
376
376
376
376
376
376
376
376
376
376
376
376
376
376
376
376
376
376
376
376
376
376
376
376
376
376
376
376
376
376
376
376
376
376
376
376
376
376
376
376
376
376
376
376
376
376
376
376
376
376
376
376
376
376
376
376
376
376
376
376
376
376
376
376
376
376
376
376
376
376
376
376
376
376
376
376
376
376
376
376
376
376
376
376
376
376
376
376
376
376
376
376
376
376
376
376
376
376
376
376
376
376
376
376
376
376
376
376
376
376
376
376
376
376
376
376
376
376
376
376
376
376
376
376
376
376
376
376
376
376
376
376
376
376
376
376
376
376
376
376
376
376
376
376
376
376
376
376
376
376
376
376
381
376
376
376
376
376
376
376
376
376
376
376
376
376
376
376
376
376
376
376
376
376
376
376
376
376
376
376
376
376
376
376
376
376
376
376
376
376
376
376
376
376
376
376
376
376
376
376
376
376
376
376
376
376
376
376
376
376
376
376
376
376
376
376
376
376
376
376
376
376
376
376
376
376
376
376
376
376
376
376
376
376
376
376
376
370
376
376
376
376
376
376
376
376
376
376
376
376
376
376
376
376
376
376
376
376
376
376
376
376
376
376
376
376
376
376
376
376
376
376
376
376
104
376
376
376
376
376
376
376
376
376
376
376
376
376
376
376
376
376
376
376
376
376
376
376
376
376
376
376
376
376
376
376
376
376
376
376
376
376
376
376
376
376
376
376
376
376
376
376
376
376
376
376
376
376
376
376
376
376
376
376
376
376
376
376
376
376
376
376
376
376
376
376
376
376
376
188
376
376
376
376
376
376
376
376
376
376
376
376
376
376
376
376
376
376
376
376
376
376
376
376
376
376
376
376
376
376
376
376
376
376
376
376
376
376
376
376
376
376
376
376
376
376
376
376
376
161
376
376
376
376
376
376
376
376
376
376
376
376
376
376
376
376
376
376
376
376
376
376
376
376
376
376
376
376
376
376
376
376
376
376
376
376
376
376
376
376
376
376
376
376
376
376
376
376
376
376
376
376
376
376
376
376
376
376
376
376
376
376
376
376
376
376
376
376
376
376
376
376
376
376
376
376
376
376
376
376
376
376
376
376
376
376
376
376
376
376
376
376
376
376
376
376
376
376
376
376
376
376
376
376
376
376
376
376
376
376
376
376
376
376
376
376
376
376
376
376
376
376
376
376
376
376
376
376
376
376
376
376
376
376
376
376
376
376
376
376
376
376
376
376
376
376
376
376
376
376
376
376
376
376
376
376
376
376
376
376
376
376
376
376
376
376
376
376
376
376
376
376
376
376
376
376
376
376
376
376
376
376
376
376
376
376
376
376
376
376
376
376
376
376
376
376
376
376
376
376
376
376
376
376
376
376
376
376
376
376
376
376
376
376
376
376
376
376
376
376
376
376
376
376
376
376
376
376
376
376
376
376
376
376
376
376
376
376
376
376
376
376
376
376
376
376
376
376
376
376
376
376
376
376
376
376
376
376
376
376
376
376
376
376
376
376
376
376
376
376
376
376
376
376
376
376
376
376
376
376
376
376
376
376
376
376
376
376
376
376
376
376
376
376
376
376
376
376
376
376
376
376
376
376
376
376
376
376
376
376
376
376
376
376
376
376
376
376
376
376
376
376
376
376
376
376
376
376
376
376
376
376
376
376
376
376
376
376
376
376
376
376
376
376
376
376
376
376
376
376
376
376
376
376
376
376
376
376
376
376
376
376
376
376
376
376
376
376
376
376
376
376
376
376
376
376
376
376
376
376
376
376
376
376
376
376
376
376
376
376
376
376
376
376
376
376
376
376
376
376
376
376
376
376
376
376
376
376
376
376
376
376
376
376
376
376
376
376
376
376
376
376
376
376
376
376
376
376
376
376
376
376
376
376
376
376
376
376
376
376
376
376
376
376
376
376
376
376
376
376
376
376
376
376
376
376
376
376
376
376
376
376
376
376
376
376
376
376
376
376
376
376
376
376
376
376
376
376
376
376
376
376
376
376
376
376
376
376
376
376
376
376
376
376
376
376
376
376
376
376
376
376
376
376
376
376
376
376
376
376
376
376
376
376
376
376
376
376
376
376
376
376
376
376
376
376
376
376
376
376
376
376
376
376
376
376
376
376
376
376
376
376
376
376
376
376
376
376
376
376
376
376
376
376
376
376
376
376
376
376
376
376
376
376
376
376
376
376
376
376
376
376
376
376
376
376
376
376
376
376
376
376
376
376
376
376
376
376
376
376
376
376
376
376
376
376
376
376
376
376
376
376
376
376
376
376
376
376
376
376
376
376
376
376
376
376
376
376
376
376
376
376
376
376
376
376
376
376
376
376
376
376
376
376
376
376
376
376
376
376
376
376
376
376
376
376
376
376
376
376
376
376
376
376
376
376
376
376
376
376
376
376
376
376
376
376
376
376
376
376
376
376
376
376
376
376
376
376
376
376
376
376
376
376
376
376
376
376
376
376
376
376
376
376
376
376
376
376
376
376
376
376
376
376
376
376
376
376
376
376
376
376
376
376
376
376
376
376
376
376
376
376
376
376
376
376
376
376
376
376
376
376
376
376
376
376
376
376
376
376
376
376
376
376
376
376
99
376
376
376
376
376
376
376
376
376
376
376
376
376
376
376
376
376
376
376
376
376
376
376
376
376
376
376
376
376
376
376
376
376
376
376
376
376
376
376
376
376
376
376
376
376
376
376
376
376
376
376
376
376
376
376
376
376
376
376
376
376
376
376
376
376
376
376
376
376
376
376
376
376
376
376
376
376
376
376
376
376
376
376
376
376
376
376
376
376
376
376
376
376
376
376
376
376
376
376
376
376
376
376
376
376
376
376
376
376
376
376
376
376
376
376
376
376
376
376
376
376
376
376
376
376
376
376
376
376
376
376
376
376
376
376
376
376
376
376
376
376
376
376
376
376
376
376
376
376
376
376
376
376
376
376
376
376
376
376
376
376
376
376
376
376
376
376
376
376
376
376
376
376
376
376
376
376
376
376
376
376
376
376
376
376
376
376
376
376
376
376
376
376
376
376
376
376
376
376
376
376
376
376
376
376
376
376
376
376
376
376
376
376
376
106
376
376
376
376
376
376
376
376
376
376
376
376
376
376
376
376
376
376
376
376
376
376
376
376
376
376
376
376
376
376
376
376
376
376
376
376
376
376
376
376
376
376
376
376
376
376
376
376
376
376
376
376
376
376
376
376
376
376
376
376
376
376
376
376
376
376
376
376
376
376
376
376
376
376
376
376
376
376
376
376
376
376
376
376
376
376
376
376
376
376
376
376
376
376
376
376
376
376
376
376
376
376
376
376
376
376
376
376
376
376
376
376
376
376
376
376
376
376
376
376
376
376
376
376
376
376
376
376
376
376
376
376
376
376
376
376
376
376
376
376
376
376
376
376
376
376
376
376
376
376
376
376
376
376
376
376
376
376
376
376
376
376
155
376
376
376
376
376
376
376
376
376
376
376
376
376
376
376
376
376
376
376
376
376
376
376
376
376
376
376
376
376
376
376
376
376
376
376
376
376
376
376
376
376
376
376
376
376
376
376
376
376
376
376
376
376
376
376
376
376
376
376
376
376
376
376
376
376
376
376
376
376
376
376
376
376
376
376
376
376
376
376
376
376
376
376
376
376
376
376
376
376
376
376
376
376
376
376
376
376
376
376
376
376
376
376
376
376
376
376
376
376
376
376
376
376
376
376
376
