327
323
304
299
306
328
278
323
447
325
298
307
352
297
307
321
275
289
376
299
287
374
303
336
352
295
379
293
329
308
306
330
280
306
297
287
272
293
318
277
327
303
300
289
304
310
267
337
429
296
418
315
293
312
288
357
314
359
297
279
328
297
304
310
287
261
279
300
289
286
287
249
316
337
298
264
324
372
361
274
272
322
253
278
280
281
272
278
278
290
275
276
291
284
269
272
360
292
264
259
278
302
275
299
265
278
303
345
287
285
348
282
323
238
282
255
302
256
278
297
262
272
294
272
285
270
312
256
408
296
267
288
299
282
267
373
271
289
254
300
262
316
261
272
261
321
267
266
277
267
271
260
276
276
316
251
268
260
316
333
261
284
269
318
267
254
264
267
265
256
328
296
309
256
277
271
268
269
268
264
247
251
261
278
256
297
328
267
253
271
257
229
241
269
249
234
258
290
249
272
259
247
774
268
266
259
308
239
401
266
256
260
231
276
242
246
281
287
267
272
234
236
275
266
273
313
275
261
244
228
241
282
271
410
373
271
276
251
244
272
263
314
269
240
266
305
255
361
247
392
262
266
280
259
245
229
274
253
252
245
236
248
248
247
237
253
570
296
272
267
449
253
285
268
388
249
260
384
282
247
249
242
247
290
232
238
240
234
266
232
244
248
263
230
246
237
253
297
268
287
376
319
255
245
220
264
234
246
254
273
240
461
314
236
267
206
230
252
233
262
236
282
235
256
305
222
232
260
251
257
248
252
242
242
327
225
200
355
255
225
273
230
208
270
258
261
229
235
259
240
250
304
249
231
234
208
242
249
249
289
211
255
224
296
217
246
198
213
223
227
219
231
246
213
228
294
266
234
225
293
244
239
258
223
227
246
283
264
256
251
262
232
347
215
269
234
302
236
220
219
220
211
336
226
218
250
219
245
254
253
221
220
239
267
306
224
261
266
238
238
241
329
252
234
253
265
242
220
210
247
242
219
231
219
227
238
226
223
230
239
220
208
228
230
205
232
411
211
221
206
244
234
240
244
239
222
192
326
246
341
204
289
226
323
246
236
225
255
435
236
212
220
225
221
253
226
267
198
250
201
201
208
205
236
241
201
229
218
219
233
265
219
216
262
191
239
226
385
195
219
212
212
224
223
222
221
197
181
271
220
264
222
227
268
202
206
233
227
253
268
192
393
253
237
231
236
269
242
234
230
254
323
556
232
207
236
236
254
214
228
214
248
185
208
435
267
193
263
195
207
254
205
236
214
272
547
270
203
212
266
198
210
219
202
234
219
233
203
203
249
228
224
213
226
245
212
234
233
206
193
230
273
232
360
208
235
219
290
214
212
236
191
202
258
244
229
245
260
221
222
222
190
241
206
205
250
262
526
233
232
222
192
245
262
214
249
211
213
198
205
222
257
191
275
234
219
225
211
200
224
186
215
230
236
200
212
228
252
242
176
210
240
211
198
177
210
248
177
192
219
238
198
206
198
239
228
213
203
227
216
243
279
312
214
216
212
205
229
218
218
194
288
229
202
210
206
222
190
204
206
227
201
211
215
184
280
226
219
241
217
192
202
212
396
195
167
208
157
242
212
223
175
204
229
145
199
195
231
220
208
221
184
191
238
197
196
190
240
213
215
232
211
199
221
212
181
203
188
172
256
207
195
214
225
191
258
265
292
248
222
191
223
246
191
241
241
190
191
274
213
173
179
218
213
184
226
199
198
181
243
201
237
206
222
200
199
203
190
248
228
189
215
205
420
209
204
227
258
174
179
259
203
220
235
200
191
205
178
198
217
205
159
203
159
238
179
208
212
244
236
378
198
208
217
185
227
204
214
448
239
190
224
232
165
129
227
208
168
236
224
161
211
180
200
179
200
215
165
161
173
201
193
196
235
217
191
177
170
213
211
198
233
223
149
200
183
215
171
224
271
222
209
208
217
175
190
163
300
237
290
222
305
182
241
310
197
205
280
201
177
239
176
214
201
204
176
201
258
193
191
178
199
211
251
198
175
303
178
218
234
176
160
149
266
296
210
218
195
189
200
230
210
229
190
202
215
208
229
198
251
237
275
169
256
223
161
205
201
206
212
149
197
293
146
193
219
220
177
499
179
200
180
233
222
212
188
210
161
219
206
171
196
179
163
253
202
181
289
200
190
176
198
195
250
209
241
202
174
177
188
165
240
207
197
362
187
175
193
165
174
181
208
170
191
148
288
204
196
153
218
184
214
165
180
229
244
175
171
185
118
187
174
170
193
173
139
216
255
191
196
193
171
195
204
197
201
204
177
197
158
190
173
222
207
164
167
169
149
180
161
248
159
187
176
154
175
170
203
159
194
190
191
177
174
193
172
177
240
204
199
180
219
171
172
187
181
171
208
185
146
296
197
198
183
194
217
163
194
233
189
169
186
161
178
167
174
174
150
195
175
142
150
175
208
185
191
84
176
188
187
194
219
286
154
192
176
150
191
177
199
163
188
576
190
207
171
246
191
123
217
169
195
193
86
215
181
172
184
296
171
215
183
162
427
140
205
207
222
162
102
211
197
189
158
183
204
159
178
158
171
228
151
172
185
158
152
169
202
174
150
196
295
201
130
158
181
151
166
198
160
146
133
196
158
179
154
230
235
188
245
182
149
154
207
184
180
212
167
173
194
148
188
168
184
158
185
153
205
152
156
135
161
178
192
185
199
186
156
145
182
179
155
110
185
221
214
168
181
195
186
187
183
227
172
154
130
184
179
192
187
185
121
170
154
132
178
203
286
186
116
156
132
138
162
178
182
161
166
145
456
167
150
160
162
182
176
149
166
185
192
162
113
160
239
179
144
154
182
174
164
170
249
167
157
176
140
144
164
148
165
138
162
179
183
169
168
185
168
162
296
146
140
184
231
265
177
159
165
141
296
131
151
143
191
183
177
133
139
165
112
135
216
166
201
152
160
155
166
175
149
155
142
176
187
186
171
156
184
135
150
296
164
123
167
148
156
149
243
139
175
162
170
194
341
109
192
296
170
139
171
152
165
139
116
333
131
157
198
177
197
174
154
183
146
278
183
208
188
200
156
296
137
143
173
155
145
134
167
155
148
198
135
130
193
134
211
174
149
131
172
159
296
124
108
182
192
129
152
147
143
140
126
157
166
191
157
156
172
186
162
184
181
173
206
141
217
205
163
184
148
143
147
159
155
128
171
174
133
153
194
194
141
108
296
152
156
163
124
185
281
180
85
339
209
137
146
129
150
157
133
162
148
151
197
153
98
185
163
126
156
169
79
135
166
112
188
158
169
181
139
190
132
204
173
171
136
157
195
145
159
147
90
145
220
173
149
242
165
124
143
139
176
147
100
198
190
130
183
158
179
189
171
162
104
156
162
112
296
159
111
150
190
166
143
133
82
152
161
153
134
139
157
148
148
141
92
75
134
183
121
144
75
152
151
169
98
143
146
177
107
259
296
163
93
128
120
155
179
114
139
129
186
195
143
153
296
179
149
176
134
132
80
137
118
149
149
296
157
165
147
77
166
166
117
104
86
134
159
101
173
296
137
118
164
152
143
132
151
158
134
126
296
129
148
296
160
296
135
129
129
96
126
296
163
154
296
152
151
94
171
121
146
99
78
157
111
157
171
114
139
296
148
105
130
350
120
154
151
145
177
112
122
137
114
168
134
296
133
296
296
163
121
187
154
145
170
116
132
106
296
140
88
296
88
150
163
95
139
130
87
122
92
116
131
145
105
116
150
74
129
176
157
137
83
128
163
296
78
150
74
130
126
105
160
296
296
116
128
138
140
115
129
142
296
144
102
111
139
221
108
162
296
296
143
92
179
176
171
296
180
146
121
123
139
126
250
167
156
110
142
105
122
103
98
113
296
146
139
139
199
192
166
296
130
141
178
296
104
130
124
122
118
134
139
296
99
80
296
146
128
296
145
296
119
152
296
150
296
150
122
98
163
155
119
142
296
140
158
92
156
143
116
147
125
93
148
150
142
140
121
121
115
158
126
152
296
101
139
102
107
156
296
526
296
132
129
171
104
84
296
155
145
129
296
279
151
166
162
296
296
151
108
100
106
83
131
156
296
81
136
296
74
296
170
296
296
146
93
296
112
148
87
117
118
100
95
138
128
158
132
144
132
124
141
160
112
157
155
296
115
133
296
296
138
146
134
140
184
89
136
110
130
296
169
133
95
142
80
102
126
117
124
126
114
121
143
128
122
80
138
126
123
296
138
128
296
296
125
121
134
165
83
133
148
296
145
95
82
296
97
296
130
296
116
296
296
143
153
115
107
296
118
296
160
85
134
114
296
172
142
119
134
296
120
296
296
113
155
130
296
296
296
296
511
104
296
296
151
108
86
137
105
82
296
296
296
124
75
113
108
88
296
92
112
129
296
134
115
76
101
75
130
236
102
296
82
296
138
296
78
112
99
93
111
107
134
126
296
147
296
296
137
116
133
149
296
124
116
141
134
113
110
296
150
143
120
97
145
296
296
109
106
296
296
91
75
81
296
104
102
158
87
151
296
109
137
106
96
122
296
145
127
138
142
296
161
296
77
128
159
91
134
296
296
149
296
296
134
112
296
79
296
116
119
131
75
110
108
161
84
81
296
296
296
296
76
114
168
130
91
89
296
296
296
296
99
118
296
74
92
98
98
79
182
296
79
82
165
296
136
114
87
156
144
138
120
113
296
109
111
99
120
103
130
139
121
296
141
98
186
296
114
296
124
296
102
296
96
125
105
145
296
296
132
76
296
167
165
108
296
84
296
296
118
296
296
130
89
156
296
296
99
296
149
296
74
135
124
296
296
296
123
76
296
296
296
296
296
106
76
115
83
75
296
178
94
296
296
81
128
78
79
90
119
85
114
296
77
87
96
124
296
80
76
89
87
296
74
296
296
99
95
296
296
120
83
296
87
296
296
296
112
101
296
109
296
296
109
296
135
139
296
230
296
122
296
81
296
137
95
296
79
296
296
296
145
141
296
98
76
107
77
296
76
124
296
296
296
78
296
122
74
296
296
149
210
296
296
296
152
296
296
296
93
121
110
296
104
133
296
296
296
137
135
296
296
77
296
296
296
85
79
296
137
296
143
296
121
296
296
296
132
296
121
296
92
296
296
74
296
296
74
89
296
296
123
296
296
296
296
296
80
88
97
129
296
296
296
296
86
296
79
296
97
116
153
296
108
296
296
86
79
296
296
296
296
296
296
117
296
296
296
296
296
296
296
296
296
296
109
296
296
74
296
296
296
296
296
101
296
296
145
296
296
100
96
296
296
99
296
123
97
100
296
74
296
98
296
296
296
91
77
98
296
107
296
296
296
115
104
113
136
296
79
296
296
296
110
136
296
296
296
296
296
81
98
296
296
296
296
296
296
296
74
296
296
129
296
77
296
118
296
296
296
296
296
296
296
98
74
93
88
147
96
296
296
296
296
155
296
296
85
118
296
296
296
94
122
296
296
296
556
78
296
146
296
81
296
296
99
296
296
296
79
296
296
116
296
296
296
296
87
296
296
74
296
97
75
296
296
296
162
296
296
296
108
296
296
296
296
296
296
77
104
296
76
296
81
296
93
296
296
296
296
296
296
296
296
296
81
296
296
296
118
96
296
296
296
104
296
296
296
296
296
296
135
93
129
296
76
296
78
296
101
105
93
296
296
296
113
296
74
296
296
296
74
113
296
296
296
296
296
296
296
296
296
86
296
296
296
296
296
296
296
296
296
75
296
296
235
296
102
118
296
296
96
80
296
296
296
296
296
296
296
296
296
96
296
106
115
296
81
141
296
296
296
296
296
296
100
296
296
296
296
296
296
296
296
296
127
296
296
140
120
296
296
296
296
296
296
119
296
296
296
109
296
296
296
296
296
296
296
296
97
296
296
296
296
296
296
296
296
296
296
296
112
296
296
296
296
296
74
296
296
127
78
296
296
296
85
296
296
296
86
296
296
296
296
130
296
296
296
296
74
77
296
296
74
296
296
296
296
296
296
296
93
296
82
296
82
296
91
296
296
86
296
296
296
86
296
296
296
296
296
296
155
296
296
296
296
296
112
296
296
296
77
296
296
296
296
296
296
296
296
75
296
296
117
81
296
296
296
296
296
296
296
77
296
296
137
296
296
74
296
79
296
296
296
296
296
296
296
296
296
296
296
296
296
94
296
101
296
296
100
296
296
148
296
296
296
296
296
296
296
75
296
296
296
130
296
296
75
296
74
96
296
296
296
109
296
296
296
296
296
296
296
296
87
296
74
296
296
296
296
296
296
296
130
296
296
80
296
296
296
296
296
114
296
102
296
296
296
296
296
296
296
296
296
296
296
296
296
296
296
99
296
296
296
296
296
296
296
296
296
296
296
296
90
296
296
296
296
80
296
296
296
296
296
296
296
147
296
296
296
296
296
296
296
296
296
296
296
296
296
296
296
296
296
82
296
296
130
296
296
296
296
87
296
296
296
296
296
296
296
296
296
296
296
296
296
120
296
85
296
74
296
296
296
296
117
296
296
296
86
296
296
296
296
76
296
84
296
296
296
296
296
296
296
296
296
296
296
296
296
296
296
296
296
296
296
296
296
296
296
296
109
296
296
296
296
296
296
296
101
296
296
296
296
296
96
296
296
296
296
296
296
296
296
296
78
296
296
296
296
296
296
296
296
296
296
296
296
296
296
296
296
296
296
296
296
84
296
296
296
296
296
296
296
296
296
296
296
296
296
296
296
86
296
296
296
296
296
296
296
296
296
296
296
296
296
87
296
296
296
296
296
296
296
296
296
296
296
296
96
296
296
296
296
296
296
296
296
296
296
296
296
296
296
296
296
296
296
296
296
296
296
296
296
296
296
296
296
296
296
296
296
296
296
145
296
296
296
296
296
296
296
296
296
296
296
296
296
296
296
296
296
296
296
296
296
296
296
296
296
296
296
97
296
296
296
296
296
296
296
296
296
296
296
296
296
296
296
296
296
296
296
296
296
296
296
296
296
296
296
296
296
296
296
296
296
296
296
296
296
296
296
296
296
296
296
296
296
296
296
296
296
296
296
296
296
296
296
296
296
296
132
296
296
296
296
296
92
296
296
296
296
296
296
296
296
296
296
296
296
296
296
296
296
296
296
296
296
296
203
296
296
296
296
296
296
296
296
296
296
296
296
296
296
296
296
296
296
296
296
296
296
296
296
296
296
296
296
296
296
296
296
296
296
296
296
296
296
98
296
296
296
296
296
296
296
296
296
296
296
296
296
296
296
296
296
296
296
296
296
74
296
296
296
296
296
296
296
296
296
296
296
296
296
296
296
296
296
74
296
296
296
296
296
296
296
296
296
296
296
296
296
296
296
296
296
296
296
296
296
296
296
296
296
296
296
296
296
296
296
296
296
296
76
296
296
296
296
296
296
296
296
296
296
296
296
296
296
296
296
296
296
296
296
296
296
296
296
296
296
296
296
296
296
296
296
296
296
296
296
296
296
296
296
296
296
296
87
296
296
296
296
296
296
296
296
296
296
296
296
296
296
296
296
296
296
296
296
296
296
296
296
296
296
296
296
85
296
296
296
296
296
296
296
296
296
296
296
296
296
296
296
296
296
296
296
296
296
296
296
296
296
296
296
296
296
296
296
296
119
296
296
296
296
296
296
296
296
296
296
296
296
296
296
296
296
296
296
296
296
296
296
296
296
296
296
296
75
296
296
296
296
296
296
296
296
296
296
296
296
296
296
296
296
296
296
296
296
296
296
296
296
296
296
296
296
296
296
296
296
296
296
296
296
296
296
296
296
296
296
296
296
296
296
296
296
296
296
296
296
296
296
296
296
296
296
296
296
296
296
296
296
296
296
296
296
296
296
296
296
296
296
296
296
296
296
296
296
78
296
296
296
296
296
296
296
296
296
296
142
296
296
296
296
296
296
296
296
296
296
296
296
296
296
296
296
296
296
296
296
296
296
296
296
296
296
296
74
296
296
296
296
296
296
296
296
296
296
296
296
296
296
296
296
296
296
296
296
296
296
296
296
296
296
296
296
296
296
296
296
296
296
296
296
296
296
296
296
296
296
296
296
296
296
296
296
296
296
296
296
296
296
296
296
296
78
296
296
296
296
296
296
296
296
296
296
296
296
296
296
296
296
296
296
296
296
296
296
296
296
296
296
296
296
296
296
296
296
296
296
77
296
296
296
435
296
296
296
296
296
296
296
296
296
296
296
296
296
296
296
296
296
296
296
296
296
296
296
296
296
296
296
296
296
296
296
296
296
77
296
296
296
296
296
296
296
296
296
296
296
296
296
296
296
296
296
296
296
296
296
296
296
296
296
296
296
296
296
296
296
296
296
296
296
296
296
296
296
296
296
296
296
296
296
296
296
296
296
296
296
296
296
296
296
296
296
296
296
296
296
296
296
296
296
296
296
296
296
296
296
296
296
296
296
296
296
296
296
296
296
296
296
296
296
296
296
296
296
296
296
296
296
296
296
296
296
296
296
296
296
296
74
296
296
74
296
296
296
296
296
296
296
296
296
296
296
296
296
296
296
296
296
296
296
296
296
296
296
296
296
296
296
296
296
296
296
296
296
296
296
296
296
296
296
296
296
296
296
296
296
296
296
296
296
77
296
296
296
296
296
296
296
296
296
296
296
296
296
296
296
296
296
296
296
296
296
296
296
296
296
296
296
296
296
296
296
296
296
296
296
296
296
296
296
296
296
296
296
296
296
296
296
296
140
296
105
296
296
296
296
296
296
296
296
296
296
296
296
296
296
296
296
296
296
296
296
296
296
296
296
296
296
296
296
296
296
296
296
296
296
296
296
296
296
296
296
296
296
296
296
296
296
296
296
296
296
296
296
296
296
296
296
296
296
296
296
296
296
296
296
296
296
296
296
296
296
296
296
296
296
296
296
296
296
296
296
296
296
296
296
296
296
296
296
296
296
296
296
296
296
296
296
296
296
296
296
296
296
296
296
296
296
296
296
296
296
296
296
103
296
296
296
296
296
296
296
296
296
296
296
296
296
296
296
296
296
296
296
296
296
296
296
296
296
296
296
296
296
296
296
296
296
296
296
296
296
296
296
296
296
296
296
296
296
296
296
296
296
296
296
296
296
296
296
296
296
296
296
296
296
296
296
296
296
296
296
296
296
296
296
296
296
296
296
296
296
296
296
296
296
296
296
296
296
296
296
296
296
296
296
296
296
296
296
296
296
296
296
296
296
296
296
296
296
296
296
296
296
296
296
296
296
296
296
296
296
296
296
296
296
296
296
296
296
296
296
90
296
296
296
296
296
97
296
296
296
296
296
296
296
296
296
296
296
296
296
296
296
296
296
296
296
296
296
296
296
296
296
296
296
296
296
296
296
296
296
296
296
296
296
296
296
296
296
296
296
296
296
296
296
296
296
296
296
296
296
296
296
296
296
296
296
296
296
296
296
296
296
296
296
296
296
296
296
296
296
296
296
296
296
296
296
296
296
296
296
296
296
296
296
296
296
296
296
296
296
296
296
296
296
296
296
296
296
296
296
296
296
296
296
296
296
296
296
296
296
296
296
296
296
296
296
296
296
296
296
296
296
296
296
296
296
296
296
296
296
296
296
296
296
296
296
296
296
296
296
296
296
296
296
296
296
296
296
296
296
296
296
296
296
296
296
296
296
296
296
296
296
296
296
296
296
296
296
296
296
296
296
296
296
296
296
296
296
296
296
296
296
296
296
296
296
296
296
296
296
296
296
296
296
296
296
296
296
296
296
296
296
296
296
296
296
296
296
296
296
296
296
296
296
296
296
296
163
296
296
296
296
296
296
296
427
296
296
296
296
296
296
296
296
296
296
296
296
296
296
296
296
296
296
296
296
296
296
296
296
296
296
296
296
296
296
296
296
296
296
296
296
296
296
296
296
296
296
296
296
296
296
296
296
296
296
296
296
296
296
296
296
296
296
296
296
296
296
296
296
296
296
296
296
296
296
296
296
296
296
296
296
296
296
296
296
296
296
296
296
296
296
296
296
296
296
296
296
296
296
296
296
296
296
296
296
296
296
296
296
296
296
296
296
296
296
296
296
296
296
296
296
296
296
296
296
296
296
296
296
296
296
296
296
296
296
296
296
296
296
296
296
296
296
296
296
296
296
296
296
296
296
296
296
296
296
296
296
296
296
296
207
296
296
296
296
296
296
296
296
296
296
296
296
296
296
296
296
296
296
296
296
296
296
296
296
296
296
296
296
296
296
296
296
296
296
296
296
296
296
296
296
296
296
296
296
296
296
296
296
296
296
296
296
296
296
296
296
296
296
296
296
296
296
296
296
296
296
296
296
296
296
296
296
296
296
296
296
296
296
296
296
296
296
296
296
296
296
296
296
296
296
296
296
296
296
296
296
296
296
296
296
296
296
296
296
296
296
296
296
296
296
296
296
296
296
296
296
296
296
296
296
296
296
296
296
296
296
296
296
296
296
296
296
296
296
296
296
296
296
296
296
296
296
296
296
296
296
296
296
296
296
296
296
296
296
296
296
296
296
296
296
296
296
296
296
296
296
296
296
296
296
296
296
296
296
296
296
296
296
296
296
296
296
296
296
296
296
296
296
296
296
296
296
296
296
296
296
296
296
296
296
296
296
296
296
296
296
296
296
296
296
296
296
296
296
296
296
296
296
296
296
296
296
296
296
296
296
296
296
296
296
296
296
296
296
296
296
296
296
296
296
296
296
296
296
296
296
296
296
296
296
296
296
296
296
296
296
296
296
296
296
296
296
296
296
296
296
296
296
296
296
296
296
296
296
296
296
296
296
296
296
296
296
296
296
296
296
296
296
296
296
296
296
296
296
296
296
296
296
296
296
296
296
296
296
296
296
296
296
296
296
296
296
296
296
296
296
296
296
296
296
296
296
296
296
296
296
296
296
296
296
296
296
296
296
296
296
296
296
296
296
296
296
296
296
296
296
296
296
296
296
296
296
296
296
296
296
296
296
296
296
296
296
296
296
296
296
296
296
296
296
296
296
296
296
296
296
296
296
296
296
296
296
296
296
296
296
296
296
296
296
296
296
296
296
296
296
296
296
296
296
296
296
296
296
296
296
296
296
296
296
296
296
296
296
296
296
296
296
296
296
296
296
296
296
296
296
296
296
296
296
296
296
296
296
296
296
296
296
296
296
296
296
296
296
296
296
296
296
296
296
296
296
296
296
296
296
296
296
296
296
296
296
296
296
296
296
296
296
296
296
296
296
296
296
296
296
296
296
296
296
296
296
296
296
296
296
296
296
296
296
296
296
296
296
296
296
296
296
296
296
296
296
296
296
296
296
296
296
296
296
296
296
296
296
296
296
296
296
296
296
296
296
296
296
296
296
296
296
296
296
296
296
296
296
296
296
296
296
296
296
296
296
296
296
296
296
296
296
296
296
296
296
296
296
296
296
296
296
296
296
296
296
296
296
296
296
296
296
296
296
296
296
296
296
296
296
296
296
296
296
296
296
296
296
296
296
296
296
296
296
296
296
296
296
296
296
296
296
296
296
296
296
296
296
296
296
296
296
296
296
296
296
296
296
296
296
296
296
296
296
296
296
296
296
296
296
296
296
296
296
296
296
296
296
296
296
296
296
296
296
296
296
296
296
296
296
296
296
296
296
296
296
296
296
296
296
296
296
296
296
296
296
296
296
296
296
296
296
296
296
296
296
296
296
296
296
296
296
296
296
296
296
296
296
296
296
296
296
296
296
296
296
296
296
296
296
296
296
296
296
296
296
296
296
296
296
296
296
296
296
296
296
296
296
296
296
296
296
296
296
296
296
296
296
296
296
296
296
296
296
296
296
296
296
296
74
296
296
296
296
296
296
296
296
296
296
296
296
296
296
296
296
296
296
296
296
296
296
296
296
296
296
296
296
296
296
296
296
296
296
296
296
296
296
296
296
296
296
296
296
296
296
296
296
296
296
296
296
296
296
296
296
296
296
296
296
296
296
296
296
296
296
296
296
296
296
296
296
296
296
296
296
296
296
296
296
296
296
296
296
296
296
296
296
296
296
296
296
296
296
296
296
296
296
296
296
296
296
296
296
296
296
296
296
296
296
296
296
296
296
296
296
296
296
296
296
296
296
296
296
296
296
296
296
296
296
296
296
296
296
296
296
296
296
296
296
296
296
296
296
296
296
296
296
296
296
296
296
296
296
296
296
296
296
296
296
296
296
296
296
296
296
296
296
296
296
296
296
296
296
296
296
296
296
296
296
296
296
296
296
296
296
296
296
296
296
296
296
296
296
296
296
296
296
296
296
296
296
296
296
296
296
296
296
296
296
296
296
296
296
296
296
296
296
296
296
296
296
296
296
296
296
296
296
296
296
296
296
296
296
296
296
296
296
296
296
296
296
296
296
296
296
296
296
296
296
296
296
296
157
296
296
296
296
296
296
296
296
296
296
296
296
296
296
296
296
296
296
296
296
296
296
296
296
296
296
296
296
296
296
296
296
296
296
296
296
296
296
296
296
296
296
296
296
296
296
296
296
296
296
296
296
296
296
296
296
296
296
296
296
296
296
296
296
296
296
296
296
296
296
296
296
296
296
296
296
296
296
296
296
296
296
296
296
296
296
296
296
296
296
296
296
296
296
296
296
296
296
296
296
296
296
296
296
296
296
296
296
296
296
296
296
296
296
296
296
296
296
296
296
296
296
296
296
296
296
296
296
296
296
296
296
296
296
296
296
296
296
296
296
296
296
296
296
296
296
296
296
296
296
296
296
296
296
296
296
296
296
296
296
296
296
296
296
296
296
296
296
296
296
296
296
296
296
296
296
296
296
296
296
296
296
296
296
296
296
296
296
296
296
296
296
296
296
296
296
296
296
296
296
296
296
296
296
296
296
296
296
296
296
296
296
296
296
296
296
296
296
296
296
296
296
296
296
296
296
296
296
296
296
296
296
296
296
296
296
296
296
296
296
296
296
296
296
296
296
296
296
296
296
296
296
296
296
296
296
296
296
296
296
296
296
296
296
296
296
296
296
296
296
296
296
296
296
296
296
296
296
296
296
296
296
296
296
296
296
296
296
296
296
296
296
296
296
296
296
296
296
296
296
296
296
296
296
296
296
296
296
296
296
296
296
296
296
296
296
296
296
296
296
296
296
296
296
296
296
296
296
296
296
296
296
296
296
296
296
296
296
296
296
296
296
296
296
296
296
296
296
296
296
296
296
296
296
296
296
296
296
296
296
296
296
296
296
296
296
296
296
296
296
296
296
296
296
296
296
296
296
296
296
296
296
296
296
296
296
296
296
296
296
296
296
296
296
296
296
296
296
296
296
296
296
296
296
296
296
296
296
296
296
296
296
296
296
296
296
296
296
296
296
296
296
296
296
296
296
296
296
296
296
296
296
296
296
296
296
296
296
296
296
296
296
296
296
296
296
296
296
296
296
296
296
296
296
296
296
296
296
296
296
296
296
296
296
296
296
296
296
296
296
296
296
296
296
296
296
296
296
296
296
296
296
296
296
296
296
296
296
296
296
296
296
296
296
296
296
296
296
296
296
296
296
296
296
296
296
296
296
296
296
296
296
296
296
296
296
296
296
296
296
296
296
296
296
296
296
296
296
296
296
296
296
296
296
296
296
296
296
296
296
296
296
296
296
296
296
296
296
296
296
296
296
296
296
296
296
296
296
296
296
296
296
296
296
296
296
296
296
296
296
296
296
296
296
296
296
296
296
296
296
296
296
296
296
296
296
296
296
296
296
296
296
296
296
296
296
296
296
296
296
296
296
296
296
296
296
296
296
296
296
296
296
296
296
296
296
296
296
296
296
296
296
296
296
296
296
296
296
296
296
296
296
296
296
296
296
296
296
296
296
296
296
296
296
296
296
296
296
296
296
296
296
296
296
296
296
296
296
296
296
296
296
296
296
296
296
296
296
296
296
296
296
296
296
296
296
296
296
296
296
296
296
296
296
296
296
296
296
296
296
296
296
296
296
296
296
296
296
296
296
296
296
296
296
296
296
296
296
296
296
296
296
296
296
296
296
296
296
296
296
296
296
296
296
296
296
296
296
296
296
296
296
296
296
296
296
296
296
296
296
296
296
296
296
296
296
296
296
296
296
296
296
296
296
296
296
296
296
296
296
296
296
296
296
296
296
296
296
296
296
296
296
296
296
296
296
296
296
296
296
296
296
296
296
296
296
296
296
296
296
296
296
296
296
296
296
296
296
296
296
296
296
296
296
296
296
296
296
296
296
296
296
296
296
296
296
296
296
296
296
296
296
296
296
296
296
296
296
296
296
296
296
296
296
296
296
296
296
296
296
296
296
296
296
296
296
296
296
296
296
296
296
296
296
296
296
296
296
296
296
296
296
296
296
296
296
296
296
296
296
296
296
296
296
296
296
296
296
296
296
296
296
296
296
296
296
296
296
296
296
296
296
296
296
296
296
296
296
296
296
296
296
296
296
296
296
296
296
296
296
296
296
296
296
296
296
296
296
296
296
296
296
296
296
296
296
296
296
296
296
296
296
296
296
296
296
296
296
296
296
296
296
296
296
296
296
296
296
296
296
296
296
296
296
296
296
296
296
296
296
296
296
296
296
296
296
296
296
296
296
296
296
296
296
296
296
296
296
296
296
296
296
296
296
296
296
296
296
296
296
296
296
296
296
296
296
296
296
296
296
296
296
296
296
296
296
296
296
296
296
296
296
296
296
296
296
296
296
296
296
296
296
296
296
296
296
296
296
296
296
296
296
296
296
296
296
296
296
296
296
296
296
296
296
296
296
296
296
296
296
296
296
296
296
296
296
296
296
296
296
296
296
296
296
296
296
296
296
296
296
296
296
296
296
296
296
296
296
296
296
296
296
296
296
296
296
296
296
296
296
296
296
296
296
296
296
296
296
296
296
296
296
296
296
296
296
296
296
296
296
296
296
296
296
296
296
296
296
296
296
296
296
296
296
296
296
296
296
296
296
296
296
296
296
296
296
296
296
296
296
296
296
296
296
296
296
296
296
296
296
296
296
296
296
296
296
296
296
296
296
296
296
296
296
296
296
296
296
296
296
296
296
296
296
296
296
296
296
296
296
296
296
296
296
296
296
296
296
296
296
296
296
296
296
296
296
296
296
296
296
296
296
296
296
296
296
296
296
296
296
296
126
296
296
296
296
296
296
296
296
296
296
296
296
296
296
296
296
296
296
296
296
296
296
296
296
296
296
296
296
296
296
296
296
296
296
296
296
296
296
296
296
296
296
296
296
296
296
296
296
296
296
296
296
296
296
296
296
296
296
296
296
296
296
296
296
296
296
296
296
296
296
296
296
296
296
296
296
296
296
296
296
296
296
296
296
296
296
296
296
296
296
296
296
296
296
296
296
296
296
296
296
296
296
296
296
296
296
296
296
296
296
296
296
296
296
296
296
296
296
296
296
296
296
296
296
296
296
296
296
296
296
296
296
296
296
296
296
296
296
296
296
296
296
296
296
296
296
296
296
296
296
296
296
296
296
296
296
296
296
296
296
296
296
296
296
296
296
296
296
296
296
296
296
296
296
296
296
296
296
296
296
296
296
296
296
296
296
296
296
296
296
296
296
296
296
296
296
296
296
296
296
296
296
296
296
296
296
296
296
296
296
296
296
296
296
296
296
296
296
296
296
296
296
296
296
296
296
296
296
296
296
296
296
296
296
296
296
296
296
296
296
296
296
296
296
296
296
296
296
296
296
296
296
296
296
296
296
296
296
296
296
296
296
296
296
296
296
296
296
296
296
296
296
296
296
296
296
296
296
296
296
296
296
296
296
296
296
296
296
296
296
296
296
296
296
296
296
296
296
296
296
296
296
296
296
296
296
296
296
296
296
296
296
296
296
296
296
296
296
296
296
296
296
296
296
296
296
296
296
296
296
296
296
296
296
296
296
296
296
296
296
296
296
296
296
296
296
296
296
296
296
296
296
296
296
296
296
296
296
296
296
296
296
296
296
296
296
296
296
296
296
296
296
296
296
296
296
296
296
296
296
296
296
296
296
296
296
296
296
296
296
296
296
296
296
296
296
296
296
296
296
296
296
296
296
296
296
296
296
296
296
296
296
296
296
296
296
296
296
296
296
296
296
296
296
296
296
296
296
296
296
296
296
296
296
296
296
296
296
296
296
296
296
296
296
296
296
296
296
296
296
296
296
296
296
296
296
296
296
296
296
296
296
296
296
296
296
296
296
296
296
296
296
296
296
296
296
296
296
296
296
296
296
296
296
296
296
296
296
296
296
296
296
296
296
296
296
296
296
296
296
296
296
296
296
296
296
296
296
296
296
296
296
296
296
296
296
296
296
296
296
296
296
296
296
296
296
296
296
296
296
296
296
296
296
296
296
296
296
296
296
296
296
296
296
296
296
296
296
296
296
296
296
296
296
296
296
296
296
296
296
296
296
296
296
296
296
296
296
296
296
296
296
296
296
296
296
296
296
296
296
296
296
296
296
296
296
296
296
296
296
296
296
296
296
296
296
296
296
296
296
296
296
296
296
296
296
296
296
296
296
296
296
296
296
296
296
296
296
296
296
296
296
296
296
296
296
296
296
296
296
296
296
296
296
296
296
296
296
296
296
296
296
296
296
296
296
296
296
296
296
296
296
296
296
296
296
296
296
296
296
296
296
296
296
296
296
296
296
296
296
296
296
296
296
296
296
296
296
296
296
296
296
296
296
296
296
296
296
296
296
296
296
296
296
296
296
296
296
296
296
296
296
296
296
296
296
296
296
296
296
296
296
296
296
296
296
296
296
296
296
296
296
296
296
296
296
296
296
296
296
296
296
296
296
296
296
296
296
296
296
296
296
296
296
296
296
296
296
296
296
296
296
296
296
296
296
296
296
296
296
296
296
296
296
296
296
296
296
296
296
296
296
296
296
296
296
296
296
296
296
296
296
296
296
296
296
296
296
296
296
296
296
296
296
296
296
296
296
296
296
296
296
296
296
296
296
296
296
296
296
296
296
296
296
296
296
296
296
296
296
296
296
296
296
296
296
296
296
296
296
296
296
296
296
296
296
296
296
296
296
296
296
296
296
296
296
296
296
296
296
296
296
296
296
296
296
296
296
296
296
296
296
296
296
296
296
296
296
296
296
296
296
296
296
296
296
296
296
296
296
296
296
296
296
296
296
296
296
296
296
296
296
296
296
296
296
296
296
296
296
296
296
296
296
296
296
296
296
296
296
296
296
296
296
296
296
296
296
296
296
296
296
296
296
296
296
296
296
296
296
296
296
296
296
296
296
296
296
296
296
296
296
296
296
296
296
296
296
296
296
296
296
296
296
296
296
296
296
296
296
296
296
296
296
296
296
296
296
296
296
296
296
296
296
296
296
296
296
296
296
296
296
296
296
296
296
296
296
296
296
296
296
296
296
296
296
296
296
296
296
296
296
296
296
296
296
296
296
296
296
296
296
296
296
296
296
296
88
296
296
296
296
296
296
296
296
296
296
296
296
296
296
296
296
296
296
296
296
296
296
296
296
296
296
296
296
296
296
296
296
296
296
296
296
296
296
296
296
296
296
296
296
296
296
296
296
296
296
296
296
296
296
296
296
296
296
296
296
296
296
296
296
296
296
296
296
296
296
296
296
296
296
296
296
296
296
296
296
296
296
296
296
296
296
296
296
296
296
296
296
296
296
296
296
296
296
296
296
296
296
296
296
296
296
296
296
296
296
296
296
296
296
296
296
296
296
296
296
296
296
296
296
296
296
296
296
296
296
296
296
296
296
296
296
296
296
296
296
296
296
296
296
296
296
296
296
296
296
296
296
296
296
296
296
296
296
296
296
296
296
296
296
296
296
296
296
296
296
296
296
296
296
296
296
296
296
296
296
296
296
296
296
296
296
296
296
296
296
296
296
296
296
296
296
296
296
296
296
296
296
296
296
296
296
296
296
296
296
296
296
296
296
296
296
296
296
296
296
296
296
296
296
296
296
296
296
296
296
296
296
296
296
296
296
296
296
296
296
296
296
296
296
296
296
296
296
296
296
296
296
296
296
296
296
296
296
296
296
296
296
296
296
296
296
296
296
296
296
296
296
296
296
296
296
296
296
296
296
296
296
296
296
296
296
296
296
296
296
296
296
296
296
296
296
296
296
296
296
296
296
296
296
296
296
296
296
296
296
296
296
296
296
296
296
296
296
296
296
296
296
296
296
296
296
296
296
296
296
296
296
296
296
296
296
296
296
296
296
296
296
296
296
296
296
296
296
296
296
296
296
296
296
296
296
296
296
296
296
296
296
296
296
296
296
296
296
296
296
296
296
296
296
296
296
296
296
296
296
296
296
296
296
296
296
296
296
296
296
296
296
296
296
296
296
296
296
296
296
296
296
296
296
296
296
296
296
296
296
296
296
296
296
296
296
296
296
296
296
296
296
296
296
296
296
296
296
296
296
296
296
296
296
296
296
296
296
296
296
296
296
296
296
296
296
296
296
296
296
296
296
296
296
296
296
296
296
296
296
296
296
296
296
296
296
296
296
296
296
296
296
296
296
296
296
296
296
296
296
296
296
296
296
296
296
296
296
296
296
296
296
296
296
296
296
296
296
296
296
296
296
296
296
296
296
296
296
296
296
296
296
296
296
296
296
296
296
296
296
296
296
296
296
296
296
296
296
296
296
296
296
296
296
296
296
296
296
296
296
296
296
296
296
296
296
296
296
296
296
296
296
296
296
296
296
296
296
296
296
296
296
296
296
296
296
296
296
296
296
296
296
296
296
296
296
296
296
296
296
296
296
296
296
296
296
296
296
296
296
296
296
296
296
296
296
296
296
296
296
296
296
296
296
296
296
296
296
296
296
296
296
296
296
296
296
296
296
296
296
296
296
296
296
296
296
296
296
296
296
296
296
296
296
296
296
296
296
296
296
296
296
296
296
296
296
296
296
296
296
296
296
296
296
296
296
296
296
296
296
296
296
296
296
296
296
296
296
296
296
296
296
296
296
296
296
296
296
296
296
296
296
296
296
296
296
296
296
296
296
296
296
296
296
296
296
296
296
296
296
296
296
296
296
296
296
296
296
296
296
296
296
296
296
296
296
296
296
296
296
296
296
296
296
296
296
296
296
296
296
296
296
296
296
296
296
296
296
296
296
296
296
296
296
296
296
296
296
296
296
296
296
296
296
296
296
296
296
296
296
296
296
296
296
296
296
296
296
296
296
296
296
296
296
296
296
296
296
296
296
296
296
296
296
296
296
296
296
296
296
296
296
296
296
296
296
296
296
296
296
296
296
296
296
296
296
296
296
296
296
296
296
296
296
296
296
296
296
296
296
296
296
296
296
296
296
296
296
296
296
296
296
296
296
296
296
296
296
296
296
296
296
296
296
296
296
296
296
296
296
296
296
296
296
296
296
296
296
296
296
296
296
296
296
296
296
296
296
296
296
296
296
296
296
296
296
296
296
296
296
296
296
296
296
296
296
296
296
296
296
296
296
296
296
296
296
296
296
296
296
296
296
296
296
296
296
296
296
296
296
296
296
296
296
296
296
296
296
296
296
296
296
296
296
296
296
296
296
296
296
296
296
296
296
296
296
296
296
296
296
296
296
296
296
296
296
296
296
296
296
296
296
296
296
296
296
296
296
296
296
296
296
296
296
296
296
296
296
296
296
296
296
296
296
296
296
296
296
296
296
296
296
296
296
296
296
296
296
296
296
296
296
296
296
296
296
296
296
296
296
296
296
296
296
296
296
296
296
296
296
296
296
296
296
296
296
296
296
296
296
296
296
296
296
296
296
296
296
296
296
296
296
296
296
296
296
296
296
296
296
296
296
296
296
296
296
296
296
296
296
296
296
296
296
296
296
296
296
296
296
296
296
296
296
296
296
296
296
296
296
296
296
296
296
296
296
296
296
296
296
296
296
296
296
296
296
296
296
296
296
296
296
296
296
296
296
296
296
296
296
296
296
296
296
296
296
296
296
296
296
296
296
296
296
296
296
296
296
296
296
296
296
296
296
296
296
296
296
296
296
296
296
296
296
296
296
296
296
296
296
296
296
296
296
296
296
296
296
296
296
296
296
296
296
296
296
296
296
296
296
296
296
296
296
296
296
296
296
296
296
296
296
296
296
296
296
296
296
296
296
296
296
296
296
296
296
296
296
296
296
296
296
296
296
296
296
296
296
296
296
296
296
296
296
296
296
296
296
296
296
296
296
296
296
296
296
296
296
296
296
296
296
296
296
296
296
296
296
296
296
296
296
296
296
296
296
296
296
296
296
296
296
296
296
296
296
296
296
296
296
296
296
296
296
296
296
296
296
296
296
296
296
296
296
296
296
296
296
296
296
296
296
296
296
296
296
296
296
296
296
296
296
296
296
296
296
296
296
296
296
296
296
296
296
296
296
296
296
296
296
296
296
296
296
296
296
296
296
296
296
296
296
296
296
296
296
296
296
296
296
296
296
296
296
296
296
296
296
296
296
296
296
296
296
296
296
296
296
296
296
296
296
296
296
296
296
296
296
296
296
296
296
296
296
296
296
296
296
296
296
296
296
296
296
296
296
296
296
296
296
296
296
296
296
296
296
296
296
296
296
296
296
296
296
296
296
296
296
296
296
296
296
296
296
296
296
296
296
296
296
296
296
296
296
296
296
296
296
296
296
296
296
296
296
296
296
296
296
296
296
296
296
296
296
296
296
296
296
296
296
296
296
296
296
296
296
296
296
296
296
296
296
296
296
296
296
296
296
296
296
296
296
296
296
296
296
296
296
296
296
296
296
296
296
296
296
296
296
296
296
296
296
296
296
296
296
296
296
296
296
296
296
296
296
296
296
296
296
296
296
296
296
296
296
296
296
296
296
296
296
296
296
296
296
296
296
296
296
296
296
296
296
296
296
296
296
296
296
296
296
296
296
296
296
296
296
296
296
296
296
296
296
296
296
296
296
296
296
296
296
296
296
296
296
296
296
296
296
296
296
296
296
296
296
296
296
296
296
296
296
296
296
296
296
296
296
296
296
296
296
296
296
296
296
296
296
296
296
296
296
296
296
296
296
296
296
296
296
296
296
296
296
296
296
296
296
296
296
296
296
296
296
296
296
296
296
296
296
296
296
296
296
296
296
296
296
296
296
296
296
296
296
296
296
296
296
296
296
296
296
296
296
296
296
296
296
296
296
296
296
296
296
296
296
296
296
296
296
296
296
296
296
296
296
296
296
296
296
296
296
296
296
296
296
296
296
296
296
296
296
296
296
296
296
296
296
296
296
296
296
296
296
296
296
296
296
296
296
296
296
296
296
296
296
296
296
296
296
296
296
296
296
296
296
296
296
296
296
296
296
296
296
296
296
296
296
296
296
296
296
296
296
296
296
296
296
296
296
296
296
296
296
296
296
296
296
296
296
296
296
296
296
296
296
296
296
296
296
296
296
296
296
296
296
296
296
296
296
296
296
296
296
296
296
296
296
296
296
296
296
296
296
296
296
296
296
296
296
296
296
296
296
296
296
296
296
296
296
296
296
296
296
296
296
296
296
296
296
296
296
296
296
296
296
296
296
296
296
296
296
296
296
296
296
296
296
296
296
296
296
296
296
296
296
296
296
296
296
296
296
296
296
296
296
296
296
296
296
296
296
296
296
296
296
296
296
296
296
296
296
296
296
296
296
296
296
296
296
296
296
296
296
296
296
296
296
296
296
296
296
296
296
296
296
296
296
296
296
296
296
296
296
296
296
296
296
296
296
296
296
296
296
296
296
296
296
296
296
296
296
296
296
296
296
296
296
296
296
296
296
296
296
296
296
296
296
296
296
296
296
296
296
296
296
296
296
296
296
296
296
296
296
296
296
296
296
296
296
296
296
296
296
296
296
296
296
296
296
296
296
296
296
296
296
296
296
296
296
296
296
296
296
296
296
296
296
296
296
296
296
296
296
296
296
296
296
296
296
296
296
296
296
296
296
296
296
296
296
296
296
296
296
296
296
296
296
296
296
296
296
296
296
296
296
296
296
296
296
296
296
296
296
296
296
296
296
296
296
296
296
296
296
296
296
296
296
296
296
296
296
296
296
296
296
296
296
296
296
296
296
296
296
296
296
296
296
296
296
296
296
296
296
296
296
296
296
296
296
296
296
296
296
296
296
296
296
296
296
296
296
296
296
296
296
296
296
296
296
296
296
296
296
296
296
296
296
296
296
296
296
296
296
296
296
296
296
296
296
296
296
296
296
296
296
296
296
296
296
296
296
296
296
296
296
296
296
296
296
296
296
296
296
296
296
296
296
296
296
296
296
296
296
296
296
296
296
296
296
296
296
296
296
296
296
296
296
296
296
296
296
296
296
296
296
296
296
296
296
296
296
296
296
296
296
296
296
296
296
296
296
296
296
296
296
296
296
296
296
296
296
296
296
296
296
296
296
296
296
296
296
296
296
296
296
296
296
296
296
296
296
296
296
296
296
296
296
296
296
296
296
296
296
296
296
296
296
296
296
296
296
296
296
296
296
296
296
296
296
296
296
296
296
296
296
296
296
296
296
296
296
296
296
296
296
296
296
296
296
296
296
296
296
296
296
296
296
296
296
296
296
296
296
296
296
296
296
296
296
296
296
296
296
296
296
296
296
296
296
296
296
296
296
296
296
296
296
296
296
296
296
296
296
296
296
296
296
296
296
296
296
296
296
296
296
296
296
296
296
296
296
296
296
296
296
296
296
296
296
296
296
296
296
296
296
296
296
296
296
296
296
296
296
296
296
296
296
296
296
296
296
296
296
296
296
296
296
296
296
296
296
296
296
296
296
296
296
296
296
296
296
296
296
296
296
296
296
296
296
296
296
296
296
296
296
296
296
296
296
296
296
296
296
296
296
296
296
296
296
296
296
296
296
296
296
296
296
296
296
296
296
296
296
296
296
296
296
296
296
296
296
296
296
296
296
296
296
296
296
296
296
296
296
296
296
296
296
296
296
296
296
296
296
296
296
296
296
296
296
296
296
296
296
296
296
296
296
296
296
296
296
296
296
296
296
296
296
296
296
296
296
296
296
296
296
296
296
296
296
296
296
296
296
296
296
296
296
296
296
296
296
296
296
296
296
296
296
296
296
296
296
296
296
296
296
296
296
296
296
296
296
296
296
296
296
296
296
296
296
296
296
296
296
296
296
296
296
296
296
296
296
296
296
296
296
296
296
296
296
296
296
296
296
296
296
296
296
296
296
296
296
296
296
296
296
296
296
296
296
296
296
296
296
296
296
296
296
296
296
296
296
296
296
296
296
296
296
296
296
296
296
296
296
296
296
296
296
296
296
296
296
296
296
296
296
296
296
296
296
296
296
296
296
296
296
296
296
296
296
296
296
296
296
296
296
296
296
296
296
296
296
296
296
296
296
296
296
296
296
296
296
296
296
296
296
296
296
296
296
296
296
296
296
296
296
296
296
296
296
296
296
296
296
296
296
296
296
296
296
296
296
296
296
296
296
296
296
296
296
296
296
296
296
296
296
296
296
296
296
296
296
296
296
296
296
296
296
296
296
296
296
296
296
296
296
296
296
296
296
296
296
296
296
296
296
296
296
296
296
296
296
296
296
296
296
296
296
296
296
296
296
296
296
296
296
296
296
296
296
296
296
296
296
296
296
296
296
296
296
296
296
296
296
296
296
296
296
296
296
296
296
296
296
296
296
296
296
296
296
296
296
296
296
296
296
296
296
296
296
296
296
296
296
296
296
296
296
296
296
296
296
296
296
296
296
296
296
296
296
296
296
296
296
296
296
296
296
296
296
296
296
296
296
296
296
296
296
296
296
296
296
296
296
296
296
296
296
296
296
296
296
296
296
296
296
296
296
296
296
296
296
296
296
296
296
296
296
296
296
296
296
296
296
296
296
296
296
296
296
296
296
296
296
296
296
296
296
296
296
296
296
296
296
296
296
296
296
296
296
296
296
296
296
296
296
296
296
296
296
296
296
296
296
296
296
296
296
296
296
296
296
296
296
296
296
296
296
296
296
296
296
296
296
296
296
296
296
296
296
296
296
296
296
296
296
296
296
296
296
296
296
296
296
296
296
296
296
296
296
296
296
296
296
296
296
296
296
296
296
296
296
296
296
296
296
296
296
296
296
296
296
296
296
296
296
296
296
296
296
296
296
296
296
296
296
296
296
296
296
296
296
296
296
296
296
296
296
296
296
296
296
296
296
296
296
296
296
296
296
296
296
296
296
296
296
296
296
296
296
296
296
296
296
296
296
296
296
296
296
296
296
296
296
296
296
296
296
296
296
296
296
296
296
296
296
296
296
296
296
296
296
296
296
296
296
296
296
296
296
296
296
296
296
296
296
296
296
296
296
296
296
296
296
296
296
296
296
296
296
296
296
296
296
296
296
296
296
296
296
296
296
296
296
296
296
296
296
296
296
296
296
296
296
296
296
296
296
296
296
296
296
296
296
296
296
296
296
296
296
296
296
296
296
296
296
296
296
296
296
296
296
296
296
296
296
296
296
296
296
296
296
296
296
296
296
296
296
296
296
296
296
296
296
296
296
296
296
296
296
296
296
296
296
296
296
296
296
296
296
296
296
296
296
296
296
296
296
296
296
296
296
296
296
296
296
296
296
296
296
296
296
296
296
296
296
296
296
296
296
296
296
296
296
296
296
296
296
296
296
296
296
296
296
296
296
296
296
296
296
296
296
296
296
296
296
296
296
296
296
296
296
296
296
296
296
296
296
296
296
296
296
296
296
296
296
296
296
296
296
296
296
296
296
296
296
296
296
296
296
296
296
296
296
296
296
296
296
296
296
296
296
296
296
296
296
296
296
296
296
296
296
296
296
296
296
296
296
296
296
296
296
296
296
296
296
296
296
296
296
296
296
296
296
296
296
296
296
296
296
296
296
296
296
296
296
296
296
296
296
296
296
296
296
296
296
296
296
296
296
296
296
296
296
296
296
296
296
296
296
296
296
296
296
296
296
296
296
296
296
296
296
296
296
296
296
296
296
296
296
296
296
296
296
296
296
296
296
296
296
296
296
296
296
296
296
296
296
296
296
296
296
296
296
296
296
296
296
296
296
296
296
296
296
296
296
296
296
296
296
296
296
296
296
296
296
296
296
296
296
296
296
296
296
296
296
296
296
296
296
296
296
296
296
296
296
296
296
296
296
296
296
296
296
296
296
296
296
296
296
296
296
296
296
296
296
296
296
296
296
296
296
296
296
296
296
296
296
296
296
296
296
296
296
296
296
296
296
296
296
296
296
296
296
296
296
296
296
296
296
296
296
296
296
296
296
296
296
296
296
296
296
296
296
296
296
296
296
296
296
296
296
296
296
296
296
296
296
296
296
296
296
296
296
296
296
296
296
296
296
296
296
296
296
296
296
296
296
296
296
296
296
296
296
296
296
296
296
296
296
296
296
296
296
296
296
296
296
296
296
296
296
296
296
296
296
296
296
296
296
296
296
296
296
296
296
296
296
296
296
296
296
296
296
296
296
296
296
296
296
296
296
296
296
296
296
296
296
296
296
296
296
296
296
296
296
296
296
296
296
296
296
296
296
296
296
296
296
296
296
296
296
296
296
296
296
296
296
296
296
296
296
296
296
296
296
296
296
296
296
296
296
296
296
296
296
296
296
296
296
296
296
296
296
296
296
296
296
296
296
296
296
296
296
296
296
296
296
296
296
296
296
296
296
296
296
296
296
296
296
296
296
296
296
296
296
296
296
296
296
296
296
296
296
296
296
296
296
296
296
296
296
296
296
296
296
296
296
296
296
296
296
296
296
296
296
296
296
296
296
296
296
296
296
296
296
296
296
296
296
296
296
296
296
296
296
296
296
296
296
296
296
296
296
296
296
296
296
296
296
296
296
296
296
296
296
296
296
296
296
296
296
296
296
296
296
296
296
296
296
296
296
296
296
296
296
296
296
296
296
296
296
296
296
296
296
296
296
296
296
296
296
296
296
296
296
296
296
296
296
296
296
296
296
296
296
296
296
296
296
296
296
296
296
296
296
296
296
296
296
296
296
296
296
296
296
296
296
296
296
296
296
296
296
296
296
296
296
296
296
296
296
296
296
296
296
296
296
296
296
296
296
296
296
296
296
296
296
296
296
296
296
296
296
296
296
296
296
296
296
296
296
296
296
296
296
296
296
296
296
296
296
296
296
296
296
296
296
296
296
296
296
296
296
296
296
296
296
296
296
296
296
296
296
296
296
296
296
296
296
296
296
296
296
296
296
296
296
296
296
296
296
296
296
296
296
296
296
296
296
296
296
296
296
296
296
296
296
296
296
296
296
296
296
296
296
296
296
296
296
296
296
296
296
296
296
296
296
296
296
296
296
296
296
296
296
296
296
296
296
296
296
296
296
296
296
296
296
296
296
296
296
296
296
296
296
296
296
296
296
296
296
296
296
296
296
296
296
296
296
296
296
296
296
296
296
296
296
296
296
296
296
296
296
296
296
296
296
296
296
296
296
296
296
296
296
296
296
296
296
296
296
296
296
296
296
296
296
296
296
296
296
296
296
296
296
296
296
296
296
296
296
296
296
296
296
296
296
296
296
296
296
296
296
296
296
296
296
296
296
296
296
296
296
296
296
296
296
296
296
296
296
296
296
296
296
296
296
296
296
296
296
296
296
296
296
296
296
296
296
296
296
296
296
296
296
296
296
296
296
296
296
296
296
296
296
296
296
296
296
296
296
296
296
296
296
296
296
296
296
296
296
296
296
296
296
296
296
296
296
296
296
296
296
296
296
296
296
296
296
296
296
296
296
296
296
296
296
296
296
296
296
296
296
296
296
296
296
296
296
296
296
296
296
296
296
296
296
296
296
296
296
296
296
296
296
296
296
296
296
296
296
296
296
296
296
296
296
296
296
296
296
296
296
296
296
296
296
296
296
296
296
296
296
296
296
296
296
296
296
296
296
296
296
296
296
296
296
296
296
296
296
296
296
296
296
296
296
296
296
296
296
296
296
296
296
296
296
296
296
296
296
296
296
296
296
296
296
296
296
296
296
296
296
296
296
296
296
296
296
296
296
296
296
296
296
296
296
296
296
296
296
296
296
296
296
296
296
296
296
296
296
296
296
296
296
296
296
296
296
296
296
296
296
296
296
296
296
296
296
296
296
296
296
296
296
296
296
296
296
296
296
296
296
296
296
296
296
296
296
296
296
296
296
296
296
296
296
296
296
296
296
296
296
296
296
296
296
296
296
296
296
296
296
296
296
296
296
296
296
296
296
296
296
296
296
296
296
296
296
296
296
296
296
296
296
296
296
296
296
296
296
296
296
296
296
296
296
296
296
296
296
296
296
296
296
296
296
296
296
296
296
296
296
296
296
296
296
296
296
296
296
296
296
296
296
296
296
296
296
296
296
296
296
296
296
296
296
296
296
296
296
296
296
296
296
296
296
296
296
296
296
296
296
296
296
296
296
296
296
296
296
296
296
296
296
296
296
296
296
296
296
296
296
296
296
296
296
296
296
296
296
296
296
296
296
296
296
296
296
296
296
296
296
296
296
296
296
296
296
296
296
296
296
296
296
296
296
296
296
296
296
296
296
296
296
296
296
296
296
296
296
296
296
296
296
296
296
296
296
296
296
296
296
296
296
296
296
296
296
296
296
296
296
296
296
296
296
296
296
296
296
296
296
296
296
296
296
296
296
296
296
296
296
296
296
296
296
296
296
296
296
296
296
296
296
296
296
296
296
296
296
296
296
296
296
296
296
296
296
296
296
296
296
296
296
296
296
296
296
296
296
296
296
296
296
296
296
296
296
296
296
296
296
296
296
296
296
296
296
296
296
296
296
296
296
296
296
296
296
296
296
296
296
296
296
296
296
296
296
296
296
296
296
296
296
296
296
296
296
296
296
296
296
296
296
296
296
296
296
296
296
296
296
296
296
296
296
296
296
296
296
296
296
296
296
296
296
296
296
296
296
296
296
296
296
296
296
296
296
296
296
296
296
296
296
296
296
296
296
296
296
296
296
296
296
296
296
296
296
296
296
296
296
296
296
296
296
296
296
296
296
296
296
296
296
296
296
296
296
296
296
296
296
296
296
296
296
296
296
296
296
296
296
296
296
296
296
296
296
296
296
296
296
296
296
296
296
296
296
296
296
296
296
296
296
296
296
296
296
296
296
296
296
296
296
296
296
296
296
296
296
296
296
296
296
296
296
296
296
296
296
296
296
296
296
296
296
296
296
296
296
296
296
296
296
296
296
296
296
296
296
296
296
296
296
296
296
296
296
296
296
296
296
296
296
296
296
296
296
296
296
296
296
296
296
296
296
296
296
296
296
296
296
296
296
296
296
296
296
296
296
296
296
296
296
296
296
296
296
296
296
296
296
296
296
296
296
296
296
296
296
296
296
296
296
296
296
296
296
296
296
296
296
296
296
296
296
296
296
296
296
296
296
296
296
296
296
296
296
296
296
296
296
296
296
296
296
296
296
296
296
296
296
296
296
296
296
296
296
296
296
296
296
296
296
296
296
296
296
296
296
296
296
296
296
296
296
296
296
296
296
296
296
296
296
296
296
296
296
296
296
296
296
296
296
296
296
296
296
296
296
296
296
296
296
296
296
296
296
296
296
296
296
296
296
296
296
296
296
296
296
296
296
296
296
296
296
296
296
296
296
296
296
296
296
296
296
296
296
296
296
296
296
296
296
296
296
296
296
296
296
296
296
296
296
296
296
296
296
296
296
296
296
296
296
296
296
296
296
296
296
296
296
296
296
296
296
296
296
296
296
296
296
296
296
296
296
296
296
296
296
296
296
296
296
296
296
296
296
296
296
296
296
296
296
296
296
296
296
296
296
296
296
296
296
296
296
296
296
296
296
296
296
296
296
296
296
296
296
296
296
296
296
296
296
296
296
296
296
296
296
296
296
296
296
296
296
296
296
296
296
296
296
296
296
296
296
296
296
296
296
296
296
296
296
296
296
296
296
296
296
296
296
296
296
296
296
296
296
296
296
296
296
296
296
296
296
296
296
296
296
296
296
296
296
296
296
296
296
296
296
296
296
296
296
296
296
296
296
296
296
296
296
296
296
296
296
296
296
296
296
296
296
296
296
296
296
296
296
296
296
296
296
296
296
296
296
296
296
296
296
296
296
296
296
296
296
296
296
296
296
296
296
296
296
296
296
296
296
296
296
296
296
296
296
296
296
296
296
296
296
296
296
296
296
296
296
296
296
296
296
296
296
296
296
296
296
296
296
296
296
296
296
296
296
296
296
296
296
296
296
296
296
296
296
296
296
296
296
296
296
296
296
296
296
296
296
296
296
296
296
296
296
296
296
296
296
296
296
296
296
296
296
296
296
296
296
296
296
296
296
296
296
296
296
296
296
296
296
296
296
296
296
296
296
296
296
296
296
296
296
296
296
296
296
296
296
296
296
296
296
296
296
296
296
296
296
296
296
296
296
296
296
296
296
296
296
296
296
296
296
296
296
296
296
296
296
296
296
296
296
296
296
296
296
296
296
296
296
296
296
296
296
296
296
296
296
296
296
296
296
296
296
296
296
296
296
296
296
296
296
296
296
296
296
296
296
296
296
296
296
296
296
296
296
296
296
296
296
296
296
296
296
296
296
296
296
296
296
296
296
296
296
296
296
296
296
296
296
296
296
296
296
296
296
296
296
296
296
296
296
296
296
296
296
296
296
296
296
296
296
296
296
296
296
296
296
296
296
296
296
296
296
296
296
296
296
296
296
296
296
296
296
296
296
296
296
296
296
296
296
296
296
296
296
296
296
296
296
296
296
296
296
296
296
296
296
296
296
296
296
296
296
296
296
296
296
296
296
296
296
296
296
296
296
296
296
296
296
296
296
296
296
296
296
296
296
296
296
296
296
296
296
296
296
296
296
296
296
296
296
296
296
296
296
296
296
296
296
296
296
296
296
296
296
296
296
296
296
296
296
296
296
296
296
296
296
296
296
296
296
296
296
296
296
296
296
296
296
296
296
296
296
296
296
296
296
296
296
296
296
296
296
296
296
296
296
296
296
296
296
296
296
296
296
296
296
296
296
296
296
296
296
296
296
296
296
296
296
296
296
296
296
296
296
296
296
296
296
296
296
296
296
296
296
296
296
296
296
296
296
296
296
296
296
296
296
296
296
296
296
296
296
296
296
296
296
296
296
296
296
296
296
296
296
296
296
296
296
296
296
296
296
296
296
296
296
296
296
296
296
296
296
296
296
296
296
296
296
296
296
296
296
296
296
296
296
296
296
296
296
296
296
296
296
296
296
296
296
296
296
296
296
296
296
296
296
296
296
296
296
296
296
296
296
296
296
296
296
296
296
296
296
296
296
296
296
296
296
296
296
296
296
296
296
296
296
296
296
296
296
296
296
296
296
296
296
296
296
296
296
296
296
296
296
296
296
296
296
296
296
296
296
296
296
296
296
296
296
296
296
296
296
296
296
296
296
296
296
296
296
296
296
296
296
296
296
296
296
296
296
296
296
296
296
296
296
296
296
296
296
296
296
296
296
296
296
296
296
296
296
296
296
296
296
296
296
296
296
296
296
296
296
296
296
296
296
296
296
296
296
296
296
296
296
296
296
296
296
296
296
296
296
296
296
296
296
296
296
296
296
296
296
296
296
296
296
296
296
296
296
296
296
296
296
296
296
296
296
296
296
296
296
296
296
296
296
296
296
296
296
296
296
296
296
296
296
296
296
296
296
296
296
296
296
296
296
296
296
296
296
296
296
296
296
296
296
296
296
296
296
296
296
296
296
296
296
296
296
296
296
296
296
296
296
296
296
296
296
296
296
296
296
296
296
296
296
296
296
296
296
296
296
296
296
296
296
296
296
296
296
296
296
296
296
296
296
296
296
296
296
296
296
296
296
296
296
296
296
296
296
296
296
296
296
296
296
296
296
296
296
296
296
296
296
296
296
296
296
296
296
296
296
296
296
296
296
296
296
296
296
296
296
296
296
296
296
296
296
296
296
296
296
296
296
296
296
296
296
296
296
296
296
296
296
296
296
296
296
296
296
296
296
296
296
296
296
296
296
296
296
296
296
296
296
296
296
296
296
296
296
296
296
296
296
296
296
296
296
296
296
296
296
296
296
296
296
296
296
296
296
296
296
296
296
296
296
296
296
296
296
296
296
296
296
296
296
296
296
296
296
296
296
296
296
296
296
296
296
296
296
296
296
296
296
296
296
296
296
296
296
296
296
296
296
296
296
296
296
296
296
296
296
296
296
296
296
296
296
296
296
296
296
296
296
296
296
296
296
296
296
296
296
296
296
296
296
296
296
296
296
296
296
296
296
296
296
296
296
296
296
296
296
296
296
296
296
296
296
296
296
296
296
296
296
296
296
296
296
296
296
296
296
296
296
296
296
296
296
296
296
296
296
296
296
296
296
296
296
296
296
296
296
296
296
296
296
296
296
296
296
296
296
296
296
296
296
296
296
296
296
296
296
296
296
296
296
296
296
296
296
296
296
296
296
296
296
296
296
296
296
296
296
296
296
296
296
296
296
296
296
296
296
296
296
296
78
296
296
296
296
296
296
296
296
296
296
296
296
296
296
296
296
296
296
296
296
296
296
296
296
296
296
296
296
296
296
296
296
296
296
296
296
296
296
296
296
296
296
296
296
296
296
296
296
296
296
296
296
296
296
296
296
296
296
296
296
296
296
296
296
296
296
296
296
296
296
296
296
296
296
296
296
296
296
296
296
296
296
296
296
296
296
296
296
296
296
296
296
296
296
296
296
296
296
296
296
296
296
296
296
296
296
296
296
296
296
296
296
296
296
296
296
296
296
296
296
296
296
296
296
296
296
296
296
296
296
296
296
296
296
296
296
296
296
296
296
296
296
296
296
296
296
296
296
296
296
296
296
296
296
296
296
296
296
296
296
296
296
296
296
296
296
296
296
296
296
296
296
296
296
296
296
296
296
296
296
296
296
296
296
296
296
296
296
296
296
296
296
296
296
296
296
296
296
296
296
296
296
296
296
296
296
296
296
296
296
296
296
296
296
296
296
296
296
296
296
296
296
296
296
296
296
296
296
296
296
296
296
296
296
296
296
296
296
296
296
296
296
296
296
296
296
296
296
296
296
296
296
296
296
296
296
296
296
296
296
296
296
296
296
296
296
296
296
296
296
296
296
296
296
296
296
296
296
296
296
296
296
296
296
296
296
296
296
296
296
296
296
296
296
296
296
296
296
296
296
296
296
296
296
296
296
296
296
296
296
296
296
296
296
296
296
296
296
296
296
296
296
296
296
296
296
296
296
296
296
296
296
296
296
296
296
296
296
296
296
296
296
296
296
296
296
296
296
296
296
296
296
296
296
296
296
296
296
296
296
296
296
296
296
296
296
296
296
296
296
296
296
296
296
296
296
296
296
296
296
296
296
296
296
296
296
296
296
296
296
296
296
296
296
296
296
296
296
296
296
296
296
296
296
296
296
296
296
296
296
296
296
296
296
296
296
296
296
296
296
296
296
296
296
296
296
296
296
296
296
296
296
296
296
296
296
296
296
296
296
296
296
296
296
296
296
296
296
296
296
296
296
296
296
296
296
296
296
296
296
296
296
296
296
296
296
296
296
296
296
296
296
296
296
296
296
296
296
296
296
296
296
296
296
296
296
296
296
296
296
296
296
296
296
296
296
296
296
296
296
296
296
296
296
296
296
296
296
296
296
296
296
296
296
296
296
296
296
296
296
296
296
296
296
296
296
296
296
296
296
296
296
296
296
296
296
296
296
296
296
296
296
296
296
296
296
296
296
296
296
296
296
296
296
296
296
296
296
296
296
296
296
296
296
296
296
296
296
296
296
296
296
296
296
296
296
296
296
296
296
296
296
296
296
296
296
296
296
296
296
296
296
296
296
296
296
296
296
296
296
296
296
296
296
296
296
296
296
296
296
296
296
296
296
296
296
296
296
296
296
296
296
296
296
296
296
296
296
296
296
296
296
296
296
296
296
296
296
296
296
296
296
296
296
296
296
296
296
296
296
296
296
296
296
296
296
296
296
296
296
296
296
296
296
296
296
296
296
296
296
296
296
296
296
296
296
296
296
296
296
296
296
296
296
296
296
296
296
296
296
296
296
296
296
296
296
296
296
296
296
296
296
296
296
296
296
296
296
296
296
