496
479
639
968
632
528
698
715
511
509
878
937
671
497
723
429
422
514
425
753
447
463
695
772
387
559
487
513
786
643
432
470
464
447
437
612
815
404
547
395
404
795
432
551
440
1488
447
483
402
870
810
577
424
749
681
717
785
494
428
423
425
440
892
426
494
595
1028
463
437
756
413
401
622
468
751
397
380
403
907
727
430
406
429
398
530
404
1103
427
448
378
617
389
411
479
439
631
466
1210
445
405
648
428
683
613
401
449
964
429
654
441
406
421
399
421
452
1514
415
449
492
433
683
411
435
404
397
613
384
801
392
397
715
386
392
581
452
512
428
460
424
711
507
388
400
416
425
841
959
543
388
531
397
427
390
430
558
439
506
632
421
400
528
547
424
414
918
610
471
817
1098
449
407
435
1633
394
402
376
420
397
376
656
414
673
404
419
545
522
1247
373
1454
407
611
1233
502
430
486
418
416
389
937
581
405
398
579
585
396
410
537
607
436
397
619
528
393
397
449
388
385
384
392
413
388
1276
408
789
401
397
390
639
396
420
394
391
364
762
1204
549
534
685
396
410
373
474
402
363
1139
433
406
367
408
642
374
576
384
370
390
381
443
368
381
550
426
381
617
404
492
838
394
718
374
382
410
545
391
369
374
614
528
363
476
600
1038
1235
1135
767
382
643
380
954
376
395
662
409
373
542
1434
402
764
389
347
393
386
382
351
1506
359
374
583
1243
353
372
401
415
533
360
639
367
402
1142
380
2978
380
853
386
427
493
373
443
455
416
628
398
385
571
1810
378
390
395
383
376
423
418
485
675
609
363
561
368
622
431
644
661
805
1068
382
675
372
405
405
353
801
450
536
396
370
408
379
373
416
361
525
391
435
351
377
581
461
371
623
583
397
588
644
1275
410
369
391
368
394
420
371
395
402
635
440
361
509
354
664
401
386
524
383
1018
414
376
549
380
381
450
658
484
573
658
723
367
396
408
636
387
400
556
371
392
400
608
375
405
375
384
377
366
663
386
878
422
387
456
344
373
391
354
361
709
398
363
378
576
575
351
380
360
572
346
395
600
392
443
371
385
372
521
349
556
728
362
559
631
479
368
383
395
479
550
384
542
368
381
411
386
384
403
544
400
410
414
428
388
576
377
411
624
423
379
387
472
634
385
608
357
2586
384
672
559
473
384
606
2978
393
574
1118
378
547
548
493
647
387
383
405
411
431
336
409
377
375
915
375
504
593
777
398
560
684
418
501
348
385
397
570
543
801
356
502
563
385
443
384
380
406
563
695
489
420
397
552
367
344
381
404
373
535
506
396
562
526
375
530
401
440
382
341
412
463
467
404
644
357
366
380
372
610
391
360
678
579
340
602
412
370
386
760
640
614
373
602
563
393
512
571
352
611
541
781
503
535
571
365
385
659
409
494
390
372
513
374
372
386
860
678
394
354
540
529
487
588
618
346
444
406
368
360
553
885
613
375
356
394
381
598
392
464
594
389
1203
370
367
372
603
372
591
598
519
577
378
393
874
581
393
406
400
601
378
387
367
569
359
373
381
372
361
364
521
558
579
433
359
388
375
337
363
1018
453
530
478
431
363
369
392
645
353
367
362
538
687
1134
322
422
354
1985
365
421
751
341
398
394
370
364
488
361
647
554
546
597
883
366
435
590
368
647
364
370
413
367
526
374
364
342
348
370
632
633
470
338
350
369
472
430
525
396
710
658
410
618
335
413
406
420
339
360
364
527
448
351
373
366
359
352
464
361
370
393
420
669
657
747
362
365
384
343
383
392
355
657
411
352
361
343
697
375
342
580
398
360
369
372
373
361
386
529
353
366
692
356
381
515
596
340
408
346
357
350
950
355
383
620
678
596
533
357
534
887
578
551
446
376
351
413
353
383
621
341
530
350
365
345
460
388
1243
514
473
530
340
548
2272
366
889
479
510
349
329
560
352
360
371
367
638
351
358
908
388
396
576
574
558
478
377
405
688
621
399
379
548
364
419
371
545
367
356
495
370
334
588
366
428
449
642
383
351
608
385
335
413
605
450
370
361
387
347
348
398
343
658
549
381
434
372
332
485
406
374
380
793
346
1419
447
361
444
383
334
682
335
348
356
486
343
529
361
365
350
553
498
606
443
541
375
355
513
560
387
359
377
593
605
616
385
412
382
364
546
359
351
772
542
360
380
573
377
421
436
599
390
521
556
368
359
363
348
554
669
352
400
364
339
418
626
417
622
931
580
361
489
356
351
348
361
646
377
372
392
326
390
370
567
388
372
424
398
426
346
346
433
392
397
386
376
371
345
559
370
353
448
370
534
565
468
506
570
721
402
545
320
400
383
403
485
566
351
438
570
354
405
566
525
387
318
624
353
366
361
403
572
360
354
416
523
341
415
344
384
352
396
547
343
360
545
584
334
378
346
553
485
571
350
372
405
322
579
407
501
442
618
351
306
371
359
445
651
513
2406
489
493
526
338
548
403
373
342
399
427
351
358
532
371
564
524
340
328
366
509
436
482
388
407
340
367
367
514
415
325
567
611
335
357
399
526
684
374
407
463
519
768
369
362
361
346
472
360
348
369
361
858
485
578
337
417
359
341
352
400
395
417
431
409
553
534
483
371
407
490
813
331
346
354
562
560
515
741
344
477
569
349
402
328
357
352
457
362
498
358
397
342
364
408
488
532
538
354
373
582
352
390
367
367
364
375
406
618
353
377
328
537
882
402
365
352
510
331
359
482
403
337
342
358
548
347
722
775
502
337
365
346
349
347
355
361
526
361
353
352
366
587
491
677
365
364
340
410
346
630
335
300
552
365
373
337
413
361
377
715
382
356
378
371
355
353
571
645
527
332
370
509
577
458
317
534
353
330
440
385
600
358
487
346
528
666
341
325
614
512
492
577
366
370
338
731
547
348
350
342
356
470
388
384
345
358
390
368
357
362
355
381
451
342
368
362
351
497
709
489
334
366
352
358
374
350
554
371
453
559
502
335
321
379
346
359
397
366
538
374
329
336
505
364
355
332
402
398
361
373
532
351
528
330
342
344
353
358
355
562
531
878
449
548
386
342
376
389
365
452
421
376
463
351
342
354
394
549
455
348
357
353
352
461
355
354
659
403
372
334
340
367
559
363
503
907
348
521
367
353
399
378
516
367
525
331
694
378
366
480
358
342
367
338
361
341
571
359
334
578
922
349
614
368
348
355
332
344
658
481
656
357
446
508
532
338
380
384
602
561
418
348
394
405
427
352
510
445
538
353
418
369
330
349
353
344
380
330
355
671
308
348
513
322
359
334
363
352
546
613
400
406
368
530
527
312
384
358
354
368
782
370
538
427
577
395
596
357
365
363
578
533
329
379
357
317
351
357
343
540
316
648
493
366
336
377
598
365
365
325
348
613
340
660
566
348
332
593
853
354
354
362
338
348
338
471
404
565
741
342
361
646
341
423
409
359
495
372
348
448
783
380
346
378
573
349
500
360
363
368
371
339
583
367
540
354
625
488
514
358
360
677
331
371
1040
353
345
372
598
364
358
367
505
364
352
361
382
382
345
524
343
340
377
365
553
334
550
541
660
337
382
679
543
464
594
359
336
379
322
364
347
354
600
512
556
482
413
343
416
444
372
337
617
348
367
336
346
351
385
695
369
346
358
372
534
332
346
357
350
514
348
573
322
492
513
600
523
361
691
611
333
592
367
482
588
379
348
559
466
334
407
692
342
361
660
577
336
350
366
572
355
352
338
351
436
344
335
1212
348
349
360
359
448
482
421
354
476
375
606
317
332
503
398
359
549
382
358
434
347
338
361
355
322
449
458
608
536
370
365
341
324
557
576
362
533
744
345
340
529
367
741
370
553
357
496
370
335
544
527
582
361
600
788
375
426
405
426
344
533
2406
346
342
555
361
393
322
350
482
496
1985
540
568
294
301
508
1068
338
326
342
347
542
353
415
547
376
556
342
600
606
348
352
356
451
431
328
351
354
835
408
364
316
631
612
336
602
359
594
565
347
521
457
319
538
333
368
344
345
359
378
399
930
356
356
462
443
527
435
1043
633
487
459
427
363
375
390
364
382
594
337
480
591
292
521
336
422
436
488
339
371
349
360
375
540
342
395
562
339
483
354
349
486
1131
669
538
370
469
386
606
345
349
551
454
2586
364
351
487
382
346
476
336
355
401
650
363
560
482
611
340
586
341
408
344
333
400
666
342
353
323
372
2272
710
332
703
361
356
369
412
322
344
552
519
558
598
338
626
564
373
800
451
342
310
440
643
396
355
522
543
343
352
322
481
330
368
327
566
346
567
364
344
355
715
350
327
525
367
486
594
368
328
347
342
390
322
351
541
369
637
737
546
550
352
536
356
321
377
473
311
370
350
557
366
395
366
362
915
448
343
332
586
335
346
354
381
396
333
340
646
406
332
685
1098
353
345
311
948
335
330
363
374
456
480
355
705
1246
368
528
362
614
422
531
499
485
659
365
466
741
335
384
377
350
365
367
328
329
540
802
404
370
466
1168
478
507
340
335
433
520
295
328
584
343
510
329
482
349
342
385
310
376
455
364
379
346
540
560
345
343
351
382
357
336
332
397
349
335
840
398
353
523
657
486
409
306
411
343
375
440
534
608
334
632
539
440
659
481
307
340
558
603
337
344
341
366
557
324
570
308
388
425
343
478
406
325
326
360
563
358
357
383
308
362
367
395
357
532
344
331
341
647
294
342
551
329
320
294
323
335
663
314
310
383
496
377
377
320
365
368
521
408
376
323
570
341
343
361
630
588
375
387
503
640
414
543
493
365
316
535
399
420
342
351
323
604
484
333
320
349
341
508
350
547
441
323
346
378
326
349
518
361
356
659
347
432
591
329
357
479
378
409
462
352
349
345
617
323
386
332
576
581
327
1139
342
350
352
330
464
344
2978
609
330
442
434
527
346
486
382
493
526
466
337
319
464
348
400
347
441
445
430
373
373
480
359
465
547
530
353
314
346
472
555
342
355
337
371
535
361
288
639
381
383
323
534
365
521
336
322
363
333
341
527
350
382
327
381
352
362
351
334
374
307
601
336
609
354
327
347
344
587
644
475
314
343
537
338
316
323
339
370
428
451
334
377
350
539
342
334
344
753
312
363
335
467
460
481
367
334
1275
379
494
389
683
579
386
352
495
514
382
355
543
519
528
318
372
548
459
333
309
339
345
338
508
329
378
468
576
323
800
528
364
547
324
350
353
310
646
654
344
299
581
544
639
376
405
346
353
369
685
315
365
303
690
332
516
604
354
314
329
365
346
370
350
391
356
329
349
472
335
640
343
513
359
326
381
347
296
353
389
359
548
602
471
330
420
569
599
362
470
306
360
349
338
337
605
372
297
831
325
390
351
622
332
348
349
518
302
360
487
330
329
320
479
355
346
566
492
329
964
438
433
612
346
327
519
373
2586
349
310
352
659
321
320
322
347
495
366
305
579
362
406
594
364
331
409
482
479
334
337
831
335
421
821
508
357
823
400
374
352
332
583
341
520
502
312
553
327
284
909
529
343
495
303
1662
357
557
314
358
329
322
329
492
346
330
378
607
327
330
467
351
531
671
360
321
345
582
358
314
513
814
371
348
352
322
347
493
339
349
349
318
353
391
336
428
378
308
327
329
362
368
266
391
333
456
320
352
322
325
314
306
548
569
457
337
459
298
499
337
444
519
356
352
325
374
339
300
333
527
366
338
321
448
515
322
414
494
336
1060
363
318
438
524
587
385
539
398
381
603
334
338
346
299
399
334
326
371
515
351
338
378
449
332
375
348
304
381
368
310
361
332
361
326
361
309
581
339
325
320
375
335
360
425
325
424
348
344
563
359
349
560
485
477
547
667
339
1985
305
331
393
573
479
333
489
342
463
330
333
353
327
541
480
653
554
352
620
328
344
322
337
349
486
395
625
321
744
331
355
341
366
348
322
323
369
478
344
384
340
405
324
276
329
359
327
367
379
342
530
313
386
552
332
340
364
351
332
332
872
364
756
362
541
334
361
349
335
646
342
336
558
368
372
350
486
345
316
311
605
325
348
341
340
347
314
547
327
320
351
614
595
327
341
386
321
358
362
375
338
639
360
311
361
401
338
335
469
332
377
502
341
322
357
337
301
358
305
367
537
829
333
348
320
502
648
502
347
370
354
350
340
389
402
592
402
568
333
507
340
413
436
357
370
421
306
307
330
361
610
544
351
318
342
329
366
731
394
320
315
405
338
349
822
548
315
547
333
732
365
694
648
318
337
534
626
354
357
323
309
681
354
364
339
344
511
295
324
300
339
360
621
285
529
325
319
342
404
324
316
338
391
305
322
343
848
302
344
482
354
465
358
336
341
287
316
579
316
619
300
627
325
304
299
324
370
337
355
574
326
380
356
334
468
321
478
309
333
542
338
299
342
665
1063
495
394
350
336
324
342
431
328
337
370
362
299
344
313
358
382
307
374
347
304
332
319
329
330
342
553
303
382
602
300
327
589
353
885
352
418
347
305
437
556
363
317
318
331
341
292
347
304
384
345
335
416
309
301
338
313
476
311
334
329
319
333
503
312
465
370
312
319
351
381
312
313
335
790
612
310
468
460
380
331
343
453
338
345
380
333
309
346
384
327
376
327
650
359
401
325
302
346
336
540
337
300
450
362
294
366
380
304
405
363
577
298
336
311
320
338
329
286
304
530
362
513
596
392
354
351
280
614
366
311
335
466
541
338
296
320
316
461
316
396
300
358
380
425
338
326
317
377
520
350
353
355
412
572
533
315
450
546
344
349
297
821
340
335
350
369
346
429
562
615
738
456
493
330
399
420
339
307
546
345
373
323
870
324
463
354
328
569
353
340
324
356
492
324
545
316
566
359
377
493
348
304
345
324
356
437
298
375
440
329
658
526
568
320
545
353
331
519
483
336
318
500
740
301
331
351
316
323
353
306
294
433
336
324
524
313
311
354
351
341
303
333
328
524
525
295
322
371
1514
308
352
330
344
323
319
354
372
298
635
345
478
348
475
331
381
681
312
336
321
301
331
421
316
359
329
282
361
514
328
316
446
311
560
347
650
349
341
341
584
324
320
313
348
345
325
319
357
406
304
325
349
306
399
329
487
695
345
345
314
379
305
336
365
369
320
462
317
692
324
1643
327
647
486
314
706
337
306
412
345
368
391
363
325
380
327
470
474
352
389
349
480
539
343
331
349
315
876
352
339
297
323
455
439
338
358
324
321
297
353
364
465
382
318
377
323
415
315
352
314
335
417
299
329
322
347
343
353
331
295
301
954
346
314
384
313
386
600
338
398
2406
321
334
338
387
590
519
1741
310
309
350
324
315
351
506
353
324
287
349
333
471
378
502
516
302
389
313
319
313
397
467
528
331
332
532
468
471
433
295
514
336
595
525
331
347
393
309
388
959
493
288
485
342
515
354
404
609
371
354
365
676
436
361
606
477
431
322
497
426
380
537
694
341
577
341
702
308
300
584
529
359
507
513
353
346
502
320
343
404
306
327
322
333
367
338
326
503
301
545
472
299
319
329
355
287
305
618
326
292
534
339
642
289
306
338
538
596
323
482
366
317
315
309
316
281
328
621
310
344
1506
333
331
324
342
354
312
419
632
316
429
324
357
327
307
304
407
346
342
309
357
400
311
328
493
570
263
331
316
395
341
705
303
342
547
304
323
500
442
335
469
316
379
360
412
348
485
317
305
336
289
279
463
311
375
367
335
307
300
480
299
364
318
282
321
322
344
300
348
314
399
342
552
300
333
319
534
523
294
396
547
300
288
297
338
306
554
397
320
461
330
309
331
358
305
310
594
475
300
344
371
597
324
330
319
696
382
371
294
363
276
312
335
538
320
352
343
317
409
292
318
577
339
376
358
454
324
309
341
347
303
457
325
343
305
869
490
330
320
356
330
369
368
362
553
321
833
341
354
406
373
283
521
337
328
289
644
311
375
537
372
327
298
302
327
337
367
600
350
402
370
405
314
354
297
312
354
301
328
349
321
321
287
365
317
289
324
351
392
352
333
465
444
288
365
612
614
306
298
368
308
314
400
383
338
313
711
333
354
312
324
325
311
292
307
338
304
312
295
304
659
342
324
372
423
324
453
316
407
329
506
292
323
516
334
322
331
321
340
479
342
354
319
496
364
325
351
432
874
560
350
324
483
328
351
332
462
524
329
271
352
614
259
324
489
351
325
528
399
323
352
410
346
448
481
376
343
602
319
365
317
327
682
837
340
313
432
299
313
359
575
317
379
282
358
479
639
425
359
348
343
614
309
647
360
283
296
304
358
301
297
706
353
358
316
441
336
571
303
306
443
327
710
356
333
559
519
340
300
318
306
331
503
531
260
288
339
333
362
332
293
313
313
573
897
301
306
282
354
297
395
314
320
349
298
604
302
348
327
332
304
309
308
326
480
455
330
483
425
495
331
465
334
318
300
329
313
340
406
367
378
335
338
313
332
287
362
309
326
614
333
318
309
365
398
276
338
304
306
317
321
296
358
295
308
341
289
315
322
333
614
599
345
387
328
326
339
290
550
347
302
360
323
754
679
298
336
553
487
315
317
276
329
304
303
582
346
325
344
324
543
408
343
383
261
499
336
304
450
337
298
312
412
573
407
298
327
375
599
420
369
309
334
553
322
309
377
452
347
423
347
274
532
407
276
561
286
313
300
580
329
313
465
329
371
283
315
312
307
368
351
1985
337
316
309
320
320
365
331
317
1323
300
302
349
297
314
345
371
375
342
320
325
345
547
459
365
362
498
330
311
315
352
436
546
458
287
283
300
322
282
307
423
309
313
268
304
288
315
499
346
284
398
362
331
339
338
333
373
482
335
333
548
356
409
310
301
339
320
285
370
349
705
337
352
303
293
336
298
349
296
539
374
316
351
307
319
458
476
311
352
576
307
341
483
333
338
312
342
295
364
348
359
719
281
471
314
432
317
398
327
479
310
318
284
532
371
292
393
552
308
326
530
335
311
465
394
331
521
307
342
335
387
332
336
311
458
337
487
458
340
464
432
352
316
413
2272
282
297
297
300
307
383
325
456
277
678
325
362
290
466
342
289
542
340
365
304
596
684
338
332
301
262
309
285
407
320
386
322
307
289
289
405
289
932
332
361
281
310
329
545
303
347
1124
411
340
327
450
537
331
751
328
298
246
696
326
469
311
302
301
305
313
298
411
511
327
286
313
550
325
314
374
305
328
494
286
662
329
298
569
287
315
466
409
578
362
319
333
295
625
457
349
330
289
326
353
448
299
374
315
317
320
367
440
303
305
630
344
393
342
392
312
313
330
314
307
359
510
436
304
303
339
394
302
482
325
645
300
334
353
513
321
332
349
292
561
302
425
378
292
366
1040
293
384
364
289
288
487
292
554
530
398
289
434
283
499
333
314
301
329
371
314
316
323
301
311
575
351
342
337
304
486
351
306
504
299
330
310
337
384
566
367
319
331
321
331
438
130
292
305
302
312
546
355
510
347
361
472
319
303
328
386
426
401
333
325
268
336
350
430
290
319
459
309
587
338
365
306
322
471
270
424
287
327
294
314
342
326
376
573
297
314
299
294
288
790
393
340
607
316
308
304
290
515
284
327
360
308
308
315
608
514
326
319
328
369
279
534
397
341
301
756
352
557
363
343
296
563
320
270
619
272
285
614
286
278
345
458
326
577
345
414
544
289
278
346
237
299
321
309
284
329
362
373
381
479
289
1143
285
357
340
326
358
303
587
506
302
332
371
333
321
521
290
495
372
427
319
273
364
354
219
305
515
296
304
309
309
553
342
318
395
374
293
299
335
519
599
354
275
348
287
330
474
309
303
300
508
544
299
405
355
344
372
324
440
287
302
301
271
299
478
358
434
353
1293
297
321
355
510
325
718
266
368
479
330
484
364
323
330
494
482
342
289
349
278
289
315
318
350
299
341
561
318
306
922
453
358
305
311
337
432
342
364
251
323
756
319
310
275
283
317
313
599
618
332
334
308
273
316
278
269
342
481
273
340
326
336
470
336
324
285
422
330
305
260
294
310
348
595
520
378
257
545
429
308
299
291
321
342
296
1741
363
273
320
306
305
350
317
364
479
312
337
526
448
302
320
484
303
452
395
342
271
340
328
343
293
596
302
283
328
350
600
280
361
347
495
264
664
536
687
306
433
328
319
403
262
344
575
327
658
290
551
453
301
539
301
323
412
270
303
265
329
305
322
296
330
301
333
373
295
307
275
300
545
317
296
291
415
272
340
318
294
439
519
375
266
345
275
363
451
437
387
320
321
299
316
305
263
333
309
289
408
495
320
711
297
441
303
473
318
409
333
321
278
293
484
340
435
312
308
528
556
326
346
262
645
307
276
461
325
295
371
344
315
447
268
327
348
349
275
277
409
290
469
355
293
908
300
278
367
560
544
360
330
401
282
365
594
256
431
325
493
358
384
264
646
291
333
621
321
346
301
307
278
335
552
329
588
284
356
299
265
278
331
315
359
302
276
464
330
341
295
294
357
277
323
433
370
369
717
381
242
539
290
320
305
303
550
1018
299
376
293
280
282
445
314
325
354
446
443
306
280
263
352
692
316
263
424
304
288
549
288
325
293
514
274
356
290
361
304
268
409
480
550
319
328
542
260
361
312
280
314
301
336
281
283
289
269
293
624
343
849
266
296
332
495
361
1145
281
613
467
328
511
347
312
307
264
312
459
267
411
291
424
324
397
399
277
366
446
335
307
344
522
242
368
288
312
529
349
326
365
396
341
308
302
339
559
325
377
298
326
313
279
321
261
510
290
506
396
281
516
261
318
403
329
315
273
280
321
369
340
506
345
258
298
245
317
354
434
369
279
288
330
344
325
350
271
417
338
323
299
433
360
274
341
345
1131
270
271
308
678
462
259
301
327
402
341
1499
271
323
341
583
290
317
303
346
600
1293
442
321
404
307
305
257
833
344
459
261
333
262
310
400
635
329
355
866
316
298
274
300
309
563
323
472
360
306
350
644
271
401
266
350
322
308
400
312
302
271
325
505
319
289
283
358
347
447
273
314
298
731
296
447
278
314
577
350
328
279
329
344
259
283
291
284
325
315
322
339
349
354
473
264
386
574
330
312
588
337
308
342
317
777
275
327
281
283
313
302
344
324
289
340
283
243
285
666
260
279
322
258
372
287
240
283
320
537
274
290
271
322
317
335
322
657
324
295
318
299
267
448
515
878
362
484
482
338
452
314
401
294
294
257
289
298
445
526
566
306
345
488
320
329
374
342
642
352
279
503
326
256
345
391
569
261
289
326
323
343
317
281
275
256
599
384
304
296
513
379
365
250
282
285
290
253
308
308
421
284
432
313
277
317
286
447
275
262
360
293
389
464
296
252
304
298
354
338
306
379
405
272
404
587
362
437
453
288
261
395
313
340
326
365
407
430
315
276
385
405
427
323
500
290
309
278
335
487
249
319
321
317
330
312
310
318
334
360
2978
268
276
351
287
427
329
320
317
385
319
319
279
347
404
270
360
277
297
273
285
302
333
605
248
368
598
303
629
451
270
272
518
257
396
287
288
576
480
355
360
282
525
312
361
300
320
293
310
333
313
339
284
305
352
409
568
444
371
422
311
244
646
282
424
324
308
702
287
409
361
314
265
208
299
314
447
327
303
713
317
280
353
297
303
419
392
352
333
326
251
374
286
261
492
318
439
433
346
247
260
310
283
304
389
308
255
256
280
314
586
319
236
295
314
472
250
332
294
311
288
293
309
359
342
362
342
262
282
300
308
460
326
335
357
331
310
284
305
319
294
348
266
251
265
274
308
358
571
1574
566
299
257
297
260
289
341
346
440
309
298
309
462
505
502
407
325
405
252
569
323
281
290
373
341
248
259
320
262
343
307
357
339
566
540
273
368
288
296
266
270
260
338
385
296
699
280
273
286
252
317
676
451
356
313
315
397
316
520
334
327
887
275
404
501
323
299
402
324
324
458
278
437
284
480
302
436
346
331
301
323
329
371
280
1662
373
274
258
293
471
252
357
333
270
325
266
271
266
298
341
456
322
353
284
288
289
659
348
438
285
308
425
287
462
300
335
269
284
325
293
368
282
312
738
312
372
365
291
323
298
390
298
312
287
477
500
453
388
268
314
343
316
276
548
287
333
333
322
582
270
308
341
393
596
310
283
330
319
236
283
260
307
305
319
315
251
280
315
333
318
314
313
272
208
469
436
302
301
462
293
274
310
307
281
243
293
319
247
540
287
318
331
277
331
359
366
284
280
285
314
322
357
455
303
537
268
332
340
292
296
314
465
242
874
298
308
255
265
317
415
274
334
501
315
359
373
164
643
361
284
312
297
352
308
321
275
561
320
287
270
313
320
327
336
294
267
352
274
303
287
349
326
305
501
341
528
283
305
427
360
646
323
310
307
386
302
278
327
535
322
330
258
296
588
381
391
470
355
491
332
297
261
410
465
268
288
296
310
356
285
313
289
308
299
279
282
314
279
322
309
306
513
286
253
358
267
304
337
288
261
258
276
488
276
297
256
247
355
265
276
274
293
310
292
322
303
276
328
340
281
250
270
326
282
265
337
286
301
279
297
340
293
352
461
261
359
238
789
319
274
292
284
266
270
263
292
297
318
282
245
331
328
276
297
281
274
320
375
417
319
267
570
334
575
476
319
273
304
273
315
355
337
463
283
299
288
413
469
476
311
361
282
352
309
286
276
336
333
292
382
283
541
294
239
353
451
443
298
371
305
256
293
288
269
333
229
235
286
308
239
305
708
256
315
334
328
257
286
249
302
328
325
611
441
463
443
293
335
276
607
253
340
274
358
250
274
317
379
545
304
296
314
336
269
405
308
329
551
496
271
909
262
267
396
377
284
308
274
414
334
365
339
664
314
311
284
362
338
293
690
307
261
682
296
291
315
280
269
529
299
651
304
351
334
355
332
262
296
291
337
260
243
638
329
801
292
301
335
251
288
431
365
275
292
271
363
210
288
353
236
366
283
460
309
334
259
333
419
323
883
840
274
326
328
281
313
276
288
302
361
261
334
612
271
286
272
260
277
308
313
327
330
329
410
311
278
793
596
395
220
248
334
567
288
305
291
278
299
310
600
388
284
309
302
555
285
310
274
303
315
276
295
318
313
304
273
299
351
280
268
418
304
301
268
328
290
302
307
286
461
262
504
244
607
316
313
356
283
403
265
255
307
301
280
476
313
247
278
327
309
424
287
292
308
287
321
814
286
318
1013
306
307
327
289
304
470
545
303
322
292
292
504
312
266
250
288
592
293
327
333
287
264
333
294
639
278
349
327
438
265
342
264
304
260
281
340
258
294
333
439
500
277
290
359
275
295
474
396
317
290
264
395
269
605
303
253
266
430
284
327
663
300
231
260
423
543
461
311
561
275
577
266
335
266
300
299
275
283
294
325
254
319
339
273
355
243
309
532
349
324
271
629
254
273
287
505
326
535
304
205
466
271
453
404
358
272
242
282
316
310
269
269
335
290
259
611
264
435
318
516
429
304
235
275
364
330
467
317
543
270
532
303
619
235
347
385
234
284
357
402
502
362
337
361
355
277
326
263
284
307
303
328
239
353
242
279
312
678
521
423
364
449
225
280
299
292
256
323
284
251
284
696
275
321
325
293
278
553
290
261
325
347
234
336
308
623
328
255
284
383
284
469
373
301
324
307
263
300
184
294
1323
545
503
466
423
312
277
161
239
375
238
550
297
319
376
296
266
248
488
225
298
299
1145
256
297
315
319
350
246
342
376
325
324
324
251
390
138
251
278
251
429
261
342
300
315
329
297
297
349
560
255
282
266
435
327
287
336
441
380
560
250
291
439
283
312
435
415
277
426
296
268
301
932
265
268
703
298
296
344
334
300
238
298
305
244
728
480
302
470
334
258
280
266
334
251
282
283
345
314
282
356
281
294
243
285
288
282
312
470
278
312
317
242
328
279
303
299
281
259
263
813
507
263
255
296
579
238
324
225
310
261
241
283
275
356
288
267
293
326
287
298
267
314
366
404
283
289
323
227
311
475
375
260
264
342
713
692
263
293
341
360
289
297
198
278
262
252
320
261
261
640
317
286
396
494
276
269
256
267
172
248
283
335
321
262
432
253
339
421
431
247
290
303
280
271
279
282
280
341
461
291
287
270
244
273
300
246
325
324
339
408
289
317
324
247
395
499
372
295
300
344
311
319
318
266
254
356
329
258
310
627
274
287
263
300
585
530
328
525
279
316
264
1145
273
296
333
249
312
312
536
283
315
478
275
286
558
280
330
319
337
322
245
277
316
323
275
459
256
375
266
543
395
268
327
282
227
459
507
389
351
291
296
325
229
292
248
247
295
298
493
289
403
289
500
270
586
302
285
364
265
247
273
506
265
313
314
260
552
366
226
304
355
255
341
321
1633
229
224
248
250
266
346
265
257
215
282
255
335
235
229
520
314
307
655
628
738
888
343
298
274
408
233
262
309
365
332
306
278
277
261
328
315
284
275
262
314
404
346
355
321
382
391
286
320
267
330
308
311
292
342
310
267
593
299
483
269
268
195
371
275
230
252
291
317
305
301
385
308
295
238
274
292
273
308
274
273
268
269
304
245
223
202
294
288
238
386
738
285
236
258
297
274
320
233
324
325
254
291
545
333
304
279
325
602
283
287
305
192
341
291
269
658
303
345
293
198
360
245
288
280
271
225
282
289
322
202
241
247
299
350
257
267
321
364
319
339
348
383
324
344
314
306
337
426
270
188
596
327
359
328
334
339
300
259
346
556
486
301
320
228
232
236
249
240
348
296
480
309
328
268
248
271
316
206
316
278
254
275
256
252
234
302
268
230
337
243
296
228
574
295
302
225
246
503
290
209
298
524
505
247
239
545
314
273
319
200
314
246
303
275
299
266
325
233
349
317
329
257
276
360
288
266
324
303
289
254
299
278
480
267
230
304
320
305
284
243
245
240
300
300
289
321
262
328
326
303
337
267
357
377
260
243
289
230
250
257
284
454
276
305
249
301
308
271
781
278
232
326
238
484
279
353
262
782
289
256
295
314
341
284
291
593
274
270
287
230
283
236
292
299
278
362
248
271
448
299
260
332
249
562
221
263
243
315
224
252
245
174
314
282
286
295
268
262
1028
489
274
327
293
246
509
318
248
288
245
327
279
319
300
319
296
324
344
276
469
259
624
239
378
292
319
398
214
313
305
254
218
566
308
260
262
288
367
255
273
265
293
315
355
477
154
338
317
344
288
291
530
596
307
293
247
322
303
309
289
246
470
271
276
1499
394
236
253
257
313
238
553
308
337
286
300
504
312
346
430
277
708
306
240
480
598
318
363
262
284
202
480
275
289
519
308
282
243
220
235
227
569
326
241
285
339
336
130
323
293
342
332
271
238
499
311
288
310
282
308
290
483
403
293
254
538
262
613
302
364
239
283
261
326
283
312
295
285
243
272
379
383
279
257
303
279
348
1275
252
294
250
297
274
352
275
305
259
383
464
288
270
266
271
276
284
283
262
289
279
289
335
297
242
269
301
401
225
252
290
289
325
245
336
423
247
239
238
308
286
624
238
294
252
266
289
286
341
270
240
230
294
363
251
290
340
244
288
292
341
335
282
275
2272
339
260
250
206
291
358
253
399
267
256
354
325
276
405
304
283
249
335
502
537
285
317
313
340
281
296
226
318
305
273
289
224
333
223
274
386
313
310
239
238
303
238
334
229
440
256
253
293
330
888
212
525
265
395
415
286
1662
315
270
227
685
253
306
352
224
520
231
255
279
344
270
355
762
390
246
295
335
277
622
525
251
287
253
330
262
294
333
295
254
230
418
363
395
262
266
245
371
227
432
822
242
261
199
264
213
231
296
375
286
450
257
214
302
237
268
419
218
305
263
353
550
188
272
312
417
239
236
300
227
273
247
305
259
152
280
291
210
447
255
323
253
276
598
396
275
227
295
261
269
277
385
344
241
233
665
448
219
258
233
265
456
289
438
247
273
579
294
296
226
289
325
267
264
318
276
269
274
272
302
512
292
350
364
218
322
263
231
321
301
263
464
293
329
288
480
406
244
481
271
373
281
349
311
393
286
299
323
302
233
298
247
606
296
271
269
508
311
314
530
304
291
358
279
247
333
258
289
237
269
285
370
289
277
269
480
248
363
318
294
337
180
1980
296
287
311
250
223
357
145
251
223
219
340
238
311
232
257
541
264
241
254
290
356
247
251
265
284
275
263
238
251
262
313
376
255
246
258
445
810
506
340
370
213
280
286
191
390
262
314
360
187
195
219
205
338
299
249
1332
277
268
297
215
442
252
208
320
314
245
301
245
268
616
296
253
608
272
465
261
253
260
421
236
289
319
274
323
284
249
331
284
348
504
264
240
250
649
324
222
564
306
323
195
252
505
216
483
342
268
364
244
403
294
253
253
263
592
316
349
204
226
367
355
298
363
343
284
248
305
336
220
367
242
251
259
231
239
321
308
301
358
332
305
441
289
204
241
292
272
192
244
239
263
341
360
301
336
269
269
331
278
325
265
438
553
374
234
355
294
279
518
281
239
221
266
254
304
291
249
315
244
242
261
237
516
322
344
285
234
240
332
575
271
311
224
314
345
275
279
331
224
365
239
273
168
304
250
239
279
286
279
248
298
248
177
259
331
535
321
211
250
251
259
237
295
313
237
511
271
255
226
265
358
229
320
339
247
480
258
246
284
261
227
598
217
313
280
347
298
278
569
270
274
480
243
227
276
267
335
218
231
229
1456
279
254
218
377
425
405
276
313
244
316
334
351
353
268
304
255
292
308
311
245
373
428
299
231
245
527
186
270
282
281
254
259
266
181
574
299
239
243
272
210
357
287
467
244
275
233
229
776
267
241
255
269
246
435
164
296
504
222
257
256
323
312
180
352
240
247
264
197
233
246
344
241
298
376
144
218
293
317
258
253
196
241
333
294
317
268
213
171
314
223
254
293
310
279
270
275
405
480
222
730
363
362
274
212
259
253
253
174
230
290
424
368
265
235
294
242
391
546
380
169
286
260
207
231
284
249
331
280
286
457
220
211
158
245
244
297
279
239
272
950
217
242
245
258
287
267
286
282
253
471
1060
1050
338
319
485
373
221
326
204
188
269
306
480
566
243
338
300
326
292
329
266
247
339
244
315
327
317
229
285
514
230
233
397
280
296
265
313
287
387
507
477
212
388
218
212
197
287
149
366
247
190
261
270
241
243
244
325
253
301
384
328
276
262
206
315
278
195
321
374
263
386
264
168
315
220
238
242
263
332
257
403
302
439
266
239
252
349
331
288
425
203
237
280
233
199
273
245
238
239
335
240
373
347
504
401
241
227
300
244
201
247
260
286
244
279
255
278
278
243
256
326
253
197
329
835
271
655
237
340
134
243
199
195
294
224
232
221
299
443
278
269
267
294
582
282
267
261
246
300
482
259
293
443
239
545
178
286
219
299
125
337
263
280
303
253
240
225
356
246
258
558
245
654
285
329
288
327
281
204
256
294
541
231
279
242
217
274
336
221
289
338
331
287
258
239
214
216
173
378
269
251
330
284
261
254
541
279
299
221
232
279
235
277
601
531
330
397
219
235
282
162
250
148
306
357
244
324
472
410
287
192
278
238
255
270
224
239
179
285
233
224
596
354
360
279
230
211
304
262
255
244
340
241
229
276
130
197
239
321
256
313
228
227
290
299
259
276
233
248
284
233
305
247
319
235
237
227
1436
626
338
195
247
236
361
350
366
290
293
162
258
209
238
296
358
246
312
278
218
238
244
295
210
346
228
264
291
323
232
278
480
444
276
296
274
550
231
589
271
236
244
327
198
394
1013
268
476
167
532
276
341
484
323
121
508
310
238
231
278
288
247
274
246
268
261
254
179
225
232
480
255
356
209
174
287
357
254
219
511
581
297
311
215
197
256
285
225
183
326
236
273
185
356
247
240
305
237
306
299
528
248
241
226
653
203
240
1050
459
271
232
141
422
308
283
221
493
264
209
243
172
268
252
256
311
243
354
265
372
313
321
251
276
321
287
205
160
285
361
269
277
424
361
392
359
303
501
226
188
283
221
553
364
392
305
338
233
264
280
229
253
276
395
316
234
332
272
231
231
231
323
362
823
167
261
275
255
312
229
542
218
215
289
312
221
392
276
321
281
236
282
304
480
241
410
224
695
334
639
468
209
537
290
261
260
535
277
328
306
294
257
239
190
368
293
306
293
282
246
209
220
177
291
227
370
239
298
538
314
270
285
346
215
344
286
232
434
295
249
379
480
248
538
311
246
256
573
258
179
343
286
357
480
187
277
374
272
373
248
428
314
480
308
278
596
224
248
686
289
246
264
249
266
228
333
275
463
334
607
246
270
333
289
260
253
217
186
214
278
341
663
235
292
288
480
192
170
281
242
218
313
318
190
240
200
262
513
325
369
294
222
281
305
231
480
247
294
281
212
458
288
307
356
246
393
282
260
233
295
170
212
289
204
246
266
328
259
510
248
257
292
330
647
275
213
176
247
275
456
314
245
186
231
144
333
335
234
326
336
328
289
145
303
244
286
214
209
335
463
336
505
183
208
286
271
563
328
178
503
254
480
272
532
198
172
372
631
247
405
190
302
546
255
260
283
243
1258
254
322
324
334
357
2586
229
212
198
124
245
291
247
306
295
314
329
314
335
298
255
248
275
339
228
241
314
207
320
248
271
208
277
274
418
268
235
249
312
244
347
421
252
209
121
256
417
217
292
230
701
249
295
270
174
304
232
185
263
239
356
411
480
387
284
203
527
259
259
562
293
244
480
235
480
257
192
263
480
177
259
280
407
141
265
574
219
444
480
198
547
556
234
256
313
274
369
306
469
266
245
271
480
247
228
201
271
315
228
213
261
170
229
480
183
232
246
291
245
190
897
236
245
215
234
323
296
303
707
571
290
480
541
266
710
576
295
235
480
370
228
338
237
267
179
251
241
556
320
246
215
239
185
206
289
294
270
336
275
324
201
215
246
227
245
236
312
309
222
303
496
247
146
494
288
480
256
236
234
387
1204
250
283
640
298
139
161
352
480
240
257
346
194
239
232
320
1210
300
340
275
302
282
249
310
198
230
245
310
313
226
230
273
193
227
231
297
275
265
245
261
229
385
335
480
194
347
241
250
293
273
136
209
159
233
313
233
165
237
161
308
236
298
158
245
259
197
304
305
414
279
175
193
243
251
578
320
502
237
296
210
254
240
352
279
188
344
294
238
153
201
263
307
297
235
261
303
383
219
241
218
200
268
321
560
191
455
275
1293
300
192
305
239
270
218
264
299
299
215
273
185
334
234
251
264
309
480
280
305
145
256
480
307
639
395
210
239
156
480
143
328
174
342
276
322
277
285
244
238
261
480
199
230
234
480
520
284
291
244
240
223
1323
472
266
234
480
270
312
257
278
165
285
312
200
227
199
223
223
184
299
306
219
234
317
516
214
559
1506
281
239
241
224
545
223
480
480
234
266
241
256
340
356
355
292
236
263
283
258
256
225
275
176
233
184
151
506
207
203
251
272
495
208
279
275
209
157
288
236
286
256
218
300
264
257
553
194
407
299
276
185
337
883
390
247
177
220
480
255
245
248
335
550
234
263
414
225
125
156
338
157
202
282
277
227
381
239
323
248
147
230
295
260
257
254
217
206
262
335
564
196
480
234
125
480
248
435
237
248
256
237
480
231
222
431
137
217
212
386
200
193
480
310
210
158
235
242
185
479
242
480
256
269
266
188
293
291
221
293
302
251
480
275
254
453
243
242
239
441
275
246
142
276
266
271
228
190
242
314
340
480
480
241
480
374
244
142
265
307
480
264
359
240
278
246
209
265
312
278
120
275
342
561
238
260
131
170
282
506
527
228
198
209
350
201
265
246
238
285
776
302
163
297
165
480
488
249
258
275
213
480
628
229
480
480
154
203
1574
316
276
226
234
236
349
253
385
206
203
221
255
276
323
273
188
459
480
198
367
249
239
489
162
262
654
292
253
186
267
290
218
144
250
140
264
595
163
247
348
238
136
466
256
266
202
192
184
621
191
210
244
298
278
356
171
628
369
415
275
215
267
226
219
233
194
225
226
252
132
309
305
351
254
282
231
258
399
213
287
198
330
480
313
471
1434
305
282
180
875
410
356
232
214
127
393
164
333
258
281
166
192
263
165
235
253
242
263
243
260
244
265
189
254
166
480
217
200
369
166
624
208
480
480
211
224
480
242
196
219
199
300
179
270
480
388
464
207
216
1247
300
263
336
509
329
156
554
480
480
316
266
270
262
173
480
327
301
219
533
283
271
278
184
263
396
273
124
399
553
265
248
329
203
173
199
466
184
250
481
400
239
250
229
300
473
160
291
354
206
397
275
278
182
135
480
480
243
533
246
480
493
296
593
480
265
362
243
155
246
480
341
273
238
272
130
241
233
361
354
149
319
199
199
292
523
480
277
267
284
252
188
212
138
320
182
206
354
185
520
480
257
424
224
188
221
205
480
330
250
618
313
191
195
284
265
267
480
240
290
544
268
457
338
553
323
165
433
304
308
242
358
480
286
234
149
604
254
235
300
366
262
221
223
175
255
244
188
193
193
264
237
188
257
206
253
277
166
236
304
262
181
315
244
489
236
276
313
227
242
170
480
152
347
250
158
204
500
477
241
321
297
480
534
480
276
282
180
316
274
254
242
218
435
201
286
247
261
155
515
245
223
761
158
203
282
198
289
333
240
218
234
480
286
136
480
193
625
217
372
464
491
314
278
249
141
177
214
526
217
257
277
358
313
317
294
214
142
287
203
352
378
327
149
2406
206
480
239
220
264
220
480
203
219
240
292
325
460
320
582
178
332
453
356
293
311
120
207
123
239
177
215
242
480
305
223
191
255
551
476
347
433
214
224
251
247
328
238
205
161
205
240
480
312
205
231
214
291
331
256
145
222
225
173
229
193
205
233
146
480
299
168
347
480
319
358
480
480
130
238
299
331
297
316
293
282
238
267
239
220
235
288
480
922
205
264
480
181
187
275
244
217
254
1456
243
264
452
299
264
480
120
480
162
432
169
228
289
280
132
301
177
480
355
263
744
233
319
246
303
200
239
289
145
278
232
268
244
258
235
1810
280
310
411
205
480
930
245
265
243
284
152
198
728
480
150
291
240
299
277
480
132
242
216
303
144
249
431
227
209
555
239
150
283
151
363
231
216
197
499
243
206
248
316
182
280
273
203
138
193
581
304
277
480
239
168
165
456
132
296
227
480
296
218
246
277
491
213
222
240
331
281
216
682
480
211
209
294
480
480
259
158
480
214
371
332
120
265
240
123
239
480
170
238
229
122
383
249
269
227
282
156
272
272
266
285
249
240
205
249
183
589
122
480
221
251
849
480
183
260
300
331
248
247
219
264
174
223
135
176
268
277
163
298
251
252
211
230
212
161
126
339
145
480
226
242
236
221
480
396
480
256
227
180
158
275
255
215
195
225
685
480
210
480
253
268
405
480
295
365
255
160
241
253
159
179
333
480
537
1741
390
215
480
266
239
245
283
211
318
309
208
237
287
479
217
361
238
184
249
236
188
135
210
216
225
319
265
165
302
207
205
216
121
199
125
291
154
269
302
263
325
245
248
182
252
483
480
246
480
495
480
209
321
120
308
480
346
211
248
230
513
182
325
375
236
613
272
284
225
186
250
299
219
481
153
349
231
273
617
379
189
358
134
191
321
171
480
156
273
164
239
346
485
274
276
327
254
480
480
316
214
200
198
161
238
219
193
303
148
230
346
532
337
172
280
480
496
272
265
372
333
338
144
331
375
480
480
480
168
196
209
195
250
260
145
177
308
321
480
410
262
254
197
287
243
222
214
221
124
196
198
225
212
391
221
176
701
215
144
287
332
132
237
210
316
201
480
138
250
233
334
272
715
251
247
162
184
287
216
480
160
198
263
231
137
480
192
480
198
333
337
120
202
166
365
218
480
480
186
138
480
210
556
793
307
222
393
233
480
121
233
302
207
129
909
242
238
480
362
273
480
153
327
247
197
261
309
335
289
600
247
197
272
236
180
377
367
197
272
212
268
269
286
127
240
480
211
480
174
308
526
480
266
324
212
159
164
480
226
296
480
327
208
480
120
151
277
240
122
270
287
480
253
290
242
168
226
355
621
169
372
480
261
193
186
161
218
397
480
184
249
480
164
136
480
480
215
120
167
253
832
188
263
127
397
211
270
187
190
213
270
230
273
251
548
195
236
243
215
480
143
303
280
241
287
251
169
328
246
319
480
249
332
480
182
213
215
480
480
254
208
161
269
240
270
192
472
259
480
218
612
318
480
265
480
351
280
244
480
150
480
480
153
260
182
306
165
335
184
241
170
186
186
258
218
277
197
194
292
227
223
222
203
121
522
480
187
280
1094
185
268
232
170
528
229
216
376
230
860
250
520
186
243
205
264
292
582
159
238
215
229
480
127
379
246
152
211
480
206
216
237
297
231
151
480
240
240
214
264
289
258
218
176
176
224
183
210
143
166
285
129
243
128
120
229
212
1124
166
558
256
314
480
257
480
370
122
144
480
255
304
317
122
480
480
397
205
480
229
196
191
158
400
322
234
480
539
480
221
304
242
201
149
219
230
284
153
235
480
184
216
203
299
212
185
176
195
480
293
599
338
295
761
511
191
263
267
184
229
159
480
284
240
480
187
284
332
435
215
323
123
395
242
248
239
299
247
271
232
247
480
346
480
480
132
480
139
265
186
371
242
354
188
263
195
480
260
151
188
480
120
480
136
245
171
188
480
541
152
128
228
232
267
282
480
190
238
520
321
248
480
417
194
251
480
207
190
381
211
195
209
235
120
325
245
220
141
221
480
480
480
195
312
202
253
212
172
222
338
153
576
480
239
267
271
170
148
439
265
272
243
194
214
316
480
149
518
263
480
168
240
200
158
202
300
258
208
480
185
288
257
199
480
220
300
299
206
837
183
172
289
176
281
487
241
168
235
232
246
237
153
480
144
202
750
133
201
480
191
318
218
527
524
480
174
480
160
193
480
190
480
480
208
266
435
237
191
480
480
187
480
200
287
197
1499
337
176
156
273
279
480
213
429
216
195
306
222
715
480
207
480
380
208
480
480
199
263
466
218
204
215
480
218
480
262
229
357
240
253
402
168
416
196
160
220
480
480
249
127
165
127
222
343
303
210
309
170
480
480
254
139
271
480
260
519
235
552
217
253
301
480
304
152
307
240
135
480
480
434
249
206
239
480
156
254
480
136
260
170
327
253
459
137
245
138
210
251
187
480
280
480
147
480
216
204
493
480
480
480
220
159
235
129
253
218
410
480
220
190
215
270
480
141
224
249
178
271
276
201
396
254
179
504
215
271
120
189
220
480
480
480
204
335
277
263
176
121
480
530
168
292
269
245
281
480
284
561
241
882
202
179
480
237
197
295
219
215
247
252
263
258
525
219
262
480
186
204
192
240
480
401
284
209
266
278
508
132
209
270
131
480
159
480
713
480
480
291
480
345
174
342
480
183
533
160
247
480
120
184
480
247
260
154
145
217
227
230
458
480
480
211
226
480
186
480
315
192
327
480
203
251
189
480
212
480
186
480
149
480
253
141
277
480
174
246
265
480
480
480
480
480
480
483
289
480
480
240
266
240
480
197
480
201
188
245
480
480
137
270
195
299
223
156
211
480
764
282
480
120
416
167
239
480
190
224
480
232
225
500
472
480
480
120
177
206
480
278
458
480
216
286
838
288
146
480
480
479
255
218
123
262
288
218
243
480
121
480
353
547
136
480
480
279
480
160
354
150
311
231
468
181
269
286
284
237
296
230
186
195
696
507
310
123
480
126
577
231
480
175
285
281
480
242
252
480
181
209
480
244
300
326
257
749
311
242
476
148
192
177
159
196
295
180
128
590
304
209
242
232
480
126
196
480
150
188
282
387
241
230
254
191
184
480
201
135
480
142
222
480
337
550
480
253
206
136
120
480
480
284
166
858
228
246
268
120
192
480
335
307
480
307
155
258
244
480
294
332
239
231
277
264
480
480
214
195
121
286
182
156
234
480
312
121
480
312
303
245
207
240
275
186
480
480
480
145
192
476
480
224
480
264
442
480
480
137
127
187
329
288
480
480
136
262
133
285
481
237
480
213
160
125
404
480
208
241
253
310
480
200
480
480
480
242
170
235
581
273
480
480
199
201
242
1419
284
246
480
233
526
320
480
208
167
120
291
480
184
235
236
376
226
216
178
197
480
663
480
480
265
480
480
354
1225
342
248
172
267
229
292
480
262
480
299
333
153
301
296
601
480
286
276
480
480
311
261
147
194
1741
274
496
205
480
270
480
185
279
171
480
198
125
480
180
480
291
171
480
479
249
189
265
137
548
214
255
245
327
120
480
480
480
159
156
480
185
156
480
480
223
313
285
154
480
480
349
480
322
210
279
480
220
217
330
341
225
596
480
146
198
480
178
181
480
480
231
222
328
125
173
215
243
480
203
189
146
168
171
150
152
338
327
162
141
127
553
265
166
480
284
224
480
367
228
159
184
480
535
298
176
273
270
168
319
457
124
120
480
480
132
239
268
480
140
125
211
256
480
122
256
480
122
250
450
202
480
480
263
207
480
176
211
218
336
194
187
518
480
479
480
302
276
480
187
480
480
169
207
480
480
291
172
453
183
237
480
124
303
191
196
163
244
480
379
301
249
135
2586
233
692
493
276
324
188
480
480
238
480
480
322
167
488
480
154
189
480
480
143
310
258
480
220
258
120
480
200
480
195
480
277
480
281
280
245
282
134
480
207
242
218
480
480
266
480
150
225
286
189
192
142
174
146
126
180
199
300
480
323
182
143
245
480
480
221
159
480
174
556
224
148
678
175
480
361
203
480
201
480
480
480
480
266
480
136
480
197
184
563
328
186
271
120
174
252
251
480
146
223
149
480
158
205
606
268
240
137
216
416
220
197
480
481
271
480
480
202
258
299
180
480
235
480
277
480
480
270
480
215
480
189
278
480
480
189
480
204
253
480
480
480
480
232
418
534
525
268
124
225
126
480
221
158
507
346
480
480
259
127
188
675
185
122
480
480
272
223
300
171
175
244
480
756
480
398
548
480
187
144
300
186
480
211
246
175
179
162
186
208
480
240
252
480
230
161
480
199
153
161
198
480
227
480
173
149
248
480
149
533
480
480
480
529
142
480
175
127
231
480
480
301
196
155
170
480
154
480
480
208
148
272
480
265
137
427
210
206
480
480
120
494
123
287
480
480
227
480
838
182
243
480
480
139
269
480
480
152
273
263
480
407
480
480
282
480
480
273
278
480
335
189
165
229
227
195
480
226
120
340
254
216
480
312
159
512
200
231
480
169
308
155
480
480
201
480
228
206
220
247
480
446
199
480
609
480
480
480
136
126
300
480
138
213
480
480
480
170
318
369
226
480
124
227
239
348
326
150
319
193
480
480
480
142
361
277
219
480
1436
480
480
480
125
480
480
480
128
480
168
243
183
321
166
201
143
201
250
480
163
181
480
143
480
503
480
170
154
212
166
148
259
273
161
480
462
521
480
480
132
183
480
403
193
480
153
230
251
143
149
480
128
409
262
480
665
176
480
167
480
160
199
480
480
160
130
195
480
480
144
203
480
213
204
244
328
480
235
242
126
480
480
186
480
476
238
216
237
261
480
236
211
134
131
480
480
480
290
251
122
134
530
154
480
182
480
480
480
480
268
160
480
164
124
480
202
480
480
120
163
293
439
299
178
480
480
480
248
1212
199
480
301
126
381
272
218
213
329
337
480
209
302
227
495
191
239
280
132
480
486
221
480
310
173
126
480
480
199
193
209
216
480
209
480
298
230
219
129
132
480
480
480
120
282
157
480
480
480
202
282
480
480
676
252
168
255
480
202
480
480
621
480
480
176
137
236
260
340
245
480
237
124
324
480
480
480
177
337
317
414
480
295
214
181
176
1293
480
199
302
480
480
480
511
480
161
480
338
134
277
144
288
221
480
480
220
480
141
251
198
480
213
480
480
140
187
202
480
202
203
213
480
271
245
133
248
120
185
2978
175
480
133
225
480
281
480
480
202
480
248
221
237
783
180
424
190
480
353
279
480
260
480
480
480
480
480
480
225
300
126
320
480
153
480
254
132
236
480
183
480
354
127
199
480
480
480
480
148
154
154
480
480
274
480
138
724
211
395
157
190
221
282
480
240
124
480
263
254
480
244
134
173
275
275
498
480
159
259
298
147
480
249
480
208
480
209
480
185
480
167
172
199
300
480
635
480
480
480
223
152
480
480
327
180
199
260
428
1258
646
192
480
480
480
267
167
281
154
157
156
482
480
139
285
257
232
234
154
480
2978
480
480
259
300
560
210
480
217
480
480
220
155
240
268
310
122
480
480
163
249
480
1094
480
480
480
480
480
302
209
235
187
221
442
480
168
480
474
480
480
480
480
146
480
167
296
210
218
480
480
480
412
480
181
123
314
211
480
274
263
138
244
480
480
149
244
252
274
480
480
338
275
480
346
480
581
480
480
549
480
233
480
480
250
480
480
183
120
480
135
184
205
544
212
120
793
218
480
235
606
137
223
480
282
170
480
239
480
336
258
181
480
222
480
238
122
330
673
480
191
480
328
480
480
121
209
261
150
234
168
480
243
480
239
480
480
480
322
257
187
480
167
480
402
480
480
388
480
165
480
480
120
129
480
165
278
373
480
171
480
215
472
194
480
217
480
480
242
480
273
299
287
480
195
162
227
162
252
258
199
194
182
596
120
480
168
480
239
163
157
480
188
480
243
480
193
210
244
284
263
173
187
281
514
188
480
480
778
149
197
480
196
480
480
480
968
176
169
137
480
148
546
148
480
140
480
518
480
210
166
480
312
137
124
121
196
199
480
480
480
480
234
385
480
480
250
227
523
480
135
480
170
875
480
328
232
480
135
139
480
480
690
480
480
257
480
298
480
480
185
480
203
194
154
180
480
277
480
480
480
829
480
480
131
140
480
480
138
224
480
480
225
480
480
314
235
325
126
480
480
486
480
313
269
564
224
266
236
145
480
263
150
480
480
480
480
196
156
480
480
128
327
480
480
227
187
480
179
480
154
480
266
480
271
480
186
480
480
480
317
278
480
190
122
480
132
480
480
1143
188
120
192
196
480
480
480
233
243
480
164
385
211
480
480
480
480
125
133
480
848
480
480
141
480
480
122
547
209
480
480
480
145
480
209
194
480
480
128
232
128
480
480
182
200
225
480
212
221
144
285
480
207
128
235
480
480
271
480
480
210
480
296
1741
480
480
480
367
480
120
480
589
480
480
480
193
480
221
480
161
480
167
480
165
480
480
480
166
480
480
248
210
480
273
480
480
141
295
480
198
211
480
480
480
245
194
179
480
480
480
247
480
126
214
254
480
298
342
190
248
168
469
276
480
231
142
275
480
120
480
480
480
480
480
480
480
480
480
480
204
121
480
128
480
219
480
198
237
235
171
480
480
296
252
480
228
480
480
258
334
480
316
480
480
480
480
480
230
125
340
480
480
480
480
297
480
480
237
144
197
175
298
480
480
480
480
480
480
206
480
480
198
480
480
230
185
259
211
143
125
480
178
480
217
480
480
480
192
480
245
471
319
136
480
134
120
1276
266
164
480
705
480
353
480
162
316
274
480
253
151
480
480
236
480
480
480
480
480
257
480
215
480
480
223
185
480
243
480
480
218
480
480
480
480
480
480
480
169
480
480
1088
171
480
229
480
480
480
480
206
480
193
480
480
241
480
240
403
223
242
186
480
480
480
232
480
480
488
156
148
276
480
226
283
191
480
173
480
480
613
480
480
480
480
480
232
122
480
372
154
480
276
480
232
584
297
480
480
228
480
480
124
480
480
548
480
480
253
238
480
480
480
480
480
480
139
480
480
308
1456
159
480
480
480
432
278
480
480
214
152
195
207
480
480
480
480
206
480
480
223
276
480
480
480
480
480
480
128
273
123
480
653
480
480
206
480
201
480
269
165
480
571
480
480
167
480
156
480
480
480
480
480
267
480
480
480
186
480
185
480
162
480
134
535
480
480
480
480
851
480
480
242
127
129
508
480
480
418
480
480
132
175
480
480
214
526
303
480
242
120
480
480
710
480
480
292
241
318
480
136
182
270
480
480
187
154
424
480
480
382
126
480
215
480
180
185
124
121
570
480
139
306
246
543
693
246
480
243
144
480
171
171
480
145
480
480
874
266
148
224
480
480
480
480
480
480
480
202
190
281
480
480
480
235
480
480
480
346
205
227
480
120
480
243
373
224
480
480
375
486
138
261
141
480
205
161
480
480
480
480
480
480
480
480
240
480
179
136
287
127
480
538
526
480
480
480
2406
480
319
480
480
356
480
238
480
480
480
120
136
230
139
480
330
226
191
168
1436
480
480
480
480
480
480
480
160
232
480
480
375
262
212
480
480
282
200
480
162
480
205
142
480
259
480
181
155
480
249
480
183
480
222
187
480
480
480
480
139
240
480
173
480
133
480
181
207
241
233
480
480
480
480
172
224
480
480
480
480
480
480
196
166
480
480
480
124
265
120
120
197
172
123
480
156
358
480
480
124
131
222
480
160
480
480
241
480
161
480
480
277
147
128
480
213
289
480
188
480
480
480
480
154
480
480
137
480
276
249
120
331
480
480
869
208
183
148
480
480
480
217
480
342
480
480
480
480
463
480
480
200
480
480
154
480
130
480
480
181
269
296
184
480
120
131
240
480
278
480
120
480
267
480
480
480
480
480
167
480
480
480
480
480
480
480
480
336
260
228
120
151
250
218
480
480
234
120
480
161
480
480
211
181
480
432
480
255
480
480
291
179
143
225
222
198
252
480
480
508
480
480
480
480
149
480
176
612
480
323
480
139
480
542
480
274
223
480
480
480
480
480
126
480
480
480
480
185
177
480
269
203
480
246
480
480
480
480
165
217
480
480
480
480
480
480
480
480
195
420
144
480
480
229
480
480
480
480
480
487
160
283
480
480
294
260
127
480
480
269
253
480
480
480
480
480
480
480
480
480
126
480
480
480
244
480
480
553
480
324
275
172
480
182
480
146
480
480
480
480
139
480
216
480
203
480
224
480
336
493
480
480
480
169
216
480
480
165
318
480
246
465
480
480
480
255
251
279
546
480
274
196
480
480
120
238
480
480
480
480
480
480
480
480
480
269
480
480
480
480
265
480
480
120
909
480
180
480
480
480
480
480
198
275
480
480
480
480
261
480
480
491
311
140
229
480
173
206
480
211
797
480
480
480
184
391
123
274
480
347
578
480
480
210
480
480
480
480
480
133
480
480
172
480
480
480
179
220
480
394
480
151
480
209
272
480
480
480
232
480
155
332
480
264
480
480
307
158
480
123
135
335
480
480
480
205
480
480
228
612
200
500
480
480
480
480
224
480
480
248
480
480
480
480
480
268
480
480
480
480
480
480
150
480
480
168
480
480
480
480
480
480
480
480
379
480
480
480
480
204
237
147
277
134
480
220
197
207
480
120
480
236
480
489
188
480
480
170
480
258
480
229
192
139
245
480
480
480
480
125
258
480
480
292
480
166
480
480
327
611
480
259
480
480
480
231
480
480
480
480
480
120
480
480
480
205
480
480
480
222
480
244
480
480
480
202
480
480
480
198
167
310
480
125
561
186
480
261
122
126
480
154
187
480
167
120
480
331
173
480
480
480
480
123
480
480
480
480
480
121
480
125
194
480
482
357
441
168
480
1312
312
480
219
480
149
480
480
480
480
480
285
246
480
160
480
120
480
480
480
480
480
480
480
525
480
480
480
174
480
230
480
449
480
271
126
247
138
480
480
143
153
480
480
480
922
330
480
480
480
210
280
480
480
225
480
480
151
480
480
480
480
480
480
480
480
480
367
480
159
201
258
480
421
492
193
480
120
480
255
232
281
480
147
480
480
480
290
184
480
480
480
227
328
480
480
174
129
211
135
480
142
480
124
230
480
480
480
480
480
480
480
480
165
480
480
258
480
480
134
480
480
480
480
480
480
480
160
480
480
225
480
480
480
480
480
480
540
164
480
169
480
480
480
480
277
480
219
480
480
480
480
480
263
480
480
480
480
125
573
480
480
120
480
480
282
480
260
480
249
178
480
238
480
480
236
280
480
480
196
177
121
480
480
202
249
325
145
480
480
277
124
314
480
480
599
220
189
261
480
199
480
480
480
253
480
233
480
480
251
480
480
756
240
393
480
287
480
480
286
480
480
480
480
227
199
480
480
344
480
480
120
480
335
286
265
149
206
480
480
480
480
480
480
480
480
243
480
480
480
209
225
480
166
125
480
241
548
471
480
275
480
480
200
315
219
480
480
129
201
480
480
480
480
375
229
210
480
480
294
480
480
480
206
345
480
480
480
120
480
480
480
209
152
480
480
440
480
480
252
480
165
480
273
123
214
480
131
480
192
480
480
480
285
227
764
297
169
480
263
480
275
480
311
176
293
480
480
248
480
541
480
366
480
480
480
142
480
480
250
258
480
480
143
139
938
223
480
162
480
254
480
480
120
207
480
480
480
526
171
480
200
480
480
163
480
188
126
247
208
129
448
480
480
480
851
480
190
480
286
227
480
480
480
480
172
480
276
134
129
480
281
480
480
480
480
435
120
210
480
228
480
197
262
212
216
155
480
480
480
222
140
307
201
480
135
480
480
480
480
480
179
480
480
480
471
480
480
480
480
480
480
480
480
177
480
480
480
480
197
480
480
229
480
480
160
269
480
480
480
480
288
146
480
480
486
336
480
209
480
480
480
190
480
487
151
239
480
480
480
353
480
480
480
134
480
480
178
480
480
319
480
480
121
480
480
480
480
480
480
480
480
480
480
480
139
480
480
287
453
480
164
480
480
480
236
480
223
575
480
248
147
480
480
188
480
547
480
174
480
216
199
480
212
480
480
480
480
135
480
480
480
259
480
480
480
480
480
236
124
480
281
480
480
480
235
480
213
480
478
480
480
480
480
283
480
480
480
480
438
480
227
480
480
480
420
480
192
480
158
480
480
480
127
480
480
253
135
480
480
120
265
480
480
229
164
480
480
179
168
480
480
261
181
145
221
480
254
480
480
480
480
480
192
480
480
480
480
480
480
161
152
480
480
239
480
480
424
480
120
480
136
480
306
121
615
480
480
480
183
480
480
169
557
480
480
384
296
480
282
480
480
480
545
480
480
480
480
480
480
129
480
480
480
480
581
480
480
168
480
480
480
480
480
480
480
248
480
480
480
480
284
480
480
480
214
324
480
480
120
480
480
480
480
480
480
480
480
480
175
201
128
480
480
480
254
149
188
319
263
228
480
235
480
480
225
122
480
480
480
226
480
187
168
218
480
480
480
422
480
480
480
480
480
161
480
480
480
480
480
480
480
480
480
480
480
239
480
480
480
480
480
182
480
480
480
480
238
480
480
480
480
480
480
480
480
480
480
362
191
161
480
480
480
480
480
480
160
166
257
173
296
480
250
480
480
480
496
480
226
283
179
221
480
480
480
480
480
480
852
147
120
480
190
480
184
480
480
131
168
131
480
480
480
480
480
480
120
480
480
175
480
238
123
480
209
480
480
316
480
480
230
554
239
480
232
480
480
485
480
480
480
480
480
480
480
480
480
480
480
480
480
480
480
480
480
181
219
480
426
127
480
506
195
480
480
236
480
480
480
480
480
480
242
480
480
480
233
289
338
171
480
480
480
480
480
136
480
480
480
151
480
480
480
237
178
530
278
480
202
480
162
480
191
189
480
216
480
480
132
198
480
480
458
480
210
120
480
169
480
195
225
480
515
480
480
480
480
480
480
225
480
480
480
480
480
183
480
480
120
183
480
200
480
180
131
260
480
200
480
480
480
480
247
480
480
480
507
238
163
480
480
480
480
480
480
287
238
480
480
480
480
480
480
480
480
120
480
480
480
480
224
278
480
480
480
480
480
480
480
480
480
480
480
127
480
480
480
480
480
480
480
480
480
480
480
480
480
480
480
480
480
299
480
480
480
480
2004
480
480
480
480
480
480
480
480
480
329
141
480
463
480
480
480
480
480
480
480
480
480
480
480
207
127
480
218
480
480
480
480
129
480
480
245
480
480
235
297
480
216
480
480
764
480
202
230
250
480
480
480
193
480
480
480
275
287
480
480
185
480
210
480
480
480
480
480
480
480
480
480
128
480
258
480
480
404
480
480
131
124
143
480
480
480
480
480
480
480
480
480
256
480
199
328
480
480
295
480
171
480
480
480
144
480
276
480
480
480
480
480
480
480
480
202
480
480
122
480
480
578
450
480
430
480
480
480
480
480
480
480
480
192
152
480
480
480
480
192
480
480
258
480
480
480
480
480
480
243
480
480
480
540
191
480
240
480
480
480
480
184
480
137
480
480
263
480
480
480
480
480
453
480
252
480
480
480
232
480
480
217
480
480
480
480
480
480
480
240
480
480
480
480
480
480
480
203
480
480
440
480
480
480
121
149
480
480
235
201
480
480
301
480
480
480
480
480
242
480
480
480
480
480
480
480
480
480
140
480
1111
480
480
480
398
480
178
271
480
189
506
480
1499
480
480
480
139
480
480
480
480
480
480
480
480
480
480
480
480
480
480
220
480
480
142
480
480
438
183
480
480
122
480
275
480
138
480
480
480
480
480
480
480
208
480
480
224
283
303
480
480
480
256
480
480
480
480
265
480
190
480
225
480
480
180
480
480
428
480
222
480
480
480
480
480
480
480
480
480
326
480
480
480
480
143
144
480
222
164
227
480
480
480
480
138
480
480
480
271
480
316
480
480
480
480
121
132
168
255
355
480
139
480
480
195
480
480
480
480
480
532
435
480
480
480
480
480
173
480
480
251
480
480
480
480
274
480
480
158
480
480
264
192
480
274
480
223
480
480
480
480
734
480
302
480
480
126
480
280
505
480
480
480
480
313
480
226
124
480
480
480
480
480
126
480
348
480
480
212
480
480
480
293
480
480
242
278
480
480
480
480
480
480
480
480
480
238
480
178
480
236
480
393
183
288
480
480
480
480
480
480
480
480
480
245
480
480
480
480
480
341
480
480
480
212
480
120
480
520
480
480
480
480
480
480
480
480
480
340
480
480
209
227
480
480
217
480
480
480
480
480
480
480
480
480
480
480
480
480
480
235
480
480
480
123
480
480
480
480
480
480
368
480
480
444
211
915
480
480
480
480
480
480
480
480
480
480
480
480
480
480
480
480
137
480
480
480
480
480
480
480
308
142
480
278
480
480
480
480
141
480
272
480
480
534
480
480
480
176
480
194
480
480
166
480
480
480
205
480
238
480
281
208
163
245
480
196
234
480
480
480
480
480
196
480
480
480
480
188
480
225
480
480
480
480
480
232
346
393
289
133
480
480
480
480
480
480
480
480
480
480
480
480
480
480
265
259
277
480
174
480
480
480
480
480
480
172
480
480
288
480
480
397
480
182
480
269
209
480
480
480
120
216
480
480
480
480
195
250
480
185
480
160
480
480
480
192
480
168
480
157
229
480
480
480
480
480
480
218
480
480
480
480
480
480
154
222
156
163
480
480
224
249
480
480
480
480
480
480
480
480
480
480
203
480
480
480
642
480
480
480
480
237
480
480
480
480
480
480
298
889
480
480
496
480
480
124
480
480
133
274
480
298
301
480
480
276
480
480
480
480
480
480
480
480
480
478
480
480
480
480
480
480
480
480
480
480
480
125
163
480
480
480
480
316
204
480
480
480
480
247
480
480
273
480
480
480
480
480
480
480
480
480
480
480
480
480
222
480
384
480
480
159
480
480
480
163
480
185
480
480
234
480
480
480
302
480
1663
480
480
480
480
200
480
480
480
480
480
480
239
480
480
480
480
276
480
157
480
717
480
480
480
480
480
480
340
203
225
480
480
540
480
480
480
480
229
127
480
480
480
480
480
231
194
480
480
480
480
480
447
246
343
614
480
417
480
480
480
480
480
480
480
480
480
480
480
480
480
581
480
480
480
480
480
480
480
480
511
480
480
480
480
480
480
480
480
480
287
480
480
480
480
305
480
480
192
480
328
480
480
365
480
480
480
480
480
480
480
125
480
480
480
480
598
480
480
480
480
480
480
480
480
480
524
480
480
123
174
480
480
480
480
480
198
308
272
852
480
480
131
480
480
480
210
480
480
480
212
480
480
480
120
292
480
480
480
480
480
480
143
480
480
480
480
709
480
480
480
143
480
157
480
480
480
480
480
480
480
480
480
178
480
480
155
249
148
480
480
480
125
480
252
292
480
480
480
480
120
229
480
480
480
480
480
480
480
480
480
480
157
480
480
480
480
480
120
480
480
480
480
206
125
480
480
204
480
480
143
480
480
480
506
480
480
480
264
480
480
480
188
480
480
480
480
480
480
480
480
480
480
480
480
480
480
480
480
480
480
1212
480
480
284
274
219
224
236
480
480
270
480
480
480
480
196
179
480
184
480
480
480
178
234
480
480
480
169
480
139
480
480
480
480
480
480
480
480
172
480
480
480
480
480
480
143
480
480
480
480
480
480
480
480
270
480
480
217
480
271
480
480
480
480
480
200
480
480
480
223
480
480
480
480
189
480
120
480
480
135
529
480
480
480
160
480
480
480
480
133
480
148
199
480
480
480
480
480
124
480
480
480
290
480
480
480
480
480
480
480
480
480
480
480
480
224
480
480
480
185
480
480
401
139
1088
480
480
149
480
201
480
480
480
480
378
363
480
480
480
480
265
480
480
480
480
480
480
184
480
480
480
131
480
892
480
179
480
480
480
480
192
167
480
172
480
121
480
480
480
480
480
480
480
480
480
480
480
480
480
480
480
480
259
480
480
480
480
480
120
480
187
480
480
120
480
480
480
480
268
480
165
480
480
480
480
480
480
160
480
480
480
480
480
234
480
249
480
480
480
480
325
480
163
277
369
480
480
480
480
480
480
480
480
480
480
152
480
480
360
209
480
480
194
480
480
480
480
480
480
480
480
480
480
480
480
480
480
480
120
480
184
480
480
480
480
480
480
480
480
155
480
480
480
480
480
480
307
480
480
480
480
480
480
480
260
1574
176
480
480
480
275
480
480
252
480
480
480
480
457
480
480
144
480
480
237
300
480
480
480
480
480
480
480
728
162
203
480
480
480
480
456
286
129
480
167
480
480
480
480
184
480
480
480
480
480
480
480
124
480
480
480
480
480
480
480
140
480
480
480
480
480
125
480
480
480
480
480
480
480
190
480
516
220
480
480
480
480
480
480
480
480
480
269
480
480
122
480
480
177
480
480
480
480
480
480
480
480
480
480
480
203
480
480
480
468
480
480
480
480
480
480
137
480
480
480
480
121
531
480
260
480
480
480
1225
480
480
480
480
480
480
480
480
480
480
480
174
480
480
480
480
195
181
480
363
480
480
480
480
480
480
480
480
480
480
480
480
480
480
480
480
480
480
480
480
480
480
480
480
480
480
480
480
550
480
480
480
431
480
480
231
480
480
480
480
480
215
480
480
480
480
480
163
480
186
485
480
480
480
249
480
480
480
480
283
480
480
145
203
189
480
480
480
480
480
480
480
480
480
577
480
480
480
480
480
353
480
279
480
480
213
480
500
125
170
480
480
173
351
480
480
480
480
397
480
120
480
480
480
183
480
217
480
480
166
480
128
480
480
480
480
480
480
480
152
220
480
480
480
480
159
480
480
480
480
480
480
480
480
480
480
570
480
480
139
480
480
480
125
480
480
480
480
203
234
480
480
480
480
480
480
480
480
480
480
480
480
480
480
480
480
480
480
480
233
480
837
480
480
480
480
480
480
276
480
480
480
480
480
480
480
133
127
480
480
421
269
480
480
480
480
154
415
183
480
480
480
480
480
480
480
480
480
480
480
480
149
480
480
480
480
480
480
275
480
480
480
480
480
480
480
480
480
480
480
480
480
480
480
480
480
480
480
480
480
480
152
480
480
480
120
480
480
225
480
480
480
137
480
480
480
480
480
480
269
480
480
480
128
480
128
480
480
480
480
228
480
480
480
226
480
121
480
480
290
480
480
703
480
480
168
480
480
480
480
480
480
480
480
212
480
339
194
125
480
480
480
480
480
815
480
480
480
480
480
480
480
480
480
480
480
480
480
235
480
480
214
480
297
480
249
480
231
480
480
480
480
480
480
480
1323
480
480
480
480
480
480
480
480
480
182
480
480
614
480
480
480
223
480
480
480
480
480
480
890
480
473
480
480
480
480
480
182
167
165
480
169
480
480
480
480
480
480
480
480
480
129
480
480
212
480
480
480
480
480
480
480
480
480
480
130
480
269
480
480
480
480
480
480
480
480
480
480
480
480
480
480
480
480
480
480
480
480
480
152
480
487
480
480
480
480
480
480
203
480
480
480
740
480
480
139
480
480
149
174
480
480
480
480
480
480
125
480
480
480
480
480
480
480
480
480
480
480
480
480
480
480
345
480
480
480
480
217
282
480
480
480
480
1663
480
480
480
480
480
480
480
460
480
480
480
480
480
480
480
480
480
480
480
480
480
480
480
480
480
235
445
480
480
480
480
257
480
178
480
480
480
480
124
480
1038
480
480
480
480
480
480
480
123
480
455
480
480
480
480
480
556
480
480
164
480
123
480
480
480
480
174
239
480
480
480
480
480
480
480
480
288
480
480
480
480
480
480
480
126
480
137
520
142
480
480
480
480
480
480
480
480
721
480
480
480
480
480
480
480
480
480
204
334
205
480
480
480
480
480
480
480
480
480
480
480
480
480
480
121
138
197
480
480
480
480
480
480
278
480
480
480
480
480
205
480
171
480
121
480
480
252
480
480
480
480
480
480
254
480
221
480
225
480
480
480
480
480
239
480
480
480
222
480
480
480
480
480
480
480
480
181
480
480
153
480
480
480
480
480
245
480
480
480
480
480
480
480
480
138
252
480
480
189
480
221
480
480
480
480
171
480
480
315
480
480
204
480
480
480
480
238
480
480
480
480
480
480
480
480
480
528
335
480
480
480
480
480
480
480
480
480
480
240
480
480
283
480
480
480
480
480
480
480
480
480
480
480
480
308
480
480
480
480
480
480
480
480
480
480
480
480
241
480
480
136
480
480
480
480
480
480
480
480
480
480
480
480
480
480
480
213
480
480
480
480
480
480
480
480
480
480
480
480
480
480
480
480
480
480
122
480
480
480
162
480
480
480
480
480
480
480
170
480
480
480
480
153
480
480
480
480
247
480
480
480
156
480
480
480
480
480
480
480
480
120
480
480
480
480
480
480
480
480
480
480
480
240
775
480
480
480
374
480
480
178
480
249
480
480
480
480
480
480
480
480
480
486
147
480
480
480
480
480
480
480
480
480
480
480
480
480
480
480
480
480
202
222
120
480
480
480
480
480
480
215
480
497
480
480
480
480
480
480
480
480
480
273
480
480
480
480
480
480
480
480
480
480
480
480
480
480
480
480
480
480
480
480
480
480
218
480
480
480
480
376
480
480
480
480
480
480
480
480
120
480
480
480
189
189
480
480
480
133
480
480
480
480
480
2272
480
480
152
480
480
480
480
480
480
480
181
480
184
480
480
477
240
480
155
480
480
480
480
576
480
480
480
480
480
480
480
480
480
480
480
480
220
480
480
480
480
480
480
480
480
151
480
480
480
480
150
480
480
480
480
480
263
181
172
480
480
254
480
480
138
480
480
480
480
480
480
480
480
480
480
391
480
480
480
316
480
480
480
480
131
480
480
480
480
279
480
480
480
480
480
480
480
480
480
480
271
480
480
480
480
480
480
480
282
480
480
480
480
480
480
158
480
480
480
480
278
122
132
480
201
480
480
480
480
480
480
480
480
480
253
480
480
480
480
480
480
480
480
480
480
480
480
480
480
480
424
480
480
480
480
480
480
480
480
480
480
480
480
480
480
480
480
480
480
480
480
480
480
480
480
480
480
480
480
393
480
480
480
480
480
335
480
480
480
480
172
480
480
480
480
480
228
480
480
480
259
480
480
120
554
147
480
480
480
480
132
480
480
480
526
480
480
480
133
480
480
480
480
480
480
480
480
480
480
480
480
480
480
480
480
480
480
480
164
480
480
480
480
480
480
480
480
480
144
121
480
480
480
480
480
480
480
480
173
480
480
480
480
480
480
480
480
480
480
480
480
480
480
480
480
480
480
480
480
480
480
480
480
480
480
480
260
480
480
480
480
480
215
480
480
480
123
480
480
226
240
240
480
480
1168
480
480
537
480
480
480
480
480
208
214
480
480
480
480
480
267
480
480
480
480
480
480
480
507
313
480
480
480
480
480
249
480
480
500
181
480
480
480
480
199
480
480
480
480
480
277
245
480
129
480
480
480
480
191
480
480
174
480
480
480
480
480
259
480
480
480
480
480
480
614
480
480
480
480
480
480
480
480
480
219
480
209
480
480
480
480
480
480
480
480
480
480
121
480
480
480
480
480
480
480
480
480
224
480
480
480
193
130
480
480
224
230
480
480
480
480
480
480
480
480
480
480
480
480
120
480
501
480
480
480
480
480
480
480
172
480
120
480
277
480
480
480
480
480
345
480
480
480
480
480
480
480
480
480
231
480
480
480
480
480
480
480
480
480
480
480
480
480
480
480
480
480
480
480
480
480
174
480
480
480
480
480
480
480
480
480
480
480
480
480
480
480
480
480
480
122
480
480
480
480
480
480
480
480
480
480
480
480
480
480
480
121
209
158
480
480
480
167
480
480
480
480
480
480
480
480
480
480
480
480
161
1643
142
131
480
480
480
480
480
480
480
480
480
480
480
480
480
480
480
219
191
480
480
132
480
480
215
480
480
466
480
519
480
480
480
318
480
480
1018
480
480
480
480
480
480
480
480
480
219
480
480
480
146
480
480
480
480
480
480
480
480
480
480
480
480
480
480
495
480
480
480
480
480
480
132
480
164
480
480
480
480
129
480
480
452
480
480
480
480
480
480
480
480
480
128
480
480
162
480
480
480
480
137
480
126
204
480
248
480
480
480
480
480
480
480
480
480
480
480
480
480
480
480
480
480
685
480
480
480
480
480
480
480
480
480
480
480
264
480
330
480
480
480
272
480
480
464
480
190
480
480
480
480
480
419
480
480
431
480
469
480
480
480
480
480
480
480
480
1663
480
480
480
480
480
480
480
480
480
480
480
480
142
480
480
480
480
480
480
480
480
480
480
464
480
480
480
480
480
480
480
480
480
480
480
480
480
480
480
480
480
480
480
480
480
480
480
480
480
480
480
189
480
480
480
636
480
480
480
480
480
480
480
480
480
480
480
480
480
480
480
480
480
480
120
480
245
480
480
144
480
480
480
480
480
480
480
480
480
480
480
228
480
261
480
480
480
235
480
480
480
480
480
480
480
480
480
480
480
480
135
480
480
480
480
480
480
199
480
480
480
480
480
480
480
249
480
480
480
480
480
480
480
480
480
480
480
480
480
480
480
480
480
480
480
480
480
480
257
480
480
480
480
480
480
575
480
480
480
478
480
480
214
480
480
480
480
480
316
480
480
480
480
480
480
480
480
480
480
480
480
480
480
480
480
480
480
480
244
480
480
480
480
480
268
480
480
480
480
480
480
480
480
480
203
480
264
480
480
480
480
480
480
480
480
248
480
219
480
480
155
236
480
480
480
480
122
480
480
480
480
480
480
310
480
480
480
480
480
480
480
480
480
279
480
480
167
480
480
498
480
480
194
480
223
480
480
480
480
480
480
149
480
480
142
289
480
480
480
233
480
480
480
480
480
480
480
480
268
480
480
480
480
480
480
480
480
480
480
480
480
480
480
480
480
480
480
480
208
480
480
480
480
480
480
139
480
480
480
480
480
480
480
480
480
480
480
480
480
480
480
480
480
480
480
480
474
480
480
480
480
480
480
480
480
480
480
480
144
266
938
480
480
480
326
480
480
480
480
480
480
480
480
480
480
480
480
480
480
480
480
480
480
120
480
480
480
480
143
480
158
480
480
480
480
480
480
480
480
480
480
480
480
480
480
480
480
480
480
480
480
123
480
480
480
480
121
480
480
480
480
480
480
328
480
480
480
480
480
480
480
480
480
480
480
480
480
480
480
480
480
480
480
480
480
480
480
480
480
480
131
480
480
480
480
480
480
480
480
480
480
480
201
480
480
480
435
480
480
480
480
480
480
480
480
480
480
123
480
480
480
480
480
480
480
480
480
480
480
480
480
480
480
480
480
1506
480
480
480
480
480
480
480
480
213
246
133
480
480
480
480
480
480
480
480
480
480
480
480
480
480
141
410
480
480
480
480
480
480
277
480
480
480
480
480
480
144
480
124
480
539
480
671
480
320
480
480
480
480
480
480
480
480
480
480
480
312
480
480
480
480
480
480
480
480
480
480
480
480
480
480
480
480
480
480
480
480
227
480
480
480
480
480
480
480
480
453
448
480
480
480
480
480
480
480
233
480
480
123
480
203
168
480
480
480
480
480
480
480
480
480
480
480
480
480
480
480
480
140
480
480
141
480
480
480
480
480
480
480
480
480
480
480
480
480
480
480
480
480
480
480
480
480
480
480
480
480
480
480
480
480
480
480
480
148
480
665
480
480
480
480
480
218
480
480
441
480
480
480
480
480
480
480
480
480
480
480
480
258
480
480
480
480
480
480
480
480
480
240
480
480
480
299
480
480
480
480
480
480
480
480
480
480
480
507
480
480
196
480
480
480
480
480
639
480
480
480
480
192
222
480
480
480
480
480
480
480
371
225
480
480
480
145
480
480
480
480
480
480
480
480
121
480
480
421
480
186
480
235
480
480
480
480
480
480
480
480
480
480
480
480
480
249
480
480
480
480
480
480
480
480
480
480
480
480
480
480
480
480
480
130
480
480
480
480
120
480
480
223
556
480
433
480
480
480
195
480
480
760
480
480
480
480
480
480
480
480
480
480
480
480
480
480
480
480
480
480
480
480
480
200
480
480
480
454
480
480
480
480
124
480
480
206
480
480
480
480
480
480
480
480
480
480
480
480
480
480
480
480
480
480
480
480
480
480
480
480
480
480
480
480
480
480
243
480
480
480
480
480
171
480
480
182
480
480
480
480
480
480
480
480
480
480
480
480
233
543
480
480
480
409
480
480
2004
480
480
480
480
480
480
445
480
480
480
480
480
480
480
480
480
480
243
276
480
480
480
480
480
480
543
480
480
480
480
480
480
308
480
480
480
480
480
480
480
480
480
480
480
480
480
480
480
480
480
480
480
480
480
224
480
480
480
480
480
480
480
221
480
480
480
480
480
480
480
480
480
480
2406
480
480
480
480
480
480
480
480
429
480
480
480
480
480
480
480
480
480
125
480
480
286
480
480
480
206
206
235
480
480
480
480
480
480
480
480
480
480
222
480
480
480
480
480
480
480
480
480
480
480
480
480
480
480
480
480
480
480
480
480
480
480
480
480
480
480
261
480
480
480
480
417
480
480
480
480
480
480
167
480
255
480
480
480
480
243
480
480
480
346
480
480
480
480
480
480
480
480
480
480
480
480
480
261
480
484
480
480
480
480
480
240
480
480
480
480
480
480
480
480
480
480
480
480
480
480
480
480
480
480
480
480
480
480
480
480
480
480
480
480
480
250
480
480
480
480
480
480
480
480
480
480
480
480
255
480
480
480
480
480
480
156
480
480
480
480
480
480
480
480
480
161
480
480
480
480
480
575
480
480
480
480
480
480
480
480
480
480
480
480
480
480
480
480
480
480
480
480
480
310
480
480
480
480
480
480
480
480
212
480
480
480
480
480
480
480
480
480
480
242
480
141
480
480
480
480
156
480
480
480
480
480
480
480
480
480
480
447
480
480
480
480
480
152
480
480
480
480
480
480
480
480
480
480
480
480
480
480
480
480
480
480
249
480
480
480
480
480
480
480
480
480
480
480
480
480
227
480
480
480
480
480
480
480
480
480
480
480
480
480
480
480
480
480
480
480
480
480
480
480
480
480
480
480
480
480
480
147
480
480
480
480
480
480
224
480
480
480
480
480
480
480
480
252
480
480
480
480
480
480
260
480
272
235
480
301
480
480
480
264
480
186
480
480
480
480
480
480
480
480
480
480
480
480
480
480
304
480
480
480
480
480
480
295
480
480
480
480
480
480
480
480
480
480
480
480
480
254
480
480
480
480
480
480
480
480
480
480
480
480
480
480
480
480
480
480
480
480
480
480
480
480
480
480
480
480
139
480
480
480
480
480
480
480
480
179
480
480
480
480
480
480
144
480
480
480
480
480
480
480
480
480
480
230
480
185
480
229
480
480
480
480
480
480
480
480
480
480
480
480
480
480
592
480
480
480
480
480
480
253
480
480
480
480
480
480
480
480
171
480
480
341
217
480
480
480
480
480
480
480
480
480
480
480
480
480
480
480
409
480
256
480
480
480
262
480
480
480
480
480
480
480
480
480
480
480
480
480
480
480
480
480
257
480
480
480
480
480
480
480
126
138
480
480
480
480
480
141
480
480
480
480
480
480
480
480
480
480
480
226
480
480
480
480
480
188
480
480
480
480
480
480
480
480
480
480
480
480
480
480
480
480
480
480
480
480
257
480
123
480
480
480
480
480
480
480
480
480
480
480
480
134
480
126
480
480
480
480
480
480
480
480
480
480
480
480
480
480
480
480
480
480
480
162
480
480
480
540
480
480
480
480
480
480
480
480
275
480
480
480
480
480
480
480
480
480
480
480
480
480
480
480
480
480
480
480
480
124
480
480
480
480
480
480
480
480
480
261
480
234
480
480
480
480
480
480
480
480
480
226
261
480
559
480
480
480
480
480
480
480
480
480
286
480
480
480
480
480
480
480
480
480
480
480
480
480
480
480
480
480
480
223
480
480
480
480
480
480
196
236
480
480
480
480
480
480
480
480
480
480
480
480
202
480
231
480
480
480
480
480
387
480
480
173
480
480
198
480
480
480
480
480
239
480
480
480
480
480
480
480
480
480
480
480
480
480
480
480
480
480
480
123
480
480
188
480
480
480
480
480
480
480
480
480
199
480
480
480
480
480
168
468
480
480
480
480
480
480
480
480
480
480
480
480
480
480
480
480
480
480
480
480
480
480
480
173
480
480
480
480
277
215
122
480
480
480
480
550
231
480
480
480
480
480
480
480
461
126
480
480
480
480
221
480
480
480
480
480
359
480
480
480
480
480
480
146
480
480
480
480
480
480
480
480
480
480
480
480
480
480
480
480
480
480
480
480
480
480
480
480
480
480
480
139
480
480
480
480
480
370
489
480
480
480
138
480
480
480
480
480
480
480
480
480
480
480
480
201
480
480
480
480
480
480
480
480
480
480
480
480
480
480
480
222
480
480
480
480
339
480
480
480
480
480
480
480
480
480
480
480
480
207
480
480
480
168
480
480
480
480
480
480
480
480
480
480
480
480
480
136
480
480
480
480
480
480
480
480
480
480
480
480
480
480
480
480
480
480
480
480
480
480
480
480
480
260
480
480
480
480
482
480
480
480
480
480
480
480
480
273
480
480
480
480
480
480
480
480
480
480
480
480
480
480
480
480
480
480
480
480
480
480
480
480
480
480
480
480
480
480
489
480
480
480
480
405
480
480
480
480
123
480
480
480
480
480
480
480
480
480
480
480
480
480
480
480
480
480
480
480
480
480
480
480
480
480
480
480
480
480
480
480
480
480
480
480
480
480
480
480
480
480
480
480
480
480
480
480
480
377
480
302
480
480
480
480
480
480
165
480
480
480
480
480
480
480
480
663
480
480
480
480
480
480
480
480
480
192
480
480
480
480
480
480
278
199
480
480
480
480
170
480
480
480
480
480
480
480
480
480
121
480
480
480
480
480
480
480
480
480
480
480
176
480
480
480
480
480
480
480
480
480
480
480
480
169
480
480
480
480
480
480
480
480
480
480
480
480
480
480
480
480
480
480
480
480
480
263
480
480
514
480
480
480
480
480
480
480
480
480
480
480
480
480
480
480
480
480
480
480
181
480
480
480
136
480
480
480
480
480
480
246
480
480
480
480
480
480
480
480
159
480
480
187
480
480
480
480
480
480
480
480
480
480
480
480
480
480
480
480
480
480
474
480
480
480
480
480
120
480
480
480
480
480
480
480
480
480
480
480
480
480
480
480
480
480
480
480
480
480
480
480
480
480
480
480
248
480
480
480
480
480
480
480
480
1143
480
480
480
480
480
181
480
156
480
480
480
480
480
480
480
480
208
193
480
480
480
480
480
480
480
480
480
480
480
480
480
480
480
480
480
480
480
183
480
480
480
480
480
480
480
480
480
480
215
480
480
480
480
480
480
259
480
503
480
480
788
480
480
480
480
480
480
147
480
480
480
480
480
200
152
480
480
480
480
480
480
480
480
480
480
480
480
480
480
480
480
169
480
480
480
480
480
480
480
480
480
480
480
480
480
480
480
480
480
480
480
480
480
480
480
480
480
480
480
480
480
480
480
480
480
259
480
480
480
480
480
480
480
480
480
480
494
480
480
480
480
480
480
480
186
480
480
480
480
480
480
480
480
480
480
480
480
480
137
480
480
480
480
480
480
480
480
480
480
480
480
480
480
480
480
480
480
480
480
480
480
480
480
480
480
480
480
480
480
480
480
480
480
480
480
480
480
480
480
636
480
480
480
480
480
407
480
480
480
480
480
480
480
480
480
480
122
480
480
480
480
480
480
480
480
480
480
480
480
480
480
480
480
480
480
480
194
480
480
480
480
480
480
480
480
480
480
480
480
480
480
480
480
480
480
480
480
480
480
480
480
480
480
480
480
480
480
480
480
480
480
316
480
480
480
480
480
480
480
480
480
480
480
480
480
480
480
480
480
480
480
480
255
480
480
480
480
480
480
480
480
480
480
480
480
480
480
480
480
480
480
480
480
480
480
480
480
480
480
480
480
480
480
480
480
480
480
480
444
480
480
480
480
158
480
480
480
480
480
480
182
480
480
480
480
480
464
480
480
122
441
480
480
480
480
480
183
480
480
480
480
480
480
480
480
480
480
480
480
480
480
480
480
480
198
480
480
480
480
480
480
480
480
480
480
480
480
480
480
480
480
480
480
480
561
480
480
480
480
166
480
480
480
480
480
480
480
480
480
480
480
480
480
480
480
480
480
480
480
480
480
480
480
480
480
480
480
480
480
480
138
480
480
480
480
480
480
480
480
480
480
480
480
480
480
480
480
480
480
480
480
480
480
288
480
480
480
138
480
480
480
480
480
480
480
155
480
480
604
480
480
480
480
480
480
480
480
480
480
480
480
480
480
480
480
480
480
480
480
480
480
480
480
480
480
480
480
480
244
480
480
480
480
480
480
480
480
480
548
480
480
480
195
480
480
480
480
480
480
480
480
480
480
567
480
480
480
480
480
480
480
480
480
480
480
480
396
480
480
480
480
480
480
480
480
480
287
204
480
480
480
269
480
599
480
480
480
480
480
480
480
480
480
480
480
436
480
480
480
480
480
128
480
480
480
480
480
480
480
480
480
480
480
480
480
480
480
480
480
480
480
480
480
480
480
480
480
480
480
480
480
480
480
480
254
480
480
480
480
480
480
480
480
480
289
480
480
480
480
480
480
480
480
480
480
480
480
480
480
480
480
480
480
480
480
501
480
480
480
480
480
480
480
480
480
480
480
161
480
480
480
480
480
403
480
191
480
480
480
480
480
480
198
480
480
480
480
480
480
480
145
480
480
480
480
480
198
480
480
480
480
480
480
480
480
480
480
480
480
480
480
480
480
480
480
480
480
480
480
480
218
480
480
480
480
480
480
480
480
480
480
480
480
480
480
480
480
480
480
480
480
480
130
480
480
480
480
480
480
480
480
480
480
480
480
480
480
480
480
480
480
480
480
146
200
480
480
480
480
480
480
480
480
480
480
480
480
480
480
480
480
314
480
480
480
480
480
465
480
480
480
480
210
198
480
480
480
480
480
480
480
480
480
480
480
480
480
480
480
124
480
480
480
480
480
480
480
480
1135
480
480
480
480
480
480
480
480
480
480
480
480
480
480
168
480
480
480
480
480
480
480
480
480
480
160
480
480
480
480
480
480
480
480
480
480
480
480
480
480
480
480
480
480
480
480
480
480
480
480
480
480
480
480
480
480
480
182
480
480
480
480
480
480
480
480
480
480
480
480
480
480
480
480
480
480
480
480
480
480
480
480
480
480
480
480
480
480
480
480
480
480
480
480
480
480
480
240
480
480
480
480
480
480
480
480
480
480
480
480
270
480
480
480
480
480
480
480
480
480
480
480
480
480
480
480
695
480
480
480
480
480
480
480
480
511
480
480
480
480
480
480
480
294
480
480
480
480
480
480
480
480
480
480
480
480
480
480
756
480
480
480
480
480
480
480
480
480
480
480
480
480
480
480
480
480
480
480
154
480
480
480
480
193
480
317
480
480
480
163
480
480
480
480
480
480
480
480
480
480
480
480
480
480
480
480
480
480
238
480
480
480
480
480
480
480
480
139
480
480
480
480
480
480
480
480
480
480
480
480
480
480
480
480
480
480
480
480
480
480
480
480
480
480
480
480
480
480
480
480
480
480
480
310
480
480
480
480
480
480
480
480
480
480
480
480
480
480
480
480
480
480
480
480
480
480
480
480
480
480
480
480
480
480
480
480
480
480
480
480
480
480
480
480
480
480
480
480
480
480
480
480
480
480
480
480
480
480
537
480
480
480
480
480
480
480
480
480
480
480
480
480
480
480
480
480
480
480
480
480
480
480
480
480
480
480
480
480
480
480
480
480
480
480
480
453
480
480
480
480
480
480
480
480
480
480
480
480
480
480
480
480
514
480
480
480
480
480
480
480
480
480
480
480
480
480
480
189
480
480
480
480
480
246
480
480
480
480
480
480
480
480
480
475
480
480
480
480
480
480
480
480
480
480
480
480
125
480
480
480
480
480
480
480
480
480
480
480
480
480
480
480
480
480
480
480
480
480
480
480
480
480
480
480
480
480
480
480
480
480
480
480
480
480
480
480
480
480
480
480
480
480
480
480
480
480
480
480
480
480
480
480
480
480
480
480
480
480
480
480
480
480
480
480
480
480
480
480
480
480
480
480
480
480
480
480
480
480
480
480
480
480
480
480
480
480
480
480
480
480
480
480
480
480
480
480
480
480
480
480
480
480
480
480
480
480
480
480
480
480
480
480
480
139
480
480
480
480
480
480
480
480
480
480
480
480
480
465
480
480
480
480
480
480
480
480
480
480
480
480
564
480
480
480
480
480
480
480
480
480
480
480
480
480
480
480
480
480
480
480
480
480
480
480
480
210
480
480
480
480
480
480
480
480
480
480
480
480
480
480
480
120
480
480
480
480
480
480
480
480
480
480
480
480
480
480
480
480
480
480
480
480
302
480
480
480
480
480
480
480
480
480
480
480
480
480
480
480
480
480
480
480
480
178
480
480
480
480
480
480
480
480
480
1980
480
480
480
480
480
480
480
480
1103
480
480
480
480
480
480
480
480
480
480
480
480
480
480
480
480
480
480
480
480
480
480
480
480
480
480
480
480
480
480
135
480
480
480
480
480
480
480
480
480
480
480
480
480
480
480
480
480
480
480
480
480
480
480
480
480
480
480
480
480
480
480
480
480
480
480
480
480
480
480
480
480
480
242
225
480
480
480
480
480
480
480
480
229
480
480
480
480
480
480
480
480
849
480
427
480
644
480
480
480
480
480
480
180
480
480
313
480
480
480
480
480
480
480
480
480
480
480
480
480
480
480
480
480
480
480
480
480
480
140
480
480
480
480
480
480
480
480
480
480
177
480
480
480
480
480
480
480
480
480
480
480
480
480
480
480
480
480
480
480
480
480
480
480
480
480
480
480
480
480
480
480
480
480
480
480
480
480
480
480
480
480
480
480
480
480
480
480
480
480
480
480
480
480
480
480
480
480
480
480
480
480
480
480
480
480
480
213
480
480
480
480
480
480
480
480
480
480
480
480
480
480
480
480
480
480
480
480
480
480
480
480
480
480
480
480
480
480
480
480
277
480
480
480
480
480
480
480
480
480
480
480
480
480
480
199
480
480
480
480
480
480
480
480
480
480
480
480
480
480
480
480
480
480
480
396
480
480
480
480
480
480
480
480
480
480
480
480
480
480
480
480
480
480
480
480
480
439
480
480
480
480
480
480
480
480
480
480
480
480
480
480
480
480
480
480
480
480
480
480
480
480
480
480
480
480
480
480
480
480
480
480
480
480
144
480
480
480
480
480
480
480
480
480
480
480
480
480
480
480
480
480
480
480
480
480
480
480
480
480
480
480
480
480
480
480
480
480
187
480
480
480
480
697
226
480
493
480
480
480
222
480
480
480
480
480
480
480
480
480
480
480
480
480
480
121
480
480
480
480
480
480
480
480
480
150
480
480
480
480
480
480
480
480
480
480
480
480
480
480
480
480
284
480
480
480
480
480
480
480
480
480
480
480
480
480
480
480
480
480
480
142
480
480
480
480
480
480
480
480
480
480
480
480
480
480
166
480
480
480
480
480
173
480
1013
480
480
480
480
480
480
480
480
480
480
480
480
480
480
480
480
480
480
480
480
480
480
480
480
327
480
480
480
480
480
480
480
480
480
480
480
480
480
480
480
480
480
480
480
480
218
480
480
480
480
480
480
480
480
198
480
480
480
480
480
480
480
480
480
466
480
480
146
480
480
480
480
224
480
480
480
480
480
191
480
480
480
326
480
480
480
480
480
182
480
480
480
480
480
480
480
480
480
480
121
148
480
480
480
480
480
480
480
480
480
480
213
480
480
480
480
480
480
480
480
480
480
480
480
480
480
480
480
480
480
480
480
480
480
480
480
480
480
480
480
480
480
240
480
480
480
480
480
480
480
480
480
480
480
480
480
480
480
480
480
480
480
480
480
480
480
480
480
480
480
480
480
480
480
480
480
480
480
480
480
480
480
480
480
480
480
480
480
480
480
480
480
480
480
480
480
480
480
480
480
480
480
480
480
480
480
480
480
480
480
480
480
480
480
480
480
480
480
480
480
480
242
480
480
480
480
480
480
480
480
480
480
480
480
480
480
480
480
480
480
480
480
480
480
480
480
480
480
480
480
480
480
480
480
230
471
480
480
480
480
480
480
480
480
480
333
480
480
480
480
480
480
480
480
480
480
480
480
480
480
480
480
480
480
480
480
480
480
480
480
480
480
480
410
480
480
480
480
480
480
480
480
480
480
480
480
480
144
480
480
480
480
480
480
480
480
480
480
123
480
480
480
480
480
480
480
480
480
480
480
480
480
480
480
480
480
480
480
480
480
480
480
456
480
480
480
480
480
480
158
480
480
480
480
480
480
480
480
480
480
480
480
480
480
480
480
480
480
480
340
480
480
480
480
480
480
480
480
480
480
480
480
480
480
480
480
480
480
480
120
480
480
480
480
480
480
480
480
480
480
480
480
480
480
480
480
480
480
480
480
480
480
480
480
480
480
480
480
480
480
480
480
480
480
480
480
480
480
480
480
480
480
480
480
480
480
480
480
480
480
480
480
480
480
480
480
480
480
480
480
480
480
480
480
480
480
480
480
480
480
480
480
480
480
480
480
480
480
480
480
480
480
480
480
480
480
480
480
480
480
480
480
480
480
480
480
480
480
480
480
480
480
480
480
480
480
480
480
480
480
480
480
480
480
480
480
480
480
480
480
480
480
480
480
480
480
480
480
480
480
480
480
480
480
480
480
480
480
480
480
480
480
480
480
480
480
480
480
480
480
480
480
480
480
480
480
480
480
480
480
480
480
480
480
480
480
480
186
480
480
480
480
480
480
480
480
480
480
480
480
480
480
228
480
480
480
480
480
480
480
480
199
480
480
480
480
480
480
480
480
480
480
480
480
480
480
480
199
480
480
480
480
480
480
480
480
480
480
480
480
480
480
480
480
480
480
480
480
480
480
173
480
480
480
162
480
480
480
480
480
480
480
480
480
480
181
480
480
480
480
480
480
139
480
480
480
480
480
292
480
480
480
480
480
480
480
480
480
480
480
480
480
480
480
480
480
480
480
480
480
480
480
480
480
480
480
480
480
480
480
480
480
480
480
480
480
480
480
480
480
480
480
480
480
480
480
480
480
480
480
480
480
480
480
480
480
480
480
480
480
480
480
480
480
480
480
480
480
480
480
480
480
480
480
480
480
480
480
480
480
480
480
480
480
480
480
480
480
536
480
480
480
480
480
480
480
480
480
480
480
480
480
480
480
480
480
480
480
480
480
480
480
480
480
480
480
480
480
480
480
266
480
480
480
480
480
480
480
480
480
480
480
480
480
480
480
480
480
480
480
480
480
480
480
480
480
480
480
480
480
480
480
480
218
480
480
480
480
122
480
480
480
480
480
480
480
480
480
480
480
480
480
480
480
131
480
480
480
480
480
480
480
480
480
480
480
480
480
480
480
480
480
480
480
480
480
480
480
480
193
480
480
480
