380
307
316
204
301
272
370
269
358
327
816
296
306
290
347
329
816
816
816
816
816
816
816
318
816
302
816
816
816
217
206
294
816
816
255
816
816
816
283
816
816
816
816
816
816
222
816
816
267
816
816
816
816
816
816
816
816
816
816
816
816
816
816
816
816
816
816
816
816
816
816
816
816
816
816
816
816
816
816
816
816
816
816
816
816
816
816
816
816
816
816
816
816
816
816
816
816
816
816
816
816
816
816
816
816
816
816
816
816
816
816
816
816
816
816
816
816
816
816
816
816
816
816
816
816
816
816
816
816
816
816
816
816
816
816
816
816
816
816
816
816
816
816
816
816
816
816
816
816
816
816
816
816
816
816
816
816
816
816
816
816
816
816
816
816
816
816
816
816
816
816
816
816
816
816
816
816
816
816
816
816
816
816
816
816
816
816
816
816
816
816
816
816
816
816
816
816
816
816
816
816
816
816
816
816
816
816
