343
301
316
368
290
338
294
282
290
284
282
302
281
422
277
338
299
280
309
270
289
306
322
273
289
281
353
288
273
278
310
324
254
269
261
263
283
312
273
281
313
295
276
288
260
281
277
249
271
319
291
284
249
307
266
281
287
255
287
270
367
225
259
262
303
266
328
273
272
279
434
321
277
291
294
251
301
284
289
269
289
296
270
261
282
224
254
300
270
278
226
254
245
258
313
264
245
281
255
268
295
249
307
325
281
236
252
246
232
267
228
289
269
209
359
220
236
234
245
294
217
223
218
261
248
226
235
211
223
280
275
291
248
269
463
210
234
256
262
238
266
234
232
244
235
235
235
250
276
258
229
302
242
215
308
244
239
253
241
257
243
219
217
235
251
247
289
277
231
242
250
243
222
234
216
258
246
264
238
237
324
282
263
191
200
249
216
238
212
266
238
242
214
185
265
209
240
208
207
214
249
247
266
239
227
206
249
228
240
191
213
231
249
233
208
257
211
209
210
225
271
223
220
228
256
217
235
230
168
120
263
212
194
221
212
229
271
230
207
209
203
250
130
210
211
211
217
224
256
195
253
240
193
241
202
197
205
273
213
243
211
186
202
241
236
153
231
237
219
222
183
248
211
157
167
199
199
254
186
203
243
185
175
207
248
195
204
173
195
204
170
183
222
252
167
251
227
190
248
188
208
197
156
200
203
169
168
200
263
218
199
164
177
146
191
191
218
194
171
85
159
195
208
118
130
136
187
162
167
206
157
208
168
222
198
164
119
143
136
169
237
119
138
231
191
178
125
163
96
139
201
149
197
140
218
139
131
186
160
158
125
184
223
136
217
168
175
340
180
341
160
216
149
129
170
140
170
245
187
118
166
187
237
151
119
158
194
189
141
232
340
189
340
181
166
171
124
238
223
340
110
94
184
169
196
463
340
170
153
193
173
122
171
114
176
340
340
166
159
137
177
340
143
132
145
161
340
121
115
122
127
150
199
340
340
172
340
180
129
340
163
340
143
111
150
109
98
340
141
340
148
340
340
133
175
340
202
340
340
340
153
169
340
187
91
125
136
340
340
85
340
340
98
340
123
340
340
137
95
340
340
121
138
340
340
107
340
127
114
163
340
340
146
340
88
340
128
340
107
340
158
156
103
340
118
104
340
340
340
340
340
340
340
340
340
340
93
340
340
158
340
340
340
340
340
340
340
340
340
340
340
340
340
340
340
97
340
340
340
135
172
95
340
156
340
85
138
340
340
85
340
340
340
110
340
118
340
340
340
340
340
340
340
89
340
340
340
340
340
340
340
192
340
340
340
90
167
340
340
340
340
340
109
340
90
340
340
340
340
132
340
340
98
340
340
340
340
113
340
115
117
85
340
340
340
340
340
340
340
340
102
340
340
340
90
340
340
340
340
340
340
340
340
167
340
340
340
134
340
340
340
340
340
340
340
110
340
340
132
340
340
340
340
340
340
340
340
340
340
340
340
340
340
340
340
340
340
86
340
340
340
340
340
340
340
340
340
340
340
340
340
340
340
340
340
340
340
340
340
340
119
340
340
340
340
340
340
340
340
340
340
340
340
340
340
340
340
340
340
340
340
340
340
340
156
340
340
340
340
340
340
340
340
340
340
340
340
122
340
340
340
340
340
340
340
340
340
340
340
340
340
340
340
340
340
340
340
340
340
340
340
340
340
340
340
340
340
340
340
340
340
340
340
340
340
340
340
340
340
340
101
340
340
340
340
340
340
340
340
340
340
340
340
340
340
340
340
340
340
340
340
340
340
340
340
340
340
340
340
340
340
340
186
340
340
340
340
340
340
340
340
340
340
340
340
340
340
340
340
340
340
340
340
340
340
340
340
340
340
340
340
340
340
340
340
340
340
340
340
340
340
340
340
340
340
340
340
340
340
340
340
340
340
340
340
340
340
340
340
340
340
340
340
340
340
340
340
340
340
340
340
340
340
340
340
340
340
340
340
340
340
340
340
340
340
340
340
340
340
340
340
340
340
340
340
340
340
340
340
340
340
340
340
340
340
340
340
340
340
340
340
340
340
340
340
340
340
340
340
340
340
340
340
340
340
340
340
340
340
340
340
340
340
340
340
340
340
340
340
340
340
340
340
340
340
340
340
340
340
340
340
340
340
340
340
340
340
340
340
340
340
340
340
340
340
340
340
340
340
340
340
340
340
340
340
340
340
340
340
340
340
340
340
340
340
340
340
340
340
340
340
340
340
340
340
340
340
340
340
340
340
340
340
340
340
340
340
340
340
340
340
340
340
340
340
340
340
340
340
340
340
340
340
340
340
340
340
340
340
340
340
340
340
340
340
340
340
340
340
340
340
340
340
340
340
340
340
340
340
340
340
340
340
340
340
340
340
340
340
340
340
340
340
340
340
340
340
340
340
340
340
340
340
340
340
340
340
340
340
340
340
340
340
340
340
340
340
340
340
340
340
340
340
340
340
340
340
340
340
340
340
340
340
340
340
340
340
340
340
340
340
340
340
340
340
340
340
340
340
340
340
340
340
340
340
340
340
340
340
340
340
340
340
340
340
340
340
340
340
340
340
340
340
340
340
340
340
340
340
340
340
340
340
340
340
340
340
340
340
340
340
340
340
340
340
340
340
340
340
340
340
340
340
340
340
340
340
340
340
340
340
340
340
340
340
340
340
340
340
340
340
340
340
340
340
340
340
340
340
340
340
340
340
340
340
340
340
340
340
340
340
340
340
340
340
340
340
340
340
340
340
340
340
340
340
340
340
340
340
340
340
340
340
340
340
340
340
340
340
340
340
340
340
340
340
340
340
340
340
340
340
340
340
340
340
340
340
340
340
340
340
340
340
340
340
340
340
340
340
340
340
340
340
340
340
340
340
340
340
340
340
340
340
340
340
340
340
340
340
340
340
340
340
340
340
340
340
340
340
340
340
340
340
340
340
340
340
340
340
340
340
340
340
340
340
340
340
340
340
340
340
340
340
340
340
340
340
340
340
340
340
340
340
340
340
340
340
340
340
340
340
340
340
340
340
340
340
340
340
340
340
340
340
340
340
340
340
340
340
340
340
340
340
340
340
340
340
340
340
340
340
340
340
340
340
340
340
340
340
340
340
340
340
340
340
340
340
340
340
340
340
340
340
340
340
340
340
340
340
340
340
340
340
340
340
340
340
340
340
340
340
340
340
340
340
340
340
340
340
340
340
340
340
340
340
340
340
340
340
340
340
340
340
340
340
340
340
340
340
340
340
340
340
340
340
340
340
340
340
340
340
340
340
340
340
340
340
340
340
340
340
340
340
340
340
340
340
340
340
340
340
340
340
340
340
340
340
340
340
340
340
340
340
340
340
340
340
340
340
340
340
340
340
340
340
340
340
340
340
340
340
340
340
340
340
340
340
340
340
340
340
340
340
340
340
340
340
340
340
340
340
340
340
340
340
340
340
340
340
340
340
340
340
340
340
340
340
340
340
340
340
340
340
340
340
340
340
340
340
340
340
340
340
340
340
340
340
340
340
340
340
340
340
340
340
340
340
340
340
340
340
340
340
340
340
340
340
340
340
340
340
340
340
340
340
340
340
340
340
340
340
340
340
340
340
340
340
340
340
340
340
340
340
340
340
340
340
340
340
340
340
340
340
340
340
340
340
340
340
340
340
340
340
340
340
340
340
340
340
340
340
340
340
340
340
340
340
340
340
340
340
340
340
340
340
340
340
340
340
340
340
340
340
340
340
340
340
340
340
340
340
340
340
340
340
340
340
340
340
340
340
340
340
340
340
340
340
340
340
340
340
340
340
340
340
340
340
340
340
340
340
340
340
340
340
340
340
340
340
340
340
340
340
340
340
340
340
340
340
340
340
340
340
340
340
340
340
340
340
340
340
340
340
340
340
340
340
340
340
340
340
340
340
340
340
340
340
340
340
340
340
340
340
340
340
340
340
340
340
340
340
340
340
340
340
340
340
340
340
340
340
340
340
340
340
340
340
340
340
340
340
340
340
340
340
340
340
340
340
340
340
340
340
340
340
340
340
340
340
340
340
340
340
340
340
340
340
340
340
340
340
340
340
340
340
340
340
340
340
340
340
340
340
340
340
340
340
340
340
340
340
340
340
340
340
340
340
340
340
340
340
340
340
340
340
340
340
340
340
340
340
340
340
340
340
340
340
340
340
340
340
340
340
340
340
340
340
340
340
340
340
340
340
340
340
340
340
340
340
340
340
340
340
340
340
340
340
340
340
340
340
340
340
340
340
340
340
340
340
340
340
340
340
340
340
340
340
340
340
340
340
340
340
340
340
340
340
340
340
340
340
340
340
340
340
340
340
340
340
340
340
340
340
340
340
340
340
340
340
340
340
340
340
340
340
340
340
340
340
340
340
340
340
340
340
340
340
340
340
340
340
340
340
340
340
340
340
340
340
340
340
340
340
340
340
340
340
340
340
340
340
340
340
340
340
340
340
340
340
340
340
340
340
340
340
340
340
340
340
340
340
340
340
340
340
340
340
340
340
340
340
340
340
340
340
340
340
340
340
340
340
340
340
340
340
340
340
340
340
340
340
340
340
340
340
340
340
340
340
340
340
340
340
340
340
340
340
340
340
340
340
340
340
340
340
340
340
340
340
340
340
340
340
340
340
340
340
340
340
340
340
340
340
340
340
340
340
340
340
340
340
340
340
340
340
340
340
340
340
340
340
340
340
340
340
340
340
340
340
340
340
340
340
340
340
340
340
340
340
340
340
340
340
340
340
340
340
340
340
340
340
340
340
340
340
340
340
340
340
340
340
340
340
340
340
