463
505
492
967
504
572
814
696
634
670
481
488
401
522
427
694
541
485
425
473
486
437
474
773
500
1002
447
414
630
440
461
432
630
396
426
621
439
790
411
920
1087
448
424
447
476
623
1899
419
400
403
399
635
795
679
391
467
821
405
413
423
1530
1192
700
1006
389
384
489
923
450
508
385
372
611
393
385
410
388
466
1207
601
604
386
403
415
760
364
435
551
1794
722
1006
464
394
565
439
780
394
420
685
677
1465
395
478
447
712
424
660
895
407
549
407
548
482
627
364
509
411
1262
414
547
377
614
778
368
374
495
534
1191
453
363
624
411
811
597
588
812
396
403
373
452
407
870
423
383
889
667
882
542
442
416
363
436
436
389
386
368
404
431
377
432
386
461
546
380
424
376
991
359
588
377
410
1189
372
487
420
433
393
538
417
700
414
380
416
1105
400
530
373
381
390
373
374
399
400
414
585
1147
397
367
346
387
392
547
404
404
462
387
391
527
580
409
407
554
610
351
442
389
1799
361
379
514
356
381
378
743
437
1008
373
405
379
549
381
750
366
393
358
405
487
373
361
642
646
667
356
681
351
396
398
365
895
390
502
385
365
582
371
372
384
385
362
336
454
599
379
375
1021
571
365
362
365
366
426
847
416
529
697
852
369
392
355
381
387
427
389
384
894
348
344
365
381
1102
880
375
389
379
523
441
379
363
844
464
350
393
674
598
358
409
361
361
368
373
864
509
373
389
484
386
382
406
368
791
1324
374
573
404
522
714
396
550
402
471
367
365
363
385
528
375
550
558
885
355
647
553
366
1245
342
349
344
552
373
358
375
370
362
348
392
339
399
357
345
372
722
569
389
578
346
391
376
362
352
411
352
609
441
360
388
379
643
536
652
605
365
640
364
405
348
377
364
532
405
628
360
338
735
500
377
369
358
413
376
379
328
506
521
560
542
372
341
374
784
393
338
484
392
354
631
359
375
342
503
364
431
475
540
347
588
459
371
378
342
367
422
332
357
564
539
606
381
648
359
413
546
568
360
368
558
371
362
362
365
362
659
347
372
342
331
598
372
466
615
554
559
384
564
346
393
390
360
370
567
366
467
399
376
362
579
412
394
368
356
328
580
386
336
364
419
352
632
350
557
357
352
381
362
555
714
563
351
896
360
402
377
371
343
647
644
376
519
599
372
351
521
360
383
547
525
564
356
556
377
367
355
399
354
362
346
512
509
572
1191
352
457
1013
368
383
350
717
567
381
376
452
357
399
557
374
333
382
582
769
367
438
705
323
524
350
483
613
381
696
576
348
357
505
367
354
2172
358
491
383
346
498
335
347
1043
355
370
351
334
349
521
345
371
431
330
363
329
342
541
517
334
371
370
428
350
375
347
347
2172
323
355
549
579
540
353
525
352
345
371
618
401
398
343
350
338
373
358
552
396
364
346
371
462
613
536
539
355
540
402
386
339
346
350
684
311
383
329
345
510
367
525
478
440
342
319
991
352
522
345
341
461
395
356
340
638
544
394
526
346
369
362
393
370
339
504
512
466
351
382
619
723
497
409
546
361
557
340
350
584
453
688
345
361
380
527
566
348
623
465
352
346
624
370
534
353
350
367
502
461
355
337
362
381
366
347
542
340
322
332
508
359
355
339
358
365
342
358
523
356
344
568
492
1090
659
415
535
328
441
349
346
345
363
492
535
342
333
334
481
356
463
809
346
352
640
319
496
472
439
632
594
327
478
422
532
547
672
342
510
661
547
392
475
334
355
343
359
335
371
341
342
542
370
587
349
355
365
365
548
623
341
330
351
364
353
648
463
506
346
419
319
413
334
534
581
321
444
361
374
326
635
350
513
325
413
527
322
326
382
368
320
352
354
389
620
343
359
638
361
349
337
1296
349
334
349
370
510
355
473
333
560
342
505
352
337
344
344
357
326
352
325
339
369
339
341
346
381
313
374
765
343
644
965
368
703
360
377
359
349
343
408
570
334
395
463
326
357
342
332
382
406
358
354
659
320
328
337
335
349
325
519
492
343
622
647
360
348
355
523
414
440
359
334
483
319
348
329
337
608
430
702
343
355
403
479
357
360
520
517
559
324
378
339
344
556
352
408
576
337
303
364
667
327
524
387
349
378
644
558
519
347
589
421
373
354
365
318
356
297
506
581
1245
370
346
696
335
355
335
632
369
378
352
350
357
333
362
368
334
351
324
364
353
370
367
370
356
494
338
494
332
364
321
360
566
467
604
394
417
338
415
698
394
346
579
463
347
345
319
521
316
531
898
370
385
339
537
360
549
330
446
321
472
323
563
357
363
363
365
328
552
341
320
347
350
319
370
326
320
345
349
305
532
539
371
635
416
352
679
328
374
350
367
341
366
340
333
337
541
347
353
355
624
356
417
346
572
355
345
713
362
311
469
1006
551
552
349
378
514
380
320
540
343
744
329
338
393
339
326
530
336
338
338
330
408
453
375
349
321
352
333
471
481
361
353
705
447
326
605
375
361
336
323
352
331
547
375
367
374
343
349
642
528
338
291
329
321
502
336
634
571
325
325
357
335
430
453
327
349
356
606
351
343
334
841
335
579
454
312
484
365
468
457
335
335
444
336
355
531
351
374
359
329
339
363
337
309
493
347
518
356
352
480
418
367
350
315
331
351
358
332
384
518
541
512
482
328
350
327
508
371
346
400
451
329
321
353
358
833
587
329
360
553
359
342
349
352
327
336
336
488
341
340
352
352
491
344
394
355
392
733
338
315
330
665
352
350
367
418
357
366
624
419
525
385
363
508
328
325
320
381
339
359
331
556
325
553
390
644
499
342
333
328
356
690
352
463
358
333
320
549
360
342
613
324
311
339
501
393
1899
553
333
324
334
358
340
558
570
479
538
373
566
425
336
319
567
446
576
396
471
916
475
360
393
356
334
395
568
329
327
326
543
331
354
351
370
607
422
353
375
345
368
337
624
478
440
362
329
326
324
438
560
345
328
343
335
342
497
328
416
370
474
339
325
633
565
345
517
459
331
309
425
582
359
347
370
361
364
501
336
328
317
479
336
690
357
670
563
527
327
337
536
331
455
343
721
339
350
315
391
383
352
319
490
356
379
353
423
393
419
333
370
340
364
350
423
361
325
547
588
545
538
363
344
811
548
329
321
481
1899
339
354
354
316
366
479
404
557
483
320
339
377
345
574
337
328
342
364
343
388
408
545
403
404
346
328
509
359
651
321
640
327
576
357
314
314
366
309
484
305
398
324
339
340
557
334
341
306
326
587
349
325
334
508
347
341
557
609
361
331
465
474
360
365
336
556
577
342
424
423
505
342
363
593
324
345
611
315
353
493
379
496
504
374
346
416
448
492
444
535
449
452
560
313
388
490
487
393
854
338
670
866
373
391
607
350
341
371
378
381
885
516
323
340
536
347
399
338
605
334
348
326
334
326
347
459
347
355
344
448
358
369
326
302
589
352
329
521
465
380
620
333
342
318
345
574
410
317
620
445
337
335
638
331
370
311
455
334
363
326
416
325
368
352
336
564
473
366
472
598
277
337
327
570
332
311
349
335
431
411
330
355
602
525
319
320
330
593
382
334
301
329
553
350
386
530
336
337
332
552
362
586
344
324
479
475
524
346
353
340
339
521
355
573
318
335
503
587
749
313
548
501
570
692
318
333
325
532
330
343
380
1189
407
440
457
318
459
327
378
339
763
360
381
313
301
321
333
328
317
312
334
384
420
355
573
297
355
312
308
310
345
338
306
336
353
604
336
354
317
318
347
375
352
329
325
338
471
321
353
335
336
857
499
342
343
615
597
371
354
616
346
375
573
332
504
600
359
467
553
563
333
548
430
564
348
443
1147
340
345
671
356
495
342
488
557
334
724
305
310
350
418
598
393
472
297
555
328
478
444
568
302
310
339
411
312
610
353
328
324
439
523
537
494
404
366
314
318
325
362
488
341
340
378
346
300
509
365
345
425
452
500
361
327
583
329
379
512
519
345
342
360
351
312
355
378
350
324
330
439
365
326
332
316
315
346
322
567
335
347
593
547
482
335
469
327
352
352
433
326
564
351
644
333
346
553
356
642
385
328
345
328
330
352
654
328
335
479
551
349
325
526
1272
331
311
316
366
331
395
778
545
362
427
326
617
325
484
331
306
299
431
315
315
325
310
367
315
454
322
470
420
316
333
503
325
347
334
587
369
300
407
330
563
362
550
302
317
354
581
334
551
340
342
309
336
613
373
413
487
384
616
440
306
395
491
627
354
394
365
315
556
384
334
309
347
387
372
347
347
467
349
287
311
574
322
808
294
442
338
535
329
330
505
346
435
372
355
565
363
597
330
424
397
377
382
328
468
481
361
288
330
595
516
399
314
327
320
524
363
328
534
388
449
319
338
558
470
296
512
323
310
315
301
357
428
312
300
328
294
320
479
510
424
335
454
346
366
289
423
340
327
509
340
350
524
338
575
454
362
324
467
579
493
318
370
290
358
323
362
339
332
322
508
340
328
322
483
332
291
322
297
305
311
344
300
301
332
394
349
359
317
347
320
650
492
357
375
359
356
345
336
322
298
301
342
318
453
331
340
383
527
528
363
358
335
469
433
314
346
334
319
340
343
624
313
580
333
322
333
314
473
343
348
325
314
357
412
690
348
358
345
348
316
338
754
330
497
369
321
471
613
353
340
352
485
492
323
327
340
316
745
181
265
310
363
343
369
480
306
426
337
483
535
321
353
312
308
528
430
477
304
315
484
338
515
332
336
324
355
349
306
335
350
340
297
717
355
306
429
340
320
315
386
926
411
341
308
354
506
311
370
461
322
386
334
1794
346
316
308
364
371
389
347
317
616
343
317
295
330
351
452
528
360
324
536
316
688
301
326
329
331
322
329
604
350
322
499
516
318
334
312
292
308
322
335
328
611
346
281
482
311
522
421
380
344
357
301
337
616
307
312
293
381
368
530
342
304
372
357
329
456
366
360
481
353
357
481
332
306
342
309
527
360
333
345
316
301
311
343
495
552
337
308
324
358
358
338
363
333
411
300
340
480
374
351
570
289
350
362
352
325
461
529
539
522
335
439
312
391
832
329
322
321
371
302
340
362
338
364
324
337
344
657
321
328
531
296
353
496
441
540
331
432
306
352
533
463
579
324
544
325
318
339
331
328
312
1296
339
447
468
584
332
374
789
306
332
353
341
315
351
323
341
309
328
377
308
328
406
528
295
394
316
334
354
328
293
545
336
603
561
319
392
255
296
469
316
487
325
356
325
427
412
326
356
518
296
307
351
389
535
296
547
323
323
318
318
369
539
326
453
335
322
517
326
296
541
337
471
340
489
467
398
316
345
531
296
325
287
511
349
316
326
344
424
291
357
354
511
346
334
305
291
324
499
316
410
1245
458
467
360
434
311
363
551
318
673
291
313
364
289
291
301
323
327
505
632
441
327
414
317
309
473
309
303
335
585
296
482
305
304
330
308
534
367
297
327
465
335
394
308
348
472
317
359
512
336
307
308
286
460
317
288
338
463
337
585
336
340
345
410
310
486
348
607
322
330
361
709
320
294
348
628
313
354
423
320
319
327
543
305
309
580
684
356
354
335
288
331
300
331
323
354
346
354
314
328
302
530
351
349
314
329
482
294
340
378
310
335
501
481
365
438
552
573
389
550
442
403
342
325
394
298
336
368
460
554
333
326
321
460
366
346
450
284
541
303
318
593
541
350
331
313
434
364
283
312
366
312
302
324
318
329
331
328
279
331
368
313
357
345
528
379
306
395
360
371
346
322
337
323
300
329
319
441
320
556
330
314
303
330
374
299
335
328
336
535
333
321
615
320
327
344
316
275
359
335
345
437
309
300
358
325
302
416
534
318
321
316
316
336
284
267
546
308
306
306
461
332
304
332
301
328
313
319
296
318
535
314
293
471
304
329
486
402
329
666
288
468
611
811
399
476
282
290
296
343
427
338
559
337
345
320
324
365
306
442
467
650
511
265
316
282
1799
367
304
401
665
566
314
435
324
292
279
300
372
265
322
323
294
303
288
535
2172
341
311
320
389
322
609
391
290
338
368
450
295
464
551
291
309
350
347
316
329
444
338
302
372
613
398
300
394
425
396
318
546
345
342
324
315
284
315
304
311
274
305
288
317
341
288
301
295
338
556
307
333
334
474
325
353
504
651
311
282
329
323
532
294
350
352
383
311
340
521
771
358
435
387
357
300
429
322
380
396
328
282
307
342
438
675
305
313
408
318
547
315
549
338
346
415
321
518
329
527
326
311
336
308
318
376
332
374
335
304
313
339
326
313
333
516
322
361
299
311
428
305
559
323
341
527
339
287
546
352
499
402
368
345
444
481
299
308
496
580
357
367
363
456
333
329
545
330
264
293
652
325
336
310
348
860
288
302
292
344
415
320
392
351
330
515
570
333
321
345
581
336
514
574
521
350
337
287
301
276
452
284
315
320
307
310
351
558
446
453
552
342
292
303
352
326
306
338
332
323
310
319
326
686
360
365
278
460
352
335
297
496
324
315
364
297
331
334
333
573
324
310
362
325
347
351
517
333
316
251
328
328
294
363
297
309
316
440
294
354
308
526
291
309
290
310
557
287
297
281
397
306
282
315
334
319
301
311
653
483
341
289
362
292
309
312
320
885
351
298
336
345
329
324
329
324
314
595
336
317
516
308
540
400
374
291
277
309
537
294
344
750
334
357
588
331
332
437
314
711
314
319
368
497
484
340
283
313
291
322
292
342
471
285
328
324
700
577
577
350
316
316
610
340
331
407
290
299
665
305
331
613
315
341
292
326
347
279
330
335
314
349
759
298
315
304
353
297
284
286
439
297
343
354
316
546
305
495
312
319
317
324
546
320
339
349
643
305
297
308
330
284
318
355
308
300
574
828
290
296
312
355
322
300
466
303
601
308
304
444
281
363
331
495
360
526
363
314
306
410
297
818
349
321
282
284
313
492
330
309
294
510
367
280
321
522
494
553
451
333
335
325
321
335
271
329
457
291
431
314
334
572
306
301
311
295
271
321
317
501
315
500
341
570
468
559
469
293
558
464
327
555
296
568
291
355
355
550
328
303
258
309
312
301
571
304
339
327
357
321
318
327
286
295
576
306
330
324
323
375
293
349
371
306
322
371
749
349
314
291
315
317
343
330
327
584
425
326
361
579
290
345
498
551
271
555
495
364
535
615
329
321
604
358
304
325
474
482
418
305
305
372
315
353
307
297
520
467
323
294
324
338
283
329
314
311
339
307
328
366
321
310
346
305
425
342
349
415
326
588
321
422
364
308
444
260
331
323
295
312
529
304
313
335
329
451
490
354
355
340
432
330
336
318
313
510
305
320
281
348
489
296
321
845
341
313
349
593
297
276
284
331
321
825
326
311
319
308
308
333
314
354
319
320
314
341
350
343
343
324
316
331
346
405
295
304
251
424
325
314
319
276
284
293
301
306
314
516
330
342
343
322
384
335
377
383
626
310
345
271
304
351
318
311
470
307
293
325
628
337
391
481
343
312
298
448
321
470
325
321
522
293
286
334
586
1255
654
298
328
774
520
618
484
406
305
318
446
334
489
351
377
289
579
317
326
283
383
312
828
300
326
367
305
294
311
377
493
297
304
365
429
315
323
329
328
310
566
375
500
327
304
291
316
529
304
299
344
345
307
450
277
300
292
308
659
304
653
343
290
436
366
322
335
494
818
298
398
314
308
615
320
348
322
336
315
327
322
318
301
513
333
501
303
334
314
610
369
285
319
404
299
288
389
287
298
341
555
473
315
342
330
292
316
325
319
320
363
314
441
292
331
339
309
298
330
301
353
455
617
505
327
511
287
574
276
340
287
300
341
304
342
275
373
299
529
654
902
500
317
292
286
311
322
328
303
339
609
331
357
266
359
259
439
299
285
270
327
275
333
316
293
333
264
351
296
361
292
320
279
311
288
306
901
373
324
747
315
308
453
316
280
310
353
311
838
288
296
525
325
323
317
469
308
315
303
289
593
586
303
285
280
568
517
355
472
299
713
210
466
411
317
364
302
276
584
601
357
432
485
278
315
278
885
329
358
301
306
441
326
356
308
295
319
336
304
290
320
319
339
427
326
506
295
302
355
424
446
300
328
339
306
332
309
415
460
350
506
499
385
361
573
450
312
309
339
320
299
343
321
356
244
270
280
560
423
317
321
328
299
497
297
497
301
309
289
279
541
316
497
305
316
309
280
311
330
284
311
419
301
342
337
303
277
287
475
280
350
325
449
283
299
579
348
322
283
297
298
282
360
294
340
413
482
251
294
289
500
330
495
301
476
352
368
359
288
304
406
338
314
317
459
537
300
358
351
321
467
394
335
468
292
264
666
262
318
300
315
436
243
299
308
281
324
285
292
556
320
308
267
508
281
352
313
283
310
318
334
340
336
304
319
325
579
312
331
597
323
316
337
294
427
449
630
295
332
291
501
316
262
485
363
316
281
334
464
371
367
313
291
550
315
299
289
342
480
388
294
342
321
317
454
323
551
363
538
283
321
307
265
290
328
397
304
805
408
308
304
418
504
319
285
320
311
1324
330
478
335
559
532
366
407
669
308
311
318
300
298
613
282
275
317
330
640
355
303
331
334
339
274
555
329
307
302
421
421
542
473
346
326
312
407
326
451
324
432
299
296
504
293
339
376
335
267
317
808
285
343
347
349
335
288
269
416
288
441
345
319
311
270
367
313
375
283
286
289
371
232
283
381
604
265
319
433
330
818
347
328
365
329
441
327
303
346
369
472
298
283
416
301
301
341
316
412
331
707
347
313
376
432
331
391
301
310
310
261
325
390
330
302
320
450
613
715
765
267
341
306
320
294
275
593
529
310
345
308
274
295
628
555
541
294
333
468
260
356
530
291
315
334
286
271
264
311
331
558
284
724
286
275
456
486
375
284
302
299
328
289
282
291
312
305
493
633
288
290
311
274
403
332
337
331
239
486
354
325
315
285
838
296
280
475
428
308
267
305
461
483
425
312
305
477
522
359
285
336
492
289
319
319
311
353
274
339
453
335
322
475
317
358
301
307
258
281
277
297
577
326
279
328
345
496
291
288
329
296
328
259
834
250
327
318
313
313
304
412
285
279
319
309
236
256
327
249
353
692
275
421
311
271
300
303
273
301
501
262
292
504
277
320
302
338
647
303
331
362
264
450
257
276
711
321
263
278
378
293
290
305
430
407
354
349
296
333
292
330
270
292
318
338
307
405
470
282
380
355
292
385
255
276
282
298
510
489
517
297
335
549
574
341
312
287
399
337
486
289
513
273
334
319
328
527
449
370
345
291
462
285
338
329
462
1119
256
311
361
311
251
316
308
333
329
331
915
312
332
598
282
299
351
296
303
335
267
338
276
498
336
360
582
351
326
292
291
319
267
288
305
308
319
310
280
335
280
260
314
305
309
321
413
396
441
362
300
350
548
281
309
279
377
273
294
261
479
315
342
265
310
767
306
279
276
303
584
437
278
486
291
320
293
303
527
298
364
291
328
271
512
288
251
312
414
308
262
471
285
290
291
300
551
274
280
322
307
269
307
260
348
524
284
612
635
484
294
325
490
272
279
363
566
317
371
317
310
574
698
243
293
297
324
329
479
464
306
305
320
281
328
310
278
299
518
291
318
580
326
290
290
340
259
256
263
247
372
280
288
335
300
362
337
269
342
283
281
328
284
552
326
255
294
305
293
335
292
258
555
261
269
303
362
313
319
328
328
323
335
422
285
310
331
284
315
582
454
342
965
253
364
349
497
282
327
312
304
332
351
311
346
323
256
923
382
283
342
376
336
280
265
281
323
481
321
531
339
643
265
281
291
307
300
423
510
450
442
443
282
467
397
515
278
424
287
395
346
295
263
350
527
661
313
312
267
338
277
1489
655
329
345
349
327
266
296
422
277
277
404
411
620
329
333
291
286
261
371
292
281
305
268
273
557
291
297
277
264
295
315
384
339
407
533
450
281
315
308
343
574
552
301
305
271
322
880
314
301
447
340
288
316
279
335
303
507
274
304
334
291
285
493
309
270
382
382
354
571
374
277
287
295
284
323
529
359
348
245
285
348
320
293
274
562
272
275
266
280
387
274
292
291
310
270
467
271
305
308
315
280
336
284
270
449
337
534
366
313
297
278
361
272
327
303
333
325
501
330
352
682
271
293
339
288
325
412
470
292
269
306
298
293
298
314
457
295
267
288
432
298
279
271
329
268
318
272
279
345
271
280
300
259
382
576
267
293
434
318
291
248
361
248
280
285
771
328
592
338
374
295
351
324
309
318
556
442
412
261
521
322
329
282
682
322
291
468
303
290
309
342
296
313
308
291
296
503
618
495
254
280
416
842
451
259
260
321
334
273
310
264
317
658
390
321
469
282
588
771
278
289
322
293
528
358
477
291
355
285
256
323
349
304
660
314
321
280
349
325
306
347
308
268
274
293
240
290
1023
469
321
296
485
306
421
243
271
254
233
507
250
296
558
309
237
263
309
264
518
329
376
322
311
331
302
327
546
321
253
284
644
292
300
279
371
278
335
288
265
284
733
263
332
582
333
244
291
280
361
317
275
310
354
288
256
259
282
396
314
318
331
523
337
348
219
330
341
273
408
292
494
275
264
270
279
557
257
371
384
310
450
271
361
278
307
441
294
425
301
292
301
258
330
281
375
257
487
284
256
261
345
259
363
754
510
278
278
327
311
309
288
288
334
281
290
260
275
240
370
311
309
380
512
301
293
329
291
296
1189
350
290
320
472
274
280
330
322
294
294
301
323
461
317
252
413
450
260
296
349
748
338
272
313
369
378
328
284
273
578
296
302
275
349
264
593
260
317
311
299
763
259
572
303
240
356
310
443
504
268
240
446
329
392
326
291
281
237
332
311
303
335
299
345
265
461
313
303
385
347
275
315
273
294
533
357
303
438
286
270
292
312
343
286
295
245
299
276
322
310
597
324
399
291
326
270
305
301
280
1087
329
369
313
611
278
304
299
422
292
239
286
673
272
342
278
287
235
271
423
267
296
498
339
327
322
314
313
397
285
304
910
299
313
262
256
287
298
466
272
276
369
270
274
233
319
251
628
296
328
288
443
417
323
321
572
465
269
527
267
329
297
277
353
316
287
325
305
260
334
267
290
307
285
303
321
274
274
214
338
299
286
297
507
274
287
319
302
293
260
318
287
518
314
282
314
356
647
301
315
293
325
308
288
259
500
281
301
607
254
248
279
266
253
306
305
499
352
691
242
309
1296
278
264
284
307
298
292
311
310
280
247
262
229
253
339
1125
332
514
309
289
291
336
325
376
519
264
248
258
285
316
245
281
283
306
364
280
413
332
232
290
267
275
285
288
280
293
239
628
465
301
424
506
310
238
298
304
294
277
319
335
417
275
310
362
284
297
458
319
219
345
309
317
282
272
300
415
330
274
322
309
339
380
293
289
281
430
258
337
285
265
308
403
285
301
276
334
547
315
305
282
269
223
270
290
319
344
266
290
276
253
324
308
305
447
347
440
295
417
231
500
235
336
302
280
321
271
546
306
273
356
256
322
521
277
551
414
898
262
316
287
279
336
264
493
275
254
275
282
277
177
321
285
287
294
411
744
425
514
267
297
481
279
558
301
277
527
369
546
335
215
442
297
302
339
250
266
459
432
372
274
362
367
293
245
320
280
295
542
286
268
287
280
261
284
319
251
336
285
270
336
300
272
287
314
374
521
361
414
335
244
284
386
411
305
536
286
292
520
241
314
760
266
303
274
483
347
241
301
316
470
287
298
331
291
326
239
482
356
249
317
237
295
317
530
294
277
261
519
270
325
272
303
289
411
298
277
285
265
269
290
320
292
308
313
219
351
279
833
268
301
299
234
266
312
304
256
466
274
280
370
290
485
312
256
293
703
559
322
268
279
915
259
300
309
352
264
269
278
258
295
303
291
311
319
265
262
328
295
302
532
284
463
287
242
299
275
262
412
287
329
323
268
326
298
497
328
433
434
308
253
233
606
317
298
266
347
549
307
273
307
350
297
281
513
277
241
311
287
423
303
495
320
332
301
275
565
267
295
302
296
258
384
284
268
259
289
337
274
270
281
319
697
415
316
292
250
689
740
331
312
328
355
278
380
253
313
290
271
286
428
301
330
401
262
314
305
266
341
568
309
233
275
337
317
713
306
293
303
269
530
279
448
270
398
518
341
269
394
314
759
383
280
273
311
372
435
399
228
305
479
229
321
287
319
302
486
325
460
255
276
323
218
268
778
328
333
253
323
515
337
275
309
655
264
499
350
313
273
317
339
281
246
277
458
293
255
338
305
287
322
248
254
391
278
328
535
347
304
314
263
586
268
896
259
331
269
315
269
327
251
291
229
277
245
223
481
389
276
268
325
307
333
259
247
320
319
253
256
320
314
249
480
347
293
282
291
335
818
386
284
353
341
342
320
318
273
555
250
279
520
307
298
563
358
347
324
583
319
330
289
337
271
327
299
234
295
341
312
503
363
311
426
293
282
315
443
534
274
245
513
294
309
318
352
258
330
315
194
345
258
291
417
287
283
243
226
254
265
288
348
263
342
243
339
289
292
214
259
331
293
278
294
414
322
218
632
314
281
264
338
295
450
255
298
322
524
322
313
380
298
297
239
570
286
270
510
271
265
279
300
282
434
355
340
375
326
248
279
231
308
352
278
291
314
314
305
330
298
295
237
255
282
534
393
267
307
427
240
320
283
323
314
546
456
252
337
270
287
303
280
291
229
453
295
286
231
322
248
336
548
331
261
584
280
468
271
302
298
275
304
292
277
310
324
261
298
287
276
297
540
299
304
211
236
277
239
311
286
347
391
390
236
251
378
272
371
289
364
317
309
550
247
263
307
297
395
300
273
257
263
328
249
287
249
294
330
284
328
253
282
253
267
262
543
328
271
503
331
320
270
289
256
213
501
364
295
217
210
303
283
297
296
277
288
311
447
444
453
247
263
234
501
272
304
247
314
489
495
296
295
304
215
681
325
286
282
266
307
262
308
407
267
261
350
261
268
285
336
693
325
400
550
286
517
319
242
390
302
394
290
296
301
278
296
255
231
499
234
266
255
318
264
385
268
269
293
710
257
360
455
255
300
281
342
275
266
274
354
220
431
332
292
535
351
287
298
317
285
316
243
343
266
403
266
280
290
264
307
301
437
296
325
422
301
604
250
230
343
294
291
241
250
252
461
295
391
247
295
594
239
280
293
206
547
501
175
312
269
348
528
238
303
578
248
298
277
311
454
306
341
322
352
287
339
391
264
274
282
471
263
456
305
274
363
252
431
236
320
310
289
236
274
337
205
257
489
291
277
274
253
312
255
316
278
484
236
281
385
347
256
255
293
249
281
264
547
329
281
530
301
393
232
341
302
239
279
318
497
327
222
285
311
270
310
216
365
245
273
323
422
287
274
253
579
306
291
351
259
466
311
314
244
644
318
263
375
278
252
247
295
277
275
845
293
322
237
298
281
458
411
548
238
320
277
333
529
292
288
408
291
306
274
316
269
326
280
325
286
270
259
260
339
325
515
321
372
379
285
294
258
274
274
268
274
241
291
293
296
218
267
284
304
272
282
347
268
265
305
357
321
280
319
265
227
246
211
264
320
279
300
325
266
327
814
325
267
285
290
784
270
289
249
258
265
418
270
523
335
180
583
517
320
414
261
495
251
310
284
267
302
241
265
266
290
228
261
288
305
236
287
257
242
267
322
269
306
227
338
402
241
247
269
338
505
328
296
251
323
297
302
333
270
294
256
324
285
237
292
258
511
298
250
292
514
515
427
271
342
293
326
309
299
263
295
275
293
300
226
271
310
292
292
289
252
281
255
393
256
216
225
256
145
466
302
281
267
270
283
464
898
255
295
439
285
585
274
294
316
666
262
317
461
323
274
326
279
518
251
410
273
252
272
328
291
315
286
249
305
291
249
399
409
267
274
273
257
326
318
436
212
263
280
330
293
309
289
266
344
253
270
297
291
292
316
339
583
279
289
288
607
282
234
233
257
285
350
329
235
269
362
232
308
256
267
274
262
334
297
197
276
204
339
273
351
197
269
257
260
216
299
236
292
325
297
527
238
281
218
303
268
237
297
204
281
312
372
286
290
276
209
337
258
256
251
281
253
315
278
262
248
262
487
282
242
241
337
238
239
287
280
292
418
410
268
239
281
277
264
499
301
593
341
339
229
207
291
254
244
244
289
560
235
556
200
209
256
352
239
515
374
267
295
289
245
299
521
324
310
276
293
237
281
296
305
297
273
269
343
313
322
250
251
356
322
251
293
339
313
252
269
319
253
271
339
339
433
290
296
255
225
317
287
282
241
298
268
276
184
313
261
258
292
296
218
503
308
221
280
312
242
286
270
307
388
255
368
319
262
409
239
295
372
234
279
249
293
320
273
243
350
353
271
253
290
265
675
295
280
283
322
317
272
301
233
325
218
319
291
306
272
251
217
228
261
295
486
287
298
256
491
272
190
278
286
217
233
295
351
253
274
490
474
277
287
274
306
253
477
329
293
280
253
277
461
417
217
267
349
281
324
275
294
297
175
283
243
236
323
509
315
209
306
270
291
471
294
247
282
658
283
307
314
503
640
220
251
241
422
264
435
645
260
270
252
209
334
330
324
455
238
286
211
266
339
250
289
442
241
275
263
210
324
227
286
359
336
267
311
298
256
295
238
339
536
439
316
237
240
258
267
295
250
260
217
227
314
200
272
277
302
619
217
805
310
292
241
218
282
247
267
250
351
265
304
300
479
273
211
274
267
277
275
256
337
278
234
328
854
249
228
248
283
436
269
300
246
251
250
339
267
262
237
243
250
241
377
296
681
267
365
275
894
249
305
322
291
292
267
268
602
325
312
298
289
272
477
239
320
316
337
266
328
279
264
289
436
285
267
1331
346
310
349
243
236
249
223
429
284
299
241
304
371
216
351
239
510
257
271
412
313
300
316
235
342
634
585
315
255
218
288
286
252
223
170
407
258
348
307
242
287
233
260
256
237
224
238
338
516
254
348
200
292
288
322
434
260
258
193
463
297
262
300
213
275
313
293
505
287
447
207
267
248
289
267
311
284
169
231
278
267
247
269
519
255
272
301
183
525
269
339
253
273
285
247
270
308
615
324
280
232
316
265
263
336
259
503
257
233
358
284
290
263
322
247
235
213
577
341
291
282
573
289
298
267
311
224
270
328
341
292
276
264
494
215
244
330
293
313
228
342
224
235
253
252
260
240
223
259
242
298
335
218
289
270
292
235
430
291
299
280
288
231
224
586
235
295
248
898
234
367
291
284
290
902
368
299
315
296
265
254
291
340
315
181
203
230
218
526
298
286
304
274
311
224
536
312
218
280
254
296
289
271
247
309
219
275
237
196
233
206
255
311
250
218
194
352
287
396
226
253
400
564
294
218
222
301
198
242
255
217
245
510
390
436
282
281
431
234
266
218
230
243
236
297
246
301
260
275
290
235
354
733
261
310
1013
483
273
285
234
308
227
171
302
214
190
302
334
251
251
210
325
185
436
371
257
263
296
238
361
331
207
256
1799
311
226
568
248
182
252
348
202
369
530
114
235
441
336
299
234
291
200
284
227
411
283
477
422
206
322
510
317
250
256
210
293
242
486
235
283
238
216
190
295
861
283
215
227
274
266
347
281
280
252
349
358
306
281
290
309
503
243
249
564
223
344
264
581
447
286
351
277
246
194
265
259
246
861
218
275
229
345
305
454
246
306
618
237
233
248
248
278
271
325
293
250
205
276
317
229
241
661
218
117
263
292
216
242
245
263
1023
309
305
258
281
306
232
254
278
377
186
216
263
258
473
296
311
319
352
425
243
355
278
301
250
270
283
312
290
284
352
227
244
310
234
208
277
257
311
176
256
425
246
276
216
298
230
228
197
274
354
244
283
246
421
359
315
341
278
492
233
238
268
197
220
435
274
255
265
291
263
216
513
338
328
259
218
227
287
236
250
271
222
411
281
258
308
270
340
355
268
285
276
385
278
141
254
263
203
234
243
265
614
270
519
211
450
331
363
210
242
258
193
422
278
218
459
244
332
241
318
210
322
229
338
289
264
315
235
263
367
258
305
275
567
195
196
339
211
197
300
312
321
255
307
491
246
230
305
289
282
240
254
226
248
209
252
220
327
243
344
280
239
232
268
221
284
473
224
257
214
291
235
266
260
253
489
297
223
255
291
303
303
263
265
265
252
276
239
227
253
329
337
354
527
337
251
255
236
212
302
287
267
293
332
243
235
285
242
369
266
152
273
261
314
418
434
275
382
251
1272
470
574
254
293
262
262
226
253
162
242
213
258
366
318
436
285
199
287
238
210
246
243
247
354
303
271
240
337
245
253
297
260
206
555
325
278
369
242
235
246
665
187
185
314
582
258
181
185
216
186
263
281
233
325
217
260
212
226
167
370
241
244
248
250
541
277
207
250
230
303
253
275
289
256
274
229
230
600
291
346
301
371
269
285
345
227
236
194
219
247
211
287
289
573
287
227
218
223
337
271
240
272
194
243
276
252
323
259
281
437
280
239
534
244
214
589
250
218
521
308
230
404
241
279
215
324
287
241
237
335
250
272
388
283
341
272
221
289
176
267
404
422
211
254
306
223
261
305
261
232
334
222
261
319
243
376
489
566
228
225
567
287
218
324
324
237
278
436
264
179
244
273
274
275
296
299
218
222
111
271
244
226
219
900
497
349
268
854
369
303
430
299
197
505
209
212
251
193
286
263
200
217
242
254
242
345
354
245
243
253
226
300
481
242
195
257
252
241
275
174
339
232
572
372
552
282
392
246
197
219
311
355
216
296
276
204
438
397
243
178
192
216
186
235
215
177
297
241
309
284
262
235
218
330
295
294
296
250
183
256
248
276
234
468
184
268
476
350
212
234
335
192
332
253
219
195
239
301
230
188
270
530
224
221
259
395
302
266
286
193
215
312
174
246
258
190
185
171
227
223
265
351
235
196
375
281
401
265
228
228
305
113
333
172
142
219
536
277
252
306
269
235
278
384
268
245
292
297
222
274
461
287
288
568
238
279
258
298
256
237
281
227
224
238
281
167
262
302
354
309
355
240
271
225
320
198
243
216
854
253
183
350
273
339
247
175
472
292
234
216
270
186
271
624
260
215
322
220
295
257
518
546
223
354
209
360
209
287
277
190
309
305
257
557
236
593
208
282
331
303
215
396
233
275
261
311
475
249
242
229
280
239
246
259
176
324
309
289
537
209
203
286
229
385
245
245
296
289
198
246
244
280
228
227
252
288
237
301
152
263
234
235
552
258
269
214
325
276
233
864
272
343
251
284
293
204
303
204
200
312
294
305
120
243
208
219
117
202
270
258
237
253
279
326
184
144
177
253
261
262
273
293
189
204
269
600
370
202
842
202
276
183
200
284
226
203
282
250
226
291
160
266
203
295
911
228
558
246
190
256
331
226
244
220
212
240
251
290
290
580
834
236
290
343
248
473
209
481
311
297
254
258
274
166
231
270
187
398
337
309
228
229
198
241
356
243
383
355
253
549
264
436
215
335
611
237
218
202
239
287
201
467
318
253
282
484
234
378
182
353
422
175
238
282
245
237
256
248
256
291
264
282
288
235
306
259
360
210
268
256
811
246
307
202
291
257
425
348
380
269
219
710
348
210
628
241
202
321
214
225
293
546
191
201
297
289
235
176
321
355
286
130
230
275
359
277
320
445
477
252
295
211
240
300
218
282
266
171
229
249
243
230
204
248
246
261
305
275
252
259
214
324
212
282
184
314
244
221
230
187
280
235
628
238
279
236
329
206
165
207
536
436
251
271
535
208
199
333
278
218
218
286
176
260
320
242
260
182
516
398
297
375
241
283
219
223
296
302
346
368
306
640
260
246
185
260
264
479
242
152
622
109
814
226
314
235
279
251
302
251
240
318
235
540
219
632
248
306
318
263
227
197
410
228
234
311
159
247
313
252
218
408
417
211
212
285
251
271
325
265
436
232
394
305
306
867
272
847
272
150
161
255
196
325
273
403
288
230
247
211
289
144
224
436
285
254
325
109
241
256
274
262
288
217
267
220
111
246
198
250
261
253
250
217
424
225
259
218
232
209
186
316
243
212
249
186
212
176
309
235
279
331
282
539
282
245
286
225
164
190
244
231
205
298
535
210
213
233
211
294
260
179
195
310
284
170
234
250
436
298
217
317
512
249
338
291
229
346
279
245
239
320
448
215
265
280
420
181
179
300
208
284
208
271
133
389
200
153
213
265
229
195
201
129
219
540
360
214
309
180
187
430
149
245
245
228
251
294
182
182
230
342
866
240
504
218
291
246
174
289
250
202
264
316
279
284
219
255
356
208
318
312
541
289
237
237
451
205
291
275
277
161
199
231
291
325
305
270
117
226
238
322
355
324
191
221
264
233
232
179
304
224
570
229
203
213
194
188
214
202
454
335
282
145
340
207
291
472
305
967
197
245
228
204
261
156
218
192
237
239
261
208
283
204
354
249
220
157
299
318
218
392
177
292
203
258
250
216
327
229
257
123
245
217
221
227
284
367
217
245
214
380
332
201
330
209
203
254
317
194
203
274
588
285
381
251
232
383
183
364
266
593
309
304
316
562
277
324
228
136
232
170
216
225
303
155
324
169
304
237
112
249
218
307
242
276
202
240
322
222
504
247
192
208
227
252
607
250
244
109
497
245
471
148
531
230
400
204
209
294
276
198
1189
202
291
235
1189
251
416
365
146
308
330
423
229
262
235
196
250
285
215
223
227
436
255
201
324
210
233
503
276
456
270
484
204
218
266
262
219
243
271
412
163
273
461
217
249
391
404
213
269
339
281
219
436
387
159
239
158
279
289
175
170
264
253
349
189
298
212
201
238
409
285
550
215
209
209
265
338
436
477
234
237
198
208
280
499
244
225
419
242
266
490
258
246
436
186
226
272
214
274
252
404
287
436
222
436
158
117
213
242
257
436
238
216
528
201
192
266
216
211
293
381
550
269
287
157
225
240
407
293
215
144
547
192
175
172
516
283
263
174
311
213
281
514
463
232
709
197
263
188
288
200
253
220
109
146
323
279
279
218
168
336
251
436
204
259
266
208
298
243
215
232
436
245
188
156
211
239
166
229
236
245
291
278
339
265
248
131
321
115
189
174
202
455
260
187
166
252
217
231
266
253
114
227
634
181
299
274
226
618
263
251
246
253
193
239
193
251
284
226
111
197
174
148
243
128
258
271
222
231
194
183
179
280
315
187
228
176
280
409
189
557
272
267
193
217
436
149
233
344
206
182
370
274
216
109
159
217
288
258
231
269
274
220
273
146
290
281
240
186
273
308
203
221
133
265
486
196
219
194
148
144
183
204
463
196
200
174
126
205
166
230
190
316
150
155
226
237
258
244
224
230
221
201
220
226
430
215
271
584
522
225
241
197
270
265
152
436
219
264
280
436
154
251
230
128
265
252
157
184
222
244
186
261
497
273
203
511
370
436
266
159
148
206
164
295
459
270
156
109
217
241
202
232
263
285
436
279
303
574
181
178
449
476
229
319
193
215
206
494
109
205
264
212
141
201
148
436
214
165
283
219
140
255
267
436
329
436
174
240
224
260
229
116
391
165
212
217
557
292
436
208
127
178
575
213
211
312
138
415
172
309
293
254
186
199
235
361
217
249
191
201
288
218
194
209
233
287
125
424
331
231
244
369
277
312
189
484
283
218
649
114
200
270
285
197
109
298
454
232
233
128
160
251
303
436
218
235
571
141
275
393
121
251
304
193
276
200
318
298
208
354
196
223
272
315
258
254
349
319
165
533
161
200
171
231
284
436
213
436
418
1262
302
201
214
132
316
385
206
436
312
187
229
110
212
179
297
238
212
243
218
242
299
194
257
238
436
318
137
472
247
251
155
159
170
212
286
142
268
265
309
157
220
318
263
274
228
300
186
271
194
208
181
257
489
192
171
281
436
204
805
468
314
242
260
176
222
135
242
189
252
663
298
256
184
247
166
292
241
353
265
257
260
241
227
198
249
207
139
266
261
234
498
286
279
322
198
215
436
215
185
291
310
281
283
524
151
211
176
212
224
206
692
221
524
303
479
503
436
479
220
257
468
179
180
173
232
261
217
221
131
436
180
325
327
348
230
185
260
371
418
136
319
224
221
408
128
305
436
203
151
308
263
413
313
436
232
417
585
127
184
191
216
223
230
274
235
259
169
182
436
143
242
579
259
304
303
436
192
189
247
201
190
262
298
436
199
138
209
346
492
221
200
308
125
256
368
264
120
289
164
285
436
135
634
242
244
247
269
436
265
125
232
436
377
326
237
132
226
203
318
263
436
167
119
144
137
280
223
436
273
204
213
250
420
210
241
233
225
524
265
215
210
161
386
244
436
162
216
288
166
436
436
218
197
436
336
198
109
145
261
275
436
436
469
226
116
168
436
285
207
436
570
227
145
285
153
336
436
586
263
109
326
300
310
210
214
436
268
274
222
273
269
547
117
193
208
264
240
249
222
190
230
255
218
211
177
228
120
240
199
172
206
184
236
284
218
564
157
300
217
234
482
186
245
314
174
522
275
209
436
258
233
473
300
493
165
200
528
394
109
436
145
171
246
236
293
403
338
569
197
312
148
172
203
231
510
314
194
272
248
436
218
436
267
316
358
226
749
109
129
263
172
231
302
331
209
292
175
140
481
204
243
264
197
257
183
248
215
196
259
178
125
262
261
114
174
217
247
273
157
270
548
201
236
243
357
301
205
174
283
208
273
190
377
237
276
184
143
436
284
115
684
238
317
297
436
201
308
223
239
209
192
398
301
223
276
249
217
234
220
300
436
232
179
539
182
188
218
224
218
241
436
201
141
277
436
356
187
213
314
223
550
283
436
151
436
146
208
333
111
149
265
212
268
150
207
109
320
244
253
198
225
261
382
136
436
219
198
348
300
436
235
109
273
305
247
202
243
436
246
204
902
181
178
213
178
436
245
169
171
267
221
211
261
353
122
328
208
204
203
187
203
307
173
492
261
135
225
203
291
225
155
218
201
221
436
235
237
556
436
196
213
189
184
271
180
248
187
346
270
234
436
284
146
301
1899
250
270
117
260
436
207
472
436
185
242
225
315
264
436
436
280
202
503
182
692
208
145
178
436
436
160
267
290
224
436
191
206
135
436
273
524
141
293
208
343
275
199
180
137
167
207
220
114
139
436
436
222
165
145
245
211
652
201
218
235
281
304
171
253
168
201
150
126
467
266
249
241
436
217
209
171
139
185
184
206
274
271
358
205
205
224
653
436
270
436
156
197
146
172
184
284
200
207
138
181
196
216
186
118
135
248
113
268
220
204
152
257
334
194
264
436
299
218
279
392
232
155
325
436
220
342
219
155
227
109
436
341
267
436
436
320
242
588
301
436
196
201
148
173
553
235
325
460
174
233
156
195
166
212
340
274
198
134
204
332
248
185
183
239
264
149
217
205
263
162
355
209
436
624
184
121
147
148
221
209
109
109
175
213
338
142
294
436
269
274
197
218
549
238
454
196
180
330
173
132
436
213
135
116
312
218
177
233
400
233
302
109
290
230
217
208
241
248
204
252
203
149
263
178
252
133
220
220
285
260
183
109
201
259
500
353
197
747
215
241
335
336
153
205
321
436
229
436
387
235
436
113
436
447
436
151
470
436
229
202
189
191
196
210
337
216
658
341
197
249
166
239
251
272
436
436
257
185
207
285
436
436
199
256
221
258
163
324
436
295
118
205
210
121
109
201
436
236
209
586
212
190
206
169
317
436
436
436
851
293
287
181
265
265
189
253
246
239
200
226
204
436
158
223
436
264
196
219
436
240
436
156
156
197
252
273
262
124
280
261
281
267
156
436
275
436
156
162
299
255
187
139
436
138
503
163
176
266
436
259
158
532
159
165
436
236
436
204
219
243
303
371
236
267
281
436
436
493
436
361
241
414
209
302
128
311
217
277
563
514
282
436
220
436
580
175
125
203
289
215
136
264
155
229
436
121
436
534
126
513
227
289
183
168
226
212
197
240
134
436
158
257
328
220
269
436
311
323
168
161
159
218
247
198
340
320
296
150
127
268
337
151
173
491
256
146
359
436
2172
177
181
310
436
170
307
166
436
177
215
218
110
501
733
258
408
296
436
897
227
436
180
436
410
111
187
436
436
436
238
299
291
278
436
1489
318
248
171
436
207
233
165
301
436
136
168
147
273
248
292
436
201
197
436
623
266
240
199
204
271
205
150
436
216
126
339
312
222
282
115
174
198
230
243
159
436
122
168
168
254
157
436
217
436
213
198
436
236
380
209
193
168
217
238
316
337
183
134
155
221
284
150
309
114
260
268
436
137
436
177
255
217
226
230
166
549
763
220
319
194
262
109
229
180
109
216
206
132
293
162
265
207
179
235
232
264
219
127
234
436
109
272
167
283
109
280
160
142
198
274
249
158
161
165
215
436
211
157
182
179
203
271
302
174
223
160
224
231
156
260
219
228
436
175
184
436
307
436
436
200
109
166
437
436
222
230
264
580
203
242
457
457
163
436
112
109
203
223
200
436
145
274
214
436
193
173
161
208
221
160
436
236
436
505
204
241
217
283
152
191
162
309
570
436
436
155
124
267
165
247
237
205
436
335
319
168
263
186
174
436
144
177
207
224
160
170
169
213
851
451
436
436
144
436
343
386
238
181
254
301
195
145
436
112
450
285
302
267
121
152
214
436
215
183
436
276
436
148
176
436
436
436
221
122
223
436
218
151
436
245
436
182
280
242
315
436
436
436
239
224
226
470
175
506
436
192
271
436
251
232
436
183
207
313
288
177
134
167
198
246
263
271
235
211
436
125
265
342
188
436
124
194
269
487
257
183
332
301
376
132
211
195
436
277
255
436
436
281
182
121
118
326
209
109
209
436
120
159
436
299
278
192
210
132
436
260
144
211
253
436
553
436
357
308
219
436
195
244
436
150
436
212
436
256
175
232
282
436
436
293
436
153
216
436
203
436
207
436
240
177
436
134
250
142
203
306
279
209
195
125
168
170
217
165
140
209
436
322
189
289
436
123
436
353
135
161
213
449
256
500
436
396
324
436
280
436
222
341
266
249
313
278
262
156
211
165
309
459
159
163
266
216
176
436
268
192
260
176
182
245
258
584
436
218
237
436
192
350
274
436
224
436
436
288
799
436
289
233
183
436
150
320
436
436
133
310
264
436
120
162
210
177
156
436
221
436
436
436
436
212
292
218
273
436
436
161
138
194
260
271
185
208
109
233
232
186
207
228
170
120
196
436
436
121
311
220
174
194
436
436
290
221
521
266
128
147
136
181
109
115
185
344
269
170
184
267
138
128
436
436
436
180
142
198
232
197
113
436
224
237
137
214
179
207
280
366
436
250
205
566
195
194
171
440
436
262
436
154
186
175
166
160
233
436
277
211
178
436
183
158
136
436
110
436
436
157
304
436
292
298
436
331
436
156
1090
436
224
436
215
452
282
436
198
335
436
123
203
442
148
436
206
142
217
240
141
126
436
867
120
421
136
189
436
159
200
209
260
262
436
247
154
202
236
136
109
436
269
114
222
436
213
220
218
321
189
542
242
208
234
363
120
117
436
436
436
188
156
254
328
436
436
312
436
216
180
169
289
217
280
436
214
487
158
436
282
161
224
436
323
136
199
147
231
114
194
196
269
166
436
436
436
288
210
160
436
494
196
238
153
191
183
436
195
436
173
234
436
436
234
157
128
278
253
277
178
144
436
436
436
212
436
121
436
220
200
183
478
142
668
436
247
226
185
436
279
142
150
186
140
221
436
505
436
178
217
224
122
126
327
436
121
436
175
436
157
216
302
207
128
170
182
254
137
436
195
218
122
125
187
311
241
136
436
194
111
528
436
182
235
165
436
196
109
229
109
436
436
143
160
436
197
110
334
238
436
545
241
145
436
116
436
143
436
136
211
265
279
150
140
229
436
242
493
351
188
190
287
199
313
360
113
283
436
436
239
151
194
436
436
436
374
436
193
138
436
213
574
150
175
436
218
191
141
160
109
154
171
489
525
327
139
155
436
120
436
233
218
220
110
213
286
113
124
436
436
436
366
436
436
120
355
140
165
231
250
219
125
173
522
253
194
269
161
436
235
124
197
436
436
164
211
229
289
147
147
217
436
385
246
436
279
158
220
200
178
324
218
186
573
436
187
183
182
436
144
213
155
200
436
177
112
218
251
488
182
335
298
436
209
436
225
132
216
242
632
209
436
226
310
109
188
436
303
317
259
436
515
294
436
436
436
436
436
271
219
186
436
311
255
436
143
237
163
186
115
615
177
194
255
536
117
120
436
264
173
200
436
268
216
436
583
292
461
436
436
159
436
436
182
436
181
182
436
436
214
232
436
436
298
346
249
436
250
216
234
369
132
151
109
436
457
436
224
288
436
436
189
133
436
889
197
213
260
436
240
166
436
436
252
249
109
280
436
215
436
153
185
162
436
149
436
191
246
269
217
328
262
172
315
194
235
436
436
436
436
436
190
145
436
436
436
176
192
436
233
436
436
436
274
207
436
150
436
436
436
203
436
265
212
436
436
655
267
437
149
122
436
295
436
288
436
218
133
186
239
262
199
436
436
436
436
154
271
436
224
188
243
200
529
265
436
193
280
177
436
188
191
436
436
436
436
213
215
436
137
521
187
436
127
436
436
116
436
176
436
131
124
436
256
436
186
436
436
139
436
436
150
263
212
469
218
436
247
230
243
157
202
209
436
251
436
1189
219
158
436
421
239
194
261
167
199
436
271
260
374
326
436
424
123
113
436
210
436
109
171
259
506
253
201
436
436
273
381
436
436
151
213
436
436
207
436
111
436
223
528
436
229
436
436
138
436
436
247
109
184
177
221
436
231
159
190
214
132
178
144
165
436
328
436
237
223
116
436
183
436
436
258
259
127
436
134
124
205
212
193
191
145
254
230
216
436
151
290
114
436
436
436
265
209
290
272
218
241
465
250
436
249
221
237
172
436
696
168
317
122
434
127
436
436
192
436
150
436
292
350
201
232
359
436
121
257
297
243
247
109
204
142
436
436
436
148
287
436
436
396
219
109
436
436
436
436
168
436
436
220
109
264
171
154
436
436
436
200
159
436
207
436
436
436
132
233
268
436
226
209
156
436
436
109
436
196
142
183
263
436
436
117
436
223
436
436
436
221
271
300
211
189
156
301
122
238
436
436
436
197
157
220
470
218
110
233
436
310
233
436
540
436
436
205
223
436
243
141
219
167
179
436
436
436
196
263
245
297
436
436
436
209
436
114
436
164
244
232
229
293
191
240
436
436
256
510
436
257
164
179
149
251
168
129
436
228
436
281
436
227
122
436
214
530
227
191
579
436
347
115
134
109
203
218
207
436
160
436
140
325
436
436
245
158
620
278
149
204
436
126
220
521
138
199
436
159
262
258
167
170
301
436
436
306
111
436
207
301
436
282
228
135
436
436
436
248
180
436
436
171
294
436
161
436
254
216
125
436
197
436
184
233
173
298
436
201
131
215
286
174
218
312
436
342
237
436
131
436
137
145
550
573
436
174
436
436
436
190
769
150
190
436
109
213
267
325
221
436
213
260
252
436
237
436
436
436
221
200
436
436
254
135
140
572
240
436
127
148
207
436
436
450
231
263
130
436
199
436
109
436
152
436
255
436
276
178
436
186
436
184
216
109
199
436
173
230
436
219
149
242
436
116
322
436
206
436
177
117
122
436
436
224
143
436
140
136
183
436
162
436
436
436
148
200
436
436
436
436
192
218
436
175
436
510
232
436
306
309
295
235
209
436
436
272
226
228
436
436
119
204
210
436
340
316
187
436
153
436
175
205
253
233
264
159
436
141
252
177
436
164
436
202
436
163
436
251
436
436
141
164
436
436
436
436
258
160
225
231
145
163
436
436
143
436
278
308
898
436
578
227
436
180
436
221
169
436
321
436
120
436
436
232
220
109
436
250
436
436
436
436
114
145
109
161
217
242
314
502
436
436
436
436
148
153
436
180
436
133
327
217
436
436
178
186
436
148
436
196
436
118
240
196
140
436
110
164
436
109
168
204
436
436
436
436
436
252
169
263
436
146
191
123
254
200
436
179
436
436
436
180
156
200
436
263
229
173
436
165
436
278
353
256
189
253
436
142
214
143
276
109
275
436
254
436
273
634
184
228
436
146
436
179
218
226
469
258
478
274
436
436
436
436
294
185
318
436
137
436
109
436
436
161
436
916
436
350
436
300
214
258
252
436
109
229
272
436
778
222
231
161
290
436
217
481
169
436
436
308
436
436
436
109
436
436
436
436
436
436
436
123
156
399
207
436
237
122
294
176
272
436
436
436
436
436
198
213
198
248
436
436
436
436
436
436
436
436
436
436
436
190
436
112
172
436
754
436
125
250
436
436
436
436
436
164
436
357
298
436
183
436
140
216
436
436
436
436
526
116
436
436
285
111
127
192
436
436
436
269
436
436
436
436
436
177
436
771
524
189
322
160
294
109
109
436
436
118
305
436
436
436
113
205
485
268
116
176
217
213
436
206
281
436
233
436
436
436
186
436
181
436
436
274
231
132
436
436
196
150
287
109
221
430
436
346
249
135
436
436
185
214
437
260
218
436
109
187
436
212
120
436
295
436
436
436
436
436
436
337
172
436
253
479
436
436
254
492
436
127
436
436
436
436
436
251
240
230
549
273
454
436
436
215
436
436
137
289
436
291
191
109
140
436
109
285
436
436
115
213
159
226
436
209
436
147
436
436
436
616
436
436
229
436
436
109
487
436
436
436
177
260
257
221
436
128
321
118
217
436
436
436
169
110
436
436
436
223
436
436
436
436
436
176
157
436
220
436
436
253
436
213
281
579
199
436
190
197
140
146
198
117
436
436
473
151
467
436
436
436
436
188
436
334
139
436
436
436
436
468
268
204
361
230
436
172
152
436
160
274
170
436
184
176
206
436
229
436
436
233
198
436
177
436
473
172
173
436
436
436
436
436
180
236
436
245
436
436
436
159
436
306
217
109
436
138
158
436
436
435
436
436
436
138
436
315
436
436
436
436
131
436
281
221
197
216
436
169
436
209
774
436
253
436
436
436
128
436
436
181
170
316
198
249
436
436
436
436
436
180
210
436
436
202
436
156
436
436
263
436
436
540
233
120
436
197
436
173
238
436
436
262
436
436
109
244
436
510
214
436
436
436
436
436
436
436
250
156
134
436
248
436
553
141
436
109
436
230
163
148
436
321
436
436
436
436
436
166
359
181
211
436
134
436
436
147
436
436
174
268
133
436
436
436
436
436
265
436
436
436
436
458
436
436
647
436
439
322
157
202
436
436
525
266
436
436
436
436
558
109
536
436
152
436
436
126
185
436
436
189
436
436
436
197
135
436
436
133
436
436
436
210
436
436
436
249
215
187
436
279
150
436
436
288
436
436
436
309
436
170
283
436
155
436
229
436
436
436
189
482
109
436
424
436
486
436
436
212
436
250
153
109
436
297
246
189
476
436
436
436
436
204
436
436
436
436
436
173
436
436
192
436
436
436
255
168
436
430
133
436
614
436
436
436
436
436
436
436
436
436
436
436
436
436
223
218
436
436
281
436
618
159
177
436
180
436
217
289
506
210
436
231
217
272
436
436
109
261
197
436
286
172
175
112
225
273
557
257
151
212
131
436
630
109
267
199
436
436
256
436
335
436
436
436
436
436
436
436
254
213
179
436
436
436
221
436
120
241
210
436
436
436
436
436
221
436
436
436
436
436
216
233
346
178
246
436
229
207
436
436
192
169
436
204
150
436
436
436
436
188
243
436
198
436
147
127
436
125
436
436
471
436
436
436
436
177
436
436
176
362
436
436
202
235
213
436
436
436
436
436
522
256
120
436
255
168
138
436
436
436
296
436
436
436
190
436
436
170
181
412
265
151
436
165
461
160
436
436
436
120
246
436
157
436
203
436
263
144
436
436
436
166
162
436
186
240
216
436
436
321
166
156
436
436
193
436
436
218
436
180
436
156
436
436
436
436
204
436
277
212
517
271
436
436
436
436
436
436
436
133
436
221
117
436
436
109
436
436
436
436
139
436
270
436
436
117
436
436
436
223
183
436
178
436
436
167
169
440
436
176
436
436
258
436
436
436
436
269
436
436
169
436
173
436
436
137
174
436
436
436
109
436
436
436
436
218
436
436
126
436
436
436
436
187
436
436
136
436
164
112
436
144
261
436
436
436
436
436
436
226
436
436
436
436
436
436
184
363
214
518
436
153
436
436
436
181
250
653
436
259
199
436
252
436
292
159
290
187
253
436
609
266
436
436
436
436
436
436
193
186
263
436
436
436
434
436
208
249
436
211
109
294
436
199
217
436
436
436
1331
498
297
129
436
436
436
191
436
313
436
436
131
436
436
203
436
436
436
436
178
436
436
436
277
179
436
436
141
436
161
182
555
436
436
205
436
436
436
436
276
166
436
436
183
436
436
436
109
436
436
436
250
185
436
436
436
436
436
436
220
217
525
436
436
436
133
436
436
254
436
436
212
291
436
436
436
342
281
436
436
122
436
167
436
218
436
249
259
159
117
436
436
436
436
203
436
178
436
436
214
436
244
436
436
436
169
436
436
436
118
436
436
344
119
183
127
436
197
259
436
436
436
436
125
147
436
436
436
436
436
436
436
436
250
436
436
163
251
436
436
436
436
273
436
112
436
436
436
436
436
191
436
436
233
436
192
436
436
436
436
436
179
436
436
240
436
187
436
436
436
227
140
436
436
436
109
436
436
436
436
436
551
214
436
177
158
436
118
181
436
436
436
436
214
436
260
238
520
436
185
227
436
436
225
202
436
436
436
282
436
271
113
436
436
224
436
1070
436
144
436
436
436
192
436
269
436
436
436
436
436
193
436
293
508
436
223
436
436
263
436
436
436
436
436
436
436
436
436
134
436
261
436
163
436
436
209
436
436
436
278
436
170
436
436
436
436
436
436
436
436
436
436
436
436
436
436
138
436
436
436
436
436
159
436
291
436
436
436
436
188
166
122
130
436
234
121
436
436
436
436
436
436
134
436
296
224
196
441
436
436
436
436
200
436
436
199
436
436
281
436
436
207
436
436
291
244
436
436
436
436
137
436
212
150
436
542
436
264
436
436
187
436
485
230
436
436
436
436
208
216
436
237
118
436
436
436
436
118
436
436
181
206
436
436
436
436
436
220
436
436
158
436
192
120
436
436
436
209
326
436
436
436
436
436
436
436
436
436
436
436
537
436
436
436
252
436
230
436
112
395
436
436
436
121
436
170
436
191
436
249
436
436
436
436
436
436
190
154
436
436
436
109
436
203
436
168
436
212
160
109
245
436
408
118
436
436
130
265
436
436
436
436
194
436
197
436
436
436
436
167
436
436
127
436
436
436
436
436
436
238
436
436
436
436
246
436
163
436
515
436
436
436
436
436
436
436
436
436
147
436
436
436
436
436
436
190
161
436
205
436
213
306
188
167
436
436
436
160
436
436
436
123
436
436
189
436
195
185
436
436
436
274
436
436
436
436
436
109
436
436
208
436
436
436
202
436
143
153
199
436
312
196
436
436
436
436
148
144
160
230
436
436
194
436
231
436
110
436
237
283
206
217
164
135
436
436
436
436
436
436
109
269
140
183
436
436
436
436
203
436
436
436
436
436
436
625
121
436
436
436
436
436
436
436
436
436
436
436
436
280
436
436
436
191
436
211
128
225
436
436
436
1013
436
436
507
436
436
436
170
436
240
410
436
151
137
436
436
436
436
436
436
436
237
436
436
436
436
885
436
436
200
159
436
111
436
436
436
436
436
436
182
217
506
436
436
436
344
436
436
436
436
215
436
436
436
305
436
436
436
436
436
436
436
270
436
153
125
254
436
216
436
134
436
121
245
436
214
436
436
436
436
436
436
202
220
294
436
172
159
120
436
436
180
209
292
436
432
189
166
109
436
436
436
436
436
436
436
252
251
436
109
436
227
436
217
243
436
595
191
265
436
436
154
199
142
140
436
436
436
436
436
436
436
436
436
290
436
436
436
436
436
436
436
217
436
338
436
436
299
436
139
436
436
436
436
259
436
436
170
436
436
436
162
436
120
113
214
192
240
112
197
200
204
436
436
436
436
240
436
436
151
436
436
436
436
436
433
436
436
201
222
436
436
256
436
436
436
436
436
436
436
436
436
128
436
436
271
253
436
216
436
436
292
150
436
436
436
436
436
436
109
436
436
436
436
436
436
180
144
436
436
225
436
436
436
447
436
436
183
436
173
436
436
436
436
436
436
436
110
436
436
436
436
436
436
436
164
436
436
436
226
436
225
436
264
613
436
436
436
436
436
436
252
436
436
436
436
436
436
212
109
436
436
436
436
436
436
436
125
436
436
436
209
509
436
218
436
436
436
240
436
436
495
436
234
436
204
436
436
436
436
436
436
422
236
436
436
436
473
436
158
436
436
455
436
169
436
185
436
436
436
436
436
436
230
436
436
200
436
436
436
436
436
436
436
280
436
211
436
127
188
114
436
436
436
595
144
436
436
436
436
436
436
436
436
398
438
436
436
436
436
217
436
436
436
436
260
436
436
196
436
436
436
172
436
183
436
436
436
436
436
210
436
189
436
436
436
436
436
436
436
436
162
436
436
436
189
436
436
436
221
224
436
436
436
436
436
214
436
436
436
229
294
436
158
436
436
436
436
436
126
436
436
436
436
436
436
271
436
436
123
447
436
199
436
436
237
436
235
436
436
486
436
436
436
288
436
436
436
436
436
436
436
436
303
436
436
436
216
860
209
436
171
436
216
138
436
200
436
150
436
436
174
436
436
436
436
436
283
193
436
436
436
436
436
172
436
436
404
436
255
350
436
436
436
436
436
436
436
436
436
436
436
436
436
436
436
436
303
436
436
436
436
436
436
250
436
436
220
436
436
436
436
436
436
436
208
109
436
436
436
182
436
189
436
436
436
436
436
172
436
436
436
436
436
436
436
222
436
436
436
436
266
436
226
210
180
436
109
436
436
436
436
436
436
436
436
436
436
472
251
436
436
436
205
234
436
436
111
436
436
436
235
194
514
436
436
722
436
249
246
176
436
436
436
436
436
392
436
436
436
151
436
436
436
222
436
141
436
436
436
436
436
281
436
436
211
436
174
109
437
436
436
143
159
436
436
212
436
436
436
436
181
181
244
436
436
436
263
237
436
436
175
436
436
436
436
436
436
436
169
436
436
394
165
187
190
232
436
436
436
436
436
556
436
188
436
331
436
436
436
436
279
436
212
336
436
436
436
217
135
464
436
436
436
436
436
436
436
218
436
436
436
182
436
254
436
436
436
436
436
436
436
436
436
436
436
200
436
436
204
218
259
506
436
436
436
436
272
436
436
436
436
436
436
436
436
436
192
436
514
236
436
436
436
436
153
436
174
436
436
436
436
436
109
436
148
345
436
127
482
436
288
436
436
436
234
436
436
358
436
221
436
436
436
218
436
436
225
436
436
436
436
436
1070
205
133
436
436
171
436
227
190
201
153
113
436
110
346
436
436
436
436
113
436
920
436
436
436
436
109
436
436
436
436
436
436
208
133
436
436
436
436
436
436
127
436
184
436
436
436
436
436
139
187
436
436
186
263
436
436
121
436
436
436
436
139
235
436
436
109
436
436
436
436
177
436
350
436
436
436
497
436
173
436
123
436
109
436
165
136
436
436
493
109
143
436
436
436
227
436
436
436
436
436
436
161
436
336
318
130
436
436
436
436
436
194
436
436
302
187
254
123
436
166
436
436
436
436
174
436
436
436
436
160
436
436
146
185
436
246
436
436
118
436
436
436
436
436
436
436
169
110
436
436
436
436
282
434
436
436
436
436
436
138
436
436
436
436
436
436
436
436
436
165
436
143
436
436
436
153
436
436
436
436
436
436
436
436
436
436
436
436
436
436
248
281
436
436
640
117
171
436
436
436
214
249
436
436
436
436
436
132
139
436
436
901
136
293
436
436
212
229
436
436
126
436
436
436
436
436
436
436
170
436
436
436
275
436
205
436
186
444
436
168
436
436
436
436
436
436
436
436
436
333
161
436
170
436
436
178
249
436
436
436
182
436
436
751
436
436
436
258
436
436
220
143
436
436
436
436
167
436
436
120
436
436
436
436
436
436
436
115
436
436
436
436
436
175
436
292
183
436
436
436
162
269
436
436
436
436
138
436
436
436
262
325
436
355
436
263
436
436
436
436
253
436
436
436
436
291
436
436
436
436
436
436
436
436
436
436
436
436
163
436
165
196
184
436
220
436
436
436
252
436
436
436
436
220
436
211
436
436
436
436
436
290
436
436
161
436
120
436
110
436
436
436
436
436
436
436
436
213
217
436
223
436
436
436
186
436
436
436
190
261
382
246
436
436
134
436
436
436
436
436
436
128
436
126
436
436
436
436
436
436
436
142
436
436
436
436
436
436
436
436
206
325
436
436
436
436
436
293
436
436
436
436
436
436
436
436
209
436
436
436
436
436
436
436
436
436
436
436
324
436
436
495
436
436
436
436
436
176
436
436
436
470
248
436
436
436
436
436
436
436
436
832
218
294
109
436
436
436
436
280
436
113
436
436
275
436
436
163
436
436
436
305
231
436
436
192
436
436
436
436
436
436
436
436
436
436
436
436
436
436
308
436
436
436
436
436
436
436
436
436
436
436
436
207
436
436
436
436
436
436
436
436
146
179
436
436
436
436
436
436
436
436
436
436
436
436
436
436
436
436
436
436
436
436
436
136
135
436
436
436
508
436
436
436
436
436
189
436
436
436
157
221
436
230
436
436
436
436
436
436
436
436
160
186
436
622
436
436
436
436
436
436
436
436
226
186
155
436
436
436
436
436
436
436
436
209
436
436
436
436
180
436
436
436
304
436
436
436
436
436
231
216
436
214
257
436
436
171
436
436
436
436
436
436
436
436
302
164
436
196
436
436
436
119
436
436
436
436
436
120
436
436
436
436
268
436
436
216
436
436
436
436
436
436
436
436
436
436
116
436
436
436
436
436
134
436
436
436
436
436
135
436
436
436
436
436
156
259
436
113
152
436
436
436
436
231
436
436
436
436
436
353
211
159
436
436
436
436
436
436
436
436
436
436
436
436
185
249
436
436
436
436
180
151
201
436
436
436
299
436
436
436
147
436
210
436
436
436
436
436
436
436
436
436
436
436
436
275
436
436
436
436
436
436
436
436
288
436
176
212
291
436
436
436
461
436
436
436
436
436
222
436
436
436
436
436
436
436
436
164
109
436
243
436
436
436
436
436
534
436
436
436
436
436
436
436
436
436
145
436
436
436
570
436
436
154
852
243
436
436
109
436
436
436
436
436
436
436
436
179
436
436
213
436
109
155
436
436
436
436
176
436
436
436
436
436
436
289
436
127
206
436
436
436
436
2172
239
436
436
436
436
395
436
436
436
436
436
436
436
436
436
516
436
436
436
436
233
166
327
141
436
436
181
436
436
436
436
436
288
436
436
436
140
436
436
436
436
537
436
436
436
179
436
188
436
436
436
213
436
116
241
436
311
436
436
436
219
436
436
436
436
436
436
436
123
158
436
436
436
126
436
436
436
498
436
436
436
200
440
436
436
436
436
436
140
436
436
436
436
436
307
436
436
143
436
223
116
436
436
436
124
436
436
436
436
436
436
436
436
436
436
315
436
436
236
436
436
436
436
232
216
436
436
436
436
436
310
436
436
436
436
436
436
412
436
436
436
436
436
436
188
436
436
199
210
436
436
436
436
436
236
436
135
436
436
436
436
109
436
436
436
436
436
436
436
436
436
169
436
436
152
436
436
436
436
436
436
436
121
436
378
436
436
436
436
246
436
436
436
436
203
436
118
119
436
126
436
283
436
436
436
436
436
436
436
436
436
436
436
436
436
424
436
136
436
436
436
1070
436
436
436
436
436
436
436
436
436
436
436
436
436
436
436
436
134
436
436
436
184
436
436
436
226
436
436
436
436
436
436
436
234
414
436
436
436
436
436
436
436
436
436
436
436
436
462
436
436
436
436
436
221
436
136
436
242
436
436
436
436
436
436
436
143
436
436
436
436
436
436
436
436
121
436
436
436
436
436
120
436
436
436
125
436
436
436
436
436
436
133
436
436
436
436
436
436
163
436
436
436
436
436
436
436
149
122
436
436
436
186
229
436
436
436
125
436
436
436
436
436
178
372
129
436
436
436
436
436
436
436
436
436
436
436
436
436
436
436
436
436
286
349
436
284
436
436
436
436
436
436
436
436
240
436
252
436
436
307
436
436
436
436
436
287
436
234
436
436
218
436
180
436
508
436
436
436
436
133
436
436
436
436
436
436
436
436
136
436
436
436
436
436
436
436
436
436
123
436
436
252
436
436
436
436
436
436
436
436
436
436
436
436
436
436
436
436
155
436
436
436
436
436
436
436
436
147
436
221
436
138
436
436
109
436
436
436
346
436
217
436
436
436
436
436
436
436
436
268
436
436
436
436
110
436
436
436
436
436
251
436
436
436
137
436
215
436
436
190
436
436
436
436
253
436
436
259
436
436
436
436
436
436
436
436
436
436
436
436
436
436
436
436
436
436
279
436
436
436
436
436
436
436
245
149
436
197
436
436
138
436
436
436
436
436
436
436
436
436
436
504
436
436
436
111
436
436
436
436
436
436
436
436
436
436
436
436
436
436
436
436
214
436
436
436
436
436
436
436
436
522
436
436
436
436
436
436
436
436
436
436
436
170
436
192
436
436
436
270
436
436
436
436
436
436
436
436
436
436
436
436
436
436
136
436
429
436
436
112
436
436
168
436
436
436
275
436
436
436
436
436
436
436
436
436
202
436
436
436
259
436
436
436
436
436
436
436
192
436
436
260
436
436
436
436
545
436
436
436
436
177
663
436
436
436
436
436
436
436
436
436
436
645
436
436
436
471
436
436
436
436
436
436
436
436
436
436
436
436
436
436
436
436
436
195
436
217
436
436
436
436
436
436
436
436
436
436
436
335
436
242
436
436
149
436
436
436
436
436
436
436
147
436
436
322
436
436
436
436
436
436
436
436
436
436
436
436
436
436
172
436
436
436
124
436
436
436
436
436
436
436
436
436
436
436
214
436
436
436
436
436
171
436
436
436
196
436
436
436
436
436
436
436
436
436
436
210
436
436
436
436
436
436
436
436
436
436
436
436
436
436
436
436
436
436
212
436
436
436
436
154
461
436
436
436
436
436
436
436
436
436
436
436
436
436
436
436
436
436
436
436
436
436
436
436
436
436
436
109
436
436
436
436
436
436
436
436
436
436
436
436
436
436
229
436
436
436
436
436
436
436
156
436
153
436
221
546
436
436
436
436
135
436
436
436
436
152
436
436
436
436
436
436
285
436
436
436
436
436
436
436
581
436
436
436
436
116
436
436
436
436
436
436
436
436
436
436
436
436
436
436
436
436
122
436
436
436
144
436
436
436
436
471
436
138
436
436
436
436
436
436
436
436
436
216
436
436
436
436
436
436
229
436
436
436
436
436
436
436
436
436
436
436
436
436
187
436
436
187
436
436
110
436
436
337
436
436
436
436
174
436
436
215
436
436
436
137
436
109
436
436
436
221
162
436
149
158
436
436
436
436
449
436
460
436
436
436
436
231
436
172
436
436
436
341
436
122
436
436
436
436
436
436
436
436
436
143
202
436
436
436
241
436
436
436
436
436
436
436
436
195
247
436
465
436
436
436
436
436
436
436
436
436
436
436
436
436
436
436
436
436
436
436
115
436
436
436
316
436
436
436
436
436
178
436
436
436
436
436
436
436
436
436
436
436
436
436
436
436
436
436
436
436
436
436
436
436
436
436
436
199
288
436
436
436
436
436
436
261
436
436
183
436
436
436
436
436
436
205
436
436
436
436
436
176
436
152
436
691
436
436
436
436
436
114
436
436
436
436
436
436
436
218
436
436
414
436
436
436
436
436
436
166
225
436
436
436
436
436
436
436
114
140
436
227
436
436
436
436
436
436
436
436
111
436
217
436
354
436
436
436
436
427
436
436
215
436
436
453
436
436
436
436
436
436
436
436
436
436
436
436
199
436
436
436
436
436
436
436
436
436
247
436
436
436
436
436
219
192
436
436
436
115
205
430
178
436
436
282
436
436
436
156
436
436
436
436
436
436
436
436
436
436
436
1006
176
436
436
436
208
436
436
436
436
436
436
436
428
213
436
436
436
436
436
436
436
436
436
436
436
174
223
436
436
436
436
436
436
110
436
436
436
220
436
436
436
167
436
436
436
167
436
436
436
436
436
436
436
436
121
436
436
436
436
436
203
551
436
436
436
436
436
436
436
436
436
436
436
436
436
436
436
436
436
436
436
436
436
436
436
436
436
436
481
436
436
436
436
259
436
436
436
155
436
208
436
436
436
436
436
436
436
436
436
436
436
436
436
436
436
436
436
436
436
436
436
174
436
436
436
436
436
436
436
436
436
436
436
465
436
436
436
436
436
436
436
436
436
436
436
253
436
436
436
436
436
436
250
518
436
436
436
436
436
125
436
436
436
436
436
436
436
157
436
215
436
244
436
206
436
436
436
436
338
436
436
165
436
436
238
233
436
436
436
436
436
436
287
436
461
205
436
436
220
436
436
127
655
436
436
109
436
436
268
436
436
436
436
436
436
572
436
436
436
436
436
169
436
436
436
436
436
436
436
436
436
436
436
436
436
436
436
109
436
436
436
160
436
436
436
436
436
436
190
171
436
436
436
436
477
436
436
250
300
436
436
436
436
436
436
167
436
436
436
436
436
436
436
436
436
157
436
436
436
436
436
436
259
436
436
436
436
436
436
436
135
436
436
259
436
436
201
436
436
436
271
436
436
436
436
436
436
436
109
436
436
436
436
436
436
436
436
436
436
436
424
436
436
436
436
436
436
436
436
436
174
436
436
436
436
436
125
436
436
436
436
436
436
430
436
436
436
436
436
436
436
436
436
436
436
436
436
221
436
436
436
436
436
436
436
436
436
436
436
436
436
436
436
436
436
436
436
436
436
196
436
109
338
436
436
436
436
436
194
436
436
436
436
436
436
436
436
436
109
436
436
436
436
436
436
436
436
436
436
436
436
436
436
436
436
436
436
201
436
436
436
436
436
436
393
436
436
436
436
468
436
436
436
436
436
436
436
436
227
436
436
436
436
436
436
436
436
436
436
436
436
436
436
436
436
436
436
436
436
205
436
436
227
611
436
195
436
436
436
436
225
436
436
436
436
436
436
436
436
436
436
436
436
436
159
153
436
436
436
436
436
436
436
436
436
436
436
436
174
195
436
436
215
436
203
436
436
436
436
436
436
128
436
436
436
436
436
436
436
499
436
436
436
436
436
436
436
436
436
436
436
436
436
436
436
436
436
436
436
365
436
436
436
436
436
436
436
436
436
436
436
436
436
436
211
436
436
436
436
436
436
466
436
436
436
436
436
436
436
436
436
436
436
436
436
436
436
436
436
436
436
436
436
436
436
157
436
436
436
270
436
436
178
191
436
436
113
436
436
189
436
436
436
436
436
436
436
194
436
126
436
436
436
436
436
436
436
143
436
436
436
436
436
436
436
436
436
436
436
436
436
436
436
436
436
436
436
436
436
436
436
436
436
436
332
436
436
436
436
436
436
436
436
436
436
436
436
436
436
436
436
436
436
436
209
436
436
436
436
164
436
436
436
436
436
436
436
436
436
436
436
436
436
174
436
436
436
436
436
436
436
436
173
436
436
436
436
436
436
436
182
212
436
194
116
153
436
436
436
436
436
436
442
164
436
436
436
436
436
235
436
227
436
436
436
436
436
436
436
436
436
175
436
436
436
316
436
436
209
535
436
436
436
322
436
436
436
436
436
171
436
436
436
436
436
436
436
436
436
436
436
436
436
436
436
436
436
436
436
436
436
436
436
436
229
436
436
436
436
436
436
436
436
436
436
115
436
436
436
436
436
436
436
436
436
436
436
436
161
436
436
436
156
436
436
436
436
436
436
436
126
436
436
436
436
436
436
436
436
436
436
436
436
436
436
436
436
436
436
436
436
436
436
436
436
436
436
436
197
436
436
222
436
436
436
436
436
207
436
436
436
436
436
436
436
436
436
436
436
436
436
436
211
436
436
436
436
212
436
436
436
436
436
436
436
436
436
436
436
436
436
436
165
436
127
436
436
436
436
436
