961
532
1534
1354
1179
2151
270
907
935
471
917
1043
997
1104
3304
670
540
290
315
289
1190
748
751
429
500
1698
535
1074
747
1305
1259
751
404
483
476
847
405
400
781
2902
500
387
248
917
1395
407
977
1429
296
1270
420
246
997
927
633
542
4405
284
629
179
342
421
773
2221
1403
2902
432
825
1063
402
909
1429
847
192
814
358
398
785
784
151
2669
1009
989
361
497
1267
238
195
319
823
607
1684
1267
816
475
500
259
751
515
817
500
595
185
1698
254
220
502
258
536
258
302
244
500
2237
188
269
550
908
472
324
1259
2221
274
364
146
621
1664
500
841
1571
307
178
1104
1245
248
300
1318
559
258
367
554
457
519
144
184
500
3304
717
527
354
1704
389
633
161
2389
1354
614
318
780
540
191
500
433
127
209
718
315
1749
753
852
542
500
298
353
295
193
3230
771
1319
666
271
381
500
287
399
256
154
500
350
299
273
674
216
1543
840
500
2389
1074
409
358
203
231
424
774
500
518
125
128
500
500
500
473
862
261
249
740
485
259
554
307
500
279
306
2151
1916
614
369
458
500
251
607
173
500
464
163
500
500
2738
285
500
599
763
1319
216
348
500
484
311
416
315
784
1109
136
165
242
1318
262
1423
201
159
125
261
500
196
125
500
402
338
399
1354
500
625
311
500
500
500
214
748
373
500
500
171
536
540
221
423
930
508
500
500
234
197
500
500
1960
500
500
2123
500
500
1076
421
500
205
500
325
500
297
361
216
500
283
577
500
310
125
177
365
814
500
500
500
223
221
500
1076
500
500
500
2237
500
500
233
500
135
528
655
1305
500
500
4405
390
3230
600
500
594
500
277
209
533
350
1221
500
845
319
196
332
562
224
500
1221
340
500
500
500
500
500
500
500
500
977
542
500
500
169
621
500
500
215
227
500
225
500
500
500
500
500
500
1299
453
543
995
500
500
1298
500
500
264
381
500
229
500
1319
314
500
500
500
500
500
509
267
1684
500
500
500
176
239
247
500
243
500
500
575
129
500
500
500
500
500
197
500
911
726
607
127
500
500
304
500
685
500
1104
500
146
358
500
500
184
257
500
500
370
500
500
249
316
133
500
500
258
133
500
500
414
181
126
500
147
215
500
500
299
500
129
500
369
500
500
245
173
500
500
209
500
670
2123
500
170
500
443
500
500
340
140
252
133
500
241
500
500
275
177
495
125
1109
500
500
500
265
500
240
241
205
466
500
500
500
167
279
500
500
338
500
500
500
322
500
500
500
133
500
500
128
2742
341
500
163
500
159
500
500
2738
500
500
405
500
500
500
500
2151
500
500
500
500
500
500
500
136
500
500
500
500
500
500
500
500
500
500
500
500
2151
162
386
500
500
500
2123
500
500
312
200
653
500
133
500
276
500
575
354
2742
500
500
500
500
142
500
500
2669
500
500
500
130
500
500
253
2389
500
435
148
500
500
550
500
500
500
500
608
512
500
500
500
225
500
306
500
500
885
500
500
500
500
798
216
1636
500
500
500
592
500
1245
641
500
500
500
193
500
141
500
500
1636
500
271
500
393
500
573
500
500
500
500
500
500
500
500
256
500
1268
155
500
500
604
500
500
469
500
500
223
226
1298
500
500
500
500
283
500
500
500
500
500
500
500
500
500
500
500
500
500
500
500
340
500
500
500
637
500
192
500
500
500
500
4405
500
330
500
500
500
500
500
665
193
500
489
637
500
500
500
500
500
500
500
660
312
500
500
500
500
500
500
500
195
133
500
500
500
500
500
500
500
500
2221
325
500
241
500
500
500
500
500
500
500
139
226
500
500
500
127
500
243
653
500
662
500
500
226
1203
500
500
258
500
1203
164
500
166
500
500
500
500
500
228
500
500
500
500
500
321
500
500
500
150
500
500
500
649
500
126
267
598
500
500
500
500
500
500
500
500
141
1636
171
500
500
500
500
2237
301
500
500
222
170
500
2237
500
243
138
500
500
500
500
500
500
500
500
500
500
500
1704
500
500
227
500
500
500
199
500
500
207
500
500
208
233
503
500
204
500
139
500
625
500
500
500
500
500
500
629
500
500
148
134
500
195
500
500
500
500
273
290
500
243
500
362
500
500
500
519
500
500
139
774
500
500
500
500
500
500
333
500
500
500
500
500
500
500
1960
500
2738
500
500
617
500
500
500
500
164
252
500
307
500
500
500
500
579
500
500
500
500
500
500
330
500
500
145
500
500
778
500
500
500
407
500
500
368
500
500
500
500
500
500
500
462
500
260
500
500
265
500
500
251
500
500
138
500
500
500
500
500
500
372
500
500
500
500
500
500
500
500
500
500
500
500
500
500
500
500
500
4405
500
500
500
500
500
293
500
500
500
500
500
500
500
500
500
336
159
500
394
500
500
500
358
500
500
500
500
500
283
500
1318
209
198
500
500
277
500
500
500
500
500
500
500
337
181
164
254
500
500
500
500
500
500
500
500
269
500
500
500
500
500
500
500
500
500
500
500
500
500
500
500
500
500
500
500
717
500
500
295
500
500
500
500
500
500
500
500
500
125
500
500
500
500
500
500
223
500
216
500
500
177
500
500
500
500
259
1159
500
142
500
500
500
268
500
500
500
500
500
2669
500
500
500
447
500
500
500
500
500
500
500
500
500
567
500
500
500
263
500
500
500
500
500
198
500
500
500
199
500
1698
500
500
500
500
500
500
500
500
500
500
500
500
3304
126
500
500
500
500
500
500
1159
500
3304
500
172
500
500
500
500
500
500
500
500
159
500
263
500
500
500
246
500
500
500
500
500
500
1190
617
500
500
500
1684
500
162
500
500
500
500
500
500
500
500
500
500
500
500
446
500
500
135
296
500
163
467
249
500
500
281
500
240
4405
143
500
500
500
500
500
500
500
500
500
500
220
500
500
187
301
500
311
500
500
500
500
1664
1270
500
140
500
500
181
500
500
500
500
500
500
171
2669
832
176
500
500
500
500
500
500
500
500
500
252
500
500
500
500
500
233
500
500
326
500
500
500
500
862
500
500
631
500
751
500
1543
500
500
500
500
500
500
500
500
500
500
500
500
500
500
2373
500
1318
500
500
500
500
137
500
500
500
500
785
726
500
500
500
500
500
500
500
500
500
500
500
500
500
500
500
500
500
500
500
500
500
195
500
500
500
500
500
500
500
500
500
500
2669
500
500
500
500
500
500
500
500
500
500
500
816
500
500
500
500
500
500
500
500
500
500
171
500
500
500
252
500
500
500
176
500
500
500
500
172
500
500
500
500
500
500
314
500
500
500
500
500
500
500
181
500
500
655
500
500
500
500
500
500
500
500
500
500
500
500
500
500
500
500
500
500
170
500
500
500
500
500
500
500
500
500
500
500
398
500
500
500
129
500
500
751
500
500
1423
500
500
500
500
500
500
500
500
500
500
500
500
500
500
500
500
500
500
500
747
500
500
500
500
500
500
500
500
500
500
500
500
500
500
500
500
500
500
500
500
500
500
500
500
500
500
573
500
500
500
500
500
500
500
500
500
500
500
500
500
500
500
500
3230
2742
500
500
500
500
132
500
500
500
500
500
500
500
500
500
500
500
500
500
500
500
500
500
500
500
500
500
500
500
500
685
500
500
500
500
500
500
500
500
500
174
500
326
500
500
500
500
500
500
500
179
309
500
500
500
500
500
500
500
500
500
500
500
500
500
500
500
500
500
500
125
500
249
500
500
817
142
500
500
500
500
500
500
500
500
500
500
213
500
500
241
500
500
500
500
500
500
500
500
155
500
201
500
362
500
500
500
331
500
500
3230
500
500
500
500
500
211
500
500
500
168
317
500
500
500
500
500
500
500
500
500
500
500
500
500
500
500
500
500
500
500
500
500
500
500
500
500
500
500
126
235
296
500
500
500
500
500
500
500
500
500
500
500
4405
500
500
500
500
500
500
500
500
500
500
500
500
500
190
500
500
500
208
500
500
500
500
500
500
500
500
500
500
500
145
500
500
500
500
500
500
500
500
500
500
500
217
500
500
500
500
500
500
500
500
500
148
500
500
500
340
500
500
500
500
500
402
500
500
500
500
500
125
500
500
500
500
579
500
500
500
500
500
500
500
500
500
500
930
500
500
500
500
500
500
500
500
500
500
500
500
500
500
500
500
500
188
500
500
500
500
500
500
500
815
500
500
500
500
500
500
341
500
500
500
500
500
500
500
500
500
500
500
500
500
500
500
500
500
500
500
500
500
500
500
500
500
500
500
500
500
500
500
132
500
500
500
225
500
500
500
500
500
500
500
1617
500
500
500
500
500
500
500
500
500
500
500
500
500
500
500
330
500
500
500
500
500
500
500
500
500
500
500
500
500
500
500
249
500
500
500
605
500
271
500
500
500
500
500
500
500
500
500
340
500
500
500
150
500
500
500
500
500
500
500
500
500
500
500
500
500
500
191
500
500
500
500
232
500
500
500
500
500
500
500
500
500
500
500
500
500
500
500
500
500
500
500
500
500
250
500
500
500
500
179
500
500
500
500
500
500
500
500
500
500
517
500
500
500
500
500
500
500
500
500
500
500
500
500
500
945
500
500
500
500
500
500
500
500
500
500
500
500
500
260
500
500
500
500
500
885
500
500
500
500
500
500
500
500
500
500
500
500
500
500
500
500
500
500
500
500
1063
500
130
500
500
500
500
500
500
500
500
500
500
500
482
500
500
500
500
500
500
500
500
500
500
500
500
500
500
500
500
500
500
500
500
500
500
500
500
170
500
500
500
500
500
500
500
500
500
500
500
500
500
500
500
500
500
500
500
500
215
500
500
500
500
500
500
500
500
500
500
500
500
500
500
500
500
500
500
500
500
500
500
500
500
500
500
500
500
500
500
500
500
199
500
500
500
500
500
500
500
125
500
500
500
500
500
500
500
500
500
500
500
500
500
500
500
500
150
500
500
500
500
500
500
500
500
500
500
500
500
500
500
301
500
500
500
500
500
318
500
500
500
500
126
500
500
500
500
500
500
500
500
500
500
500
500
500
500
500
500
500
500
500
500
500
500
500
500
500
500
500
500
500
500
500
500
500
500
500
500
500
500
500
193
500
345
500
500
500
500
500
500
500
500
500
500
500
500
500
500
500
183
500
500
500
500
500
500
500
500
500
500
500
500
500
500
500
500
500
500
500
500
500
500
500
500
500
500
1395
500
500
500
500
500
500
500
500
500
500
500
500
127
500
500
500
500
500
500
500
500
500
500
500
500
500
500
500
500
136
500
500
500
500
500
500
500
500
500
500
500
500
500
500
500
500
500
500
500
500
500
500
649
500
128
500
500
500
500
500
500
500
500
500
500
500
500
338
500
500
500
500
500
500
500
500
500
500
500
500
500
500
500
500
500
500
500
500
500
500
500
500
500
500
220
500
500
500
500
500
500
500
500
500
500
500
500
500
500
500
500
500
500
500
500
500
500
500
500
500
500
500
500
500
500
500
500
500
500
500
500
500
500
500
185
500
500
500
500
500
500
500
500
500
500
500
500
500
500
500
500
500
500
500
500
500
500
500
500
500
500
500
500
500
500
500
500
500
500
500
500
500
500
500
500
500
500
500
500
500
500
500
500
500
500
500
500
500
500
500
1704
500
500
500
201
500
192
500
500
500
660
500
500
500
500
500
500
500
500
500
500
500
500
500
500
500
500
500
500
500
500
500
500
500
500
500
500
500
500
500
500
500
500
500
500
500
500
500
500
500
500
500
500
500
500
500
1571
500
500
500
500
500
500
500
2902
500
500
500
500
500
500
500
500
500
500
500
500
500
500
500
500
140
500
500
500
500
500
500
500
500
500
500
536
500
500
500
500
500
500
500
500
500
500
500
500
500
500
424
500
500
500
500
500
500
500
500
500
500
500
500
500
500
500
500
500
500
500
500
500
500
500
500
500
500
500
500
500
500
500
411
500
500
500
500
500
500
500
500
500
500
500
500
500
184
500
500
500
500
500
500
500
500
500
500
500
500
500
500
500
500
500
500
500
500
500
500
500
500
500
500
500
157
500
500
500
500
500
500
500
500
500
500
500
500
500
500
500
500
500
500
500
500
500
500
500
500
702
500
911
500
500
500
500
500
500
500
500
500
500
500
500
500
500
500
500
500
500
500
500
500
500
500
500
500
500
500
500
500
500
500
500
500
500
500
500
500
500
500
500
500
500
500
500
500
162
500
500
500
500
500
500
500
500
500
500
500
500
500
2742
500
500
500
500
500
500
500
500
500
500
500
170
500
500
500
500
500
500
500
500
500
500
500
500
500
500
500
500
500
500
500
500
500
500
500
500
500
500
500
184
500
500
500
500
500
500
500
500
500
500
500
500
500
500
500
500
500
500
500
500
500
500
500
500
500
500
500
500
500
500
500
500
500
500
500
500
500
500
500
500
500
500
500
500
500
500
500
500
500
500
251
500
500
500
500
189
500
500
500
500
500
500
500
500
500
500
500
500
500
500
500
500
500
500
500
500
500
500
500
500
500
192
500
500
500
500
500
500
500
500
500
500
500
500
135
135
500
500
500
500
500
500
500
140
500
500
500
500
248
500
500
500
500
500
500
500
500
500
500
500
500
500
500
500
500
500
500
500
500
260
500
500
500
500
500
500
500
500
500
500
500
500
500
500
500
500
500
500
500
500
500
500
500
500
500
500
500
500
500
500
500
500
500
500
500
500
500
500
500
500
500
500
500
500
500
500
500
500
500
500
500
500
500
500
500
500
500
500
500
128
500
500
500
500
500
500
500
500
500
500
500
500
500
500
500
500
500
500
500
500
500
500
500
500
500
500
500
500
500
500
278
500
500
500
500
500
500
500
500
500
500
500
500
125
127
500
500
500
500
500
500
500
500
500
500
500
500
500
500
500
500
500
500
500
500
500
500
500
500
500
500
500
500
500
500
500
500
500
145
500
500
500
500
500
500
500
500
500
500
500
500
500
500
500
500
500
500
500
500
500
500
500
500
500
500
500
500
500
500
500
500
500
500
500
1104
500
500
500
500
500
500
500
500
247
500
500
500
500
500
500
500
500
500
500
500
500
500
500
500
500
500
500
500
500
500
500
500
500
500
500
500
500
500
500
500
500
500
500
500
500
500
500
500
500
166
500
500
500
500
500
500
500
500
500
500
500
500
500
141
500
500
500
500
500
500
500
500
358
252
500
500
232
500
500
500
500
500
500
500
500
500
500
500
500
500
500
500
500
500
500
500
500
500
500
500
500
500
500
500
500
666
500
500
500
500
500
500
500
500
500
500
500
500
500
500
500
500
500
500
500
500
500
500
500
500
500
156
500
500
500
500
500
500
500
500
500
460
500
500
500
500
500
500
500
500
453
500
500
500
500
500
500
500
500
500
500
500
500
500
500
500
500
500
213
500
220
500
500
500
500
500
500
500
500
500
500
500
500
500
500
500
500
500
500
500
500
500
500
500
500
500
500
500
500
500
500
500
500
500
500
500
500
500
500
500
500
500
500
500
500
500
500
500
500
500
500
500
500
500
500
500
132
500
500
500
500
500
500
500
500
500
500
169
500
500
500
500
500
247
500
500
500
500
500
500
500
500
125
500
500
235
500
500
500
500
263
500
500
500
500
500
500
536
500
500
500
500
500
500
500
500
500
500
500
500
500
500
500
500
500
500
500
500
500
500
500
500
500
500
500
500
176
500
500
500
500
500
500
500
500
500
500
500
500
500
201
500
500
500
500
500
500
500
500
500
500
339
500
500
500
500
500
500
500
727
500
500
500
500
402
500
500
500
500
500
500
500
500
500
500
500
500
500
500
500
500
500
500
500
500
500
500
500
500
500
500
500
500
500
500
500
500
500
500
500
500
500
500
500
500
500
500
500
500
500
500
500
500
500
500
500
500
500
500
500
500
500
500
500
500
500
500
500
500
500
500
500
500
500
500
500
500
500
500
370
500
500
500
500
500
500
