928
1117
1156
720
1042
660
769
1137
720
507
806
475
1015
933
484
919
1031
476
856
518
992
676
716
626
640
765
838
510
617
492
927
680
494
744
585
496
829
508
885
703
1113
708
1566
954
745
449
673
501
725
623
545
484
713
451
644
466
632
1267
585
446
1158
559
414
646
598
611
475
1001
932
755
1058
862
556
1313
535
484
629
780
630
523
709
715
1488
968
595
652
862
718
661
471
840
453
647
707
551
829
487
785
449
699
997
477
441
435
414
495
860
661
667
757
724
549
1141
655
676
439
562
460
710
464
794
469
456
2922
410
759
427
656
725
575
413
480
426
576
1113
696
730
467
598
571
658
631
459
672
662
606
867
863
498
912
651
868
733
578
716
721
844
836
627
438
759
515
460
477
558
440
640
424
664
829
505
671
614
1067
1348
626
559
1239
840
1135
740
456
671
484
653
591
696
676
650
529
470
883
636
445
569
563
466
863
739
639
577
602
1348
457
1581
711
824
649
750
650
602
701
554
745
751
830
477
1070
483
632
729
686
466
475
451
558
417
633
970
456
593
2888
745
519
751
482
714
665
583
475
524
765
549
671
509
425
569
618
529
916
895
502
417
959
701
465
563
691
669
479
704
702
632
770
469
706
750
506
1149
1559
986
562
415
744
829
434
492
526
606
523
446
688
558
583
528
1135
720
551
709
446
630
437
617
1206
491
699
748
418
436
598
646
661
739
419
618
718
424
731
889
448
696
422
826
571
469
477
582
631
421
657
428
667
445
442
1126
700
685
476
845
664
438
464
653
425
973
440
877
648
517
613
656
426
457
649
577
457
439
624
647
513
409
401
643
625
401
682
436
636
507
933
554
678
441
717
454
454
481
635
500
686
457
738
618
634
539
461
650
496
793
1062
911
579
525
505
655
415
422
586
722
709
425
456
423
448
648
468
926
740
574
651
772
687
653
709
424
456
681
411
420
565
550
702
455
643
840
420
430
539
471
1106
609
705
691
414
649
1008
500
494
640
601
677
970
426
601
672
1224
596
605
513
1355
402
432
1058
419
437
666
411
589
620
424
726
720
432
789
546
630
554
439
885
434
757
997
391
454
495
587
483
464
577
515
452
458
883
452
432
587
700
670
700
638
601
652
677
558
515
630
627
941
658
455
490
810
742
420
701
441
560
738
825
634
1008
568
531
624
653
951
515
806
614
508
412
612
601
431
440
619
726
686
553
426
618
821
468
651
434
735
414
636
723
2639
463
448
400
688
438
429
601
465
568
669
690
546
434
599
606
414
584
439
450
611
428
448
620
622
635
1046
697
507
574
406
714
863
637
651
622
488
430
415
696
1231
563
434
432
656
616
635
683
443
451
427
460
379
435
595
476
449
463
662
544
632
1321
671
391
450
563
782
565
487
662
486
425
547
1040
444
577
459
432
661
644
792
502
622
433
571
433
429
554
475
443
577
433
603
738
444
576
653
442
630
743
587
712
402
630
531
716
561
434
424
663
415
655
442
634
688
455
633
557
623
700
583
661
415
565
636
656
450
409
433
404
1008
500
1083
365
685
618
611
446
941
503
593
606
660
422
607
813
448
751
517
420
435
468
541
648
434
398
461
607
1220
511
682
552
568
397
423
573
638
497
538
572
405
871
432
635
669
702
743
632
904
513
443
619
665
426
419
430
436
457
964
538
683
751
545
686
762
443
619
607
403
434
609
552
424
478
402
610
413
643
692
735
589
656
550
425
560
564
649
414
1411
633
716
374
568
572
462
443
437
434
424
484
399
822
705
434
450
395
579
458
566
436
607
424
1161
616
1037
599
2055
678
473
700
663
473
393
434
397
635
418
389
591
439
448
426
615
408
464
832
623
637
731
736
442
407
808
608
656
608
404
622
692
685
453
553
474
692
532
450
548
480
397
411
654
431
599
664
484
603
673
447
1005
385
673
672
745
437
646
591
1061
454
483
700
376
857
673
413
568
410
394
431
527
552
540
632
482
441
648
774
444
1057
803
654
442
850
508
749
489
380
426
614
665
567
604
1671
827
565
606
1005
420
649
639
601
412
599
670
643
630
811
421
414
465
626
653
412
491
1124
636
639
572
385
375
526
1116
540
461
420
494
556
409
736
478
475
607
644
555
516
691
664
403
1241
566
678
523
408
404
1488
521
666
400
579
647
417
426
426
836
442
416
425
563
424
634
702
628
457
595
645
612
413
823
979
400
497
671
552
524
622
423
488
751
409
825
615
424
687
856
623
411
407
926
435
573
576
517
461
451
817
661
400
1055
766
678
612
730
580
513
442
658
449
424
612
529
427
567
402
740
1085
688
674
429
704
690
429
500
420
631
433
609
560
606
402
400
391
628
429
593
395
441
510
492
587
423
467
585
496
427
507
409
456
438
589
642
644
557
802
514
1023
445
925
473
613
436
540
631
575
646
531
445
477
668
626
476
421
629
430
430
587
411
559
416
504
1023
516
503
443
726
746
408
398
423
397
401
420
723
680
441
898
417
440
392
650
575
574
467
427
506
699
822
693
553
853
425
563
592
868
416
402
791
504
770
569
387
468
576
645
674
507
410
682
649
406
541
582
512
432
400
704
456
394
443
661
510
686
423
611
1200
592
415
458
401
670
977
393
555
510
758
646
405
724
779
540
715
617
388
596
475
1085
426
642
647
420
507
395
393
1095
612
658
778
421
601
856
589
571
463
655
427
398
436
427
457
424
677
549
659
593
635
641
397
393
395
826
426
714
675
551
489
812
749
464
1319
431
551
365
447
697
499
593
684
379
429
410
469
858
444
657
399
656
525
419
425
469
391
388
415
1222
561
411
379
373
607
376
377
423
748
404
611
715
713
419
744
540
676
686
667
513
640
499
649
757
899
638
713
614
578
826
450
609
481
628
775
794
457
725
415
548
714
450
618
715
513
579
417
437
703
405
475
630
657
806
414
555
462
424
1216
588
630
516
712
883
660
400
508
688
403
566
569
388
434
1875
451
420
425
403
471
653
639
459
601
405
402
396
636
778
693
561
797
663
657
404
562
570
599
618
724
431
410
1185
395
456
363
545
816
527
498
642
1166
605
439
602
687
471
1156
608
700
413
916
532
406
417
425
376
414
423
634
741
514
613
744
546
586
461
631
397
410
559
560
424
639
635
731
1367
884
550
540
871
626
501
614
696
681
637
638
613
1146
526
366
499
518
411
395
572
407
577
421
448
660
438
604
597
591
399
521
498
524
800
722
375
676
428
391
790
418
407
389
464
400
714
842
378
594
644
425
596
387
727
609
557
569
606
625
380
393
743
773
648
711
433
392
389
557
794
517
633
584
602
412
607
413
702
632
564
480
450
462
414
442
425
603
529
1037
433
389
584
406
679
406
742
862
522
425
475
558
758
676
431
431
674
390
647
434
402
1458
474
577
912
781
493
451
388
539
535
410
829
762
656
1709
590
461
953
613
453
756
685
466
423
419
1559
470
614
606
563
504
482
927
563
412
606
396
419
664
460
717
420
414
393
874
696
587
640
408
598
401
399
420
416
711
449
793
586
460
419
400
401
434
476
531
374
673
550
442
665
442
469
404
1115
558
909
422
673
713
442
387
448
714
635
370
480
514
394
436
684
666
496
588
720
395
809
726
388
439
414
563
387
428
591
404
786
573
493
697
399
483
461
431
396
411
581
1113
403
588
666
413
437
790
409
570
387
1020
402
411
576
654
599
414
384
442
738
562
670
427
433
424
408
476
416
428
416
737
548
645
715
490
396
657
425
677
393
406
417
700
667
354
518
440
792
543
685
610
546
555
380
626
404
709
385
506
453
669
412
507
494
708
887
609
671
389
597
476
390
363
427
561
403
639
591
548
692
487
689
560
452
415
413
391
395
386
456
721
676
676
418
427
417
588
638
685
815
391
439
1061
479
628
567
575
324
823
655
420
632
675
562
409
412
406
369
583
567
590
627
419
750
412
405
399
578
488
659
628
1206
389
436
391
768
649
686
727
388
634
480
433
376
688
552
717
657
545
618
470
598
537
699
410
891
906
434
630
637
441
383
670
429
449
642
731
594
346
418
400
388
542
651
476
423
428
425
430
376
559
387
418
401
640
395
429
612
442
363
648
632
574
729
395
763
447
413
397
530
648
487
552
394
557
790
563
570
600
427
519
633
580
378
441
422
681
591
407
620
391
423
531
401
450
571
836
623
561
638
387
406
599
747
560
408
378
422
404
887
656
429
654
951
444
398
422
657
484
685
542
534
592
680
606
441
703
754
479
401
394
618
620
399
518
611
671
588
400
754
486
836
723
456
605
451
561
611
706
691
749
677
387
544
390
640
418
770
540
396
661
733
530
395
420
388
754
782
411
542
591
590
467
391
414
430
382
380
626
786
525
430
409
429
388
411
576
519
413
412
589
434
640
720
443
420
390
585
683
436
683
429
447
531
396
368
361
684
684
571
412
676
391
461
738
498
556
643
554
557
530
411
709
647
389
469
692
631
718
447
400
751
830
401
657
740
396
510
586
436
416
386
842
1037
488
409
405
453
721
399
653
456
416
464
650
751
395
438
407
641
439
577
598
743
713
397
444
454
471
407
565
371
527
416
603
605
602
598
531
933
602
405
504
645
457
408
439
588
410
891
403
408
591
551
560
430
397
797
611
367
607
630
648
480
380
610
549
459
677
534
1084
928
539
653
2639
560
542
394
833
610
632
388
501
770
550
515
396
389
811
363
689
493
866
575
739
444
692
526
613
572
514
584
386
406
440
421
400
396
452
753
743
403
663
654
403
427
480
688
665
656
416
563
1130
420
669
531
1138
671
396
405
2343
764
683
544
644
665
376
654
414
696
416
430
709
430
380
1098
637
1181
392
836
858
659
634
597
397
401
652
622
678
457
381
430
419
1060
416
586
457
373
394
402
1048
691
380
383
574
369
401
580
548
379
410
383
948
434
416
398
613
874
481
391
595
405
432
406
660
575
595
620
570
396
898
500
401
782
410
682
435
394
530
628
406
569
392
427
444
663
664
378
634
354
635
996
421
420
438
792
372
640
489
651
543
408
376
471
480
350
411
389
764
444
420
439
486
519
426
444
780
416
463
653
399
394
376
554
380
748
370
397
360
417
496
759
461
539
502
415
422
602
553
401
506
404
519
417
406
395
554
381
640
778
693
442
374
570
452
699
606
620
378
547
398
564
618
413
496
414
372
588
446
648
560
524
404
759
684
640
1210
598
643
661
777
474
533
448
487
405
364
420
531
465
429
549
364
700
564
537
611
405
707
386
429
404
440
594
380
413
382
718
604
381
542
626
372
380
547
451
641
701
452
987
375
741
563
431
637
409
370
691
401
805
620
663
408
738
808
408
400
1049
1067
425
625
405
612
499
392
384
626
595
462
757
590
610
413
593
702
388
572
621
433
634
639
508
444
368
509
387
419
547
445
527
338
410
693
559
684
395
814
380
479
566
421
658
464
681
707
388
405
557
664
405
383
407
392
599
415
391
1096
596
623
425
821
670
392
788
492
406
582
598
421
406
681
658
663
900
618
409
779
401
474
376
800
437
478
686
434
777
393
855
435
363
479
409
817
411
694
414
644
1091
477
493
442
372
455
427
649
577
376
518
412
398
407
426
442
779
402
1148
419
386
614
710
748
491
420
428
381
410
636
382
488
464
570
434
684
691
393
527
654
436
638
782
686
419
440
644
433
386
508
611
662
686
432
1095
650
602
1199
398
596
397
569
503
435
558
450
571
635
548
510
382
381
394
802
412
393
408
717
379
387
394
714
591
386
2083
820
516
548
383
382
412
512
425
672
811
612
666
395
586
512
407
385
623
394
449
617
919
776
593
627
633
405
581
390
875
406
655
544
399
450
420
419
398
474
433
401
410
562
385
509
382
504
655
577
660
551
356
683
645
379
386
624
686
667
479
573
580
455
817
379
556
640
371
876
387
371
680
798
371
658
687
400
378
411
516
529
390
451
598
453
554
761
624
412
409
566
583
527
368
520
646
400
525
610
632
435
440
508
669
608
388
602
424
371
446
628
522
696
620
556
507
645
590
693
369
441
455
409
650
539
641
689
378
824
409
543
623
362
831
393
557
372
608
363
655
410
365
632
411
440
400
403
657
385
385
700
387
569
507
430
931
613
1097
510
436
450
890
408
661
637
654
583
805
374
1130
375
549
396
386
648
857
408
801
393
403
422
654
609
427
444
452
475
610
413
630
605
613
775
592
402
388
707
621
679
443
1411
571
446
471
618
740
396
461
665
793
499
394
664
651
671
668
386
340
391
434
634
508
637
402
402
565
421
395
398
451
426
618
422
363
387
371
725
652
791
371
766
741
733
421
528
566
706
387
398
421
399
533
387
1116
405
402
640
398
533
531
513
482
664
585
526
497
371
433
613
432
601
408
393
366
2343
678
502
532
544
378
423
629
632
695
407
649
561
384
373
535
371
406
373
480
536
416
371
631
652
485
433
839
407
355
658
388
452
369
613
464
441
546
462
404
725
651
770
547
471
417
393
653
633
1173
400
728
354
618
865
371
1019
410
686
641
601
621
357
411
668
617
561
544
770
714
425
461
417
438
699
455
672
392
666
391
722
713
370
621
703
384
507
639
591
385
699
371
836
473
421
690
411
390
498
611
626
591
1005
396
626
387
409
782
446
625
600
406
468
421
1144
429
438
405
398
424
381
416
501
423
749
427
356
358
658
371
610
829
369
586
580
704
384
860
381
375
399
435
345
376
397
532
695
519
620
383
782
555
408
423
614
675
433
612
383
515
350
413
399
421
409
367
403
379
476
639
438
379
699
745
442
551
643
402
385
803
583
414
400
833
659
377
777
728
908
625
321
465
478
699
354
385
365
365
499
650
627
1210
791
389
395
827
403
589
553
515
387
861
592
766
411
382
757
692
762
374
378
486
451
575
500
440
364
368
757
621
661
428
391
644
388
588
369
679
675
384
645
607
413
427
373
442
390
472
649
661
418
460
456
430
627
811
420
373
616
505
375
405
436
399
426
606
408
671
425
406
789
707
826
793
413
649
531
670
663
410
388
620
496
386
430
580
437
656
435
406
381
408
463
567
598
400
406
350
540
417
385
484
582
1027
679
374
784
463
602
642
588
556
1023
670
552
399
621
653
621
1001
722
653
585
383
377
878
404
453
369
779
490
544
602
363
613
396
632
375
352
597
556
470
1231
397
990
590
503
397
739
427
376
658
553
728
393
381
437
444
367
771
364
397
712
597
372
737
540
426
408
632
409
684
605
795
677
388
555
875
403
373
361
355
534
534
583
403
374
632
458
450
725
358
381
1392
396
347
389
794
701
519
358
630
439
625
565
388
416
415
800
407
430
376
517
460
568
565
510
407
858
380
426
385
804
469
633
408
368
370
421
393
569
2922
524
479
538
374
426
976
350
957
376
574
381
627
394
408
601
430
321
599
685
528
594
715
634
833
379
456
731
663
371
372
429
401
398
384
747
403
535
501
613
520
716
772
653
630
679
641
422
815
415
475
429
368
620
628
565
347
645
458
477
602
384
655
386
677
607
372
595
675
424
420
477
419
451
732
387
401
415
594
420
761
383
387
449
355
418
427
618
560
351
647
405
636
589
562
415
584
632
449
414
701
604
653
402
709
412
482
346
443
446
531
361
636
389
544
527
565
628
382
694
803
639
501
666
483
393
428
381
465
588
397
380
611
403
470
474
620
796
406
419
328
399
409
416
370
423
385
510
781
649
438
1116
376
364
405
396
419
419
623
651
664
374
416
371
463
373
394
616
407
525
457
546
415
420
547
383
475
335
351
392
575
538
352
413
566
386
397
390
406
538
334
536
551
378
887
442
381
567
577
403
953
455
641
572
616
428
896
426
613
385
637
640
392
369
939
397
532
349
552
378
704
913
659
426
404
604
433
979
414
393
331
339
382
695
416
807
382
412
383
439
432
739
627
585
400
356
385
401
512
426
381
714
375
378
642
578
646
359
402
402
415
425
401
367
410
414
356
434
337
365
393
357
1032
561
363
563
598
361
386
932
377
363
497
530
389
905
543
405
391
541
341
764
660
699
409
829
894
600
531
630
439
595
380
368
366
372
532
619
802
583
699
368
685
535
395
497
728
428
380
2922
321
600
500
377
381
647
385
378
435
405
594
587
599
350
690
777
760
720
551
525
490
387
587
394
363
402
801
703
323
400
399
584
562
413
395
415
363
485
470
573
405
707
890
396
391
803
425
710
363
503
720
529
383
382
1746
578
390
850
706
401
551
598
759
444
357
671
450
535
363
366
363
358
509
842
580
437
566
462
676
542
387
410
416
602
366
327
372
384
412
650
396
548
512
367
390
599
375
364
505
378
704
565
405
416
379
456
380
396
393
393
670
385
366
392
344
371
493
657
504
372
681
834
511
766
609
371
379
378
656
365
431
440
598
385
681
592
653
499
610
659
663
560
404
423
738
704
429
635
382
364
386
390
441
496
669
356
381
559
423
705
528
669
602
600
418
377
442
397
353
408
409
383
386
361
674
384
346
418
337
530
393
350
432
450
437
634
680
566
386
581
669
512
397
630
359
879
462
484
572
502
597
581
384
594
569
386
390
659
528
399
444
369
378
404
588
341
403
524
413
632
366
605
418
441
448
661
763
581
456
625
417
574
406
517
1027
391
599
487
394
371
688
526
399
372
554
358
575
444
474
799
393
358
397
365
391
447
356
553
637
395
682
656
350
892
397
416
383
376
824
1141
412
597
398
453
447
414
395
593
655
703
428
369
742
382
350
418
593
380
361
390
664
384
778
390
520
398
367
658
472
623
688
1045
408
463
428
587
545
351
708
824
796
391
779
855
391
397
408
596
365
387
394
389
418
408
398
682
374
740
742
1115
629
540
386
405
663
424
406
553
426
423
359
2343
671
379
400
439
706
457
382
586
644
415
426
376
346
584
459
526
520
386
698
722
934
590
413
368
361
416
737
316
1040
651
347
456
580
436
358
548
412
403
494
763
380
695
622
400
604
616
339
379
420
484
411
387
497
278
1179
409
392
356
880
421
529
364
368
505
424
382
598
378
438
417
531
399
627
563
903
665
1043
801
410
799
842
427
437
473
345
385
694
557
704
458
450
546
538
372
380
655
743
364
373
899
493
591
755
426
428
672
369
450
423
604
788
428
1067
373
762
375
337
375
774
388
636
371
404
641
418
731
625
724
393
459
675
411
420
599
361
448
444
634
448
663
373
396
402
572
400
935
372
375
437
527
695
465
388
387
457
360
1053
600
310
345
705
617
366
413
438
466
1144
579
353
710
595
482
664
425
353
522
511
395
371
595
624
1056
387
426
517
418
411
357
396
393
337
398
642
348
675
375
370
666
614
600
616
1045
468
547
375
466
397
370
382
379
364
888
428
798
645
385
377
370
335
1086
581
744
347
562
567
720
539
545
724
731
819
557
520
826
569
620
367
801
698
401
403
589
735
588
387
641
909
475
411
378
367
341
363
548
355
366
372
817
481
648
562
675
350
519
543
451
498
473
350
417
618
376
549
1042
688
581
625
645
929
397
516
580
635
379
392
339
689
461
641
344
357
600
358
409
403
594
580
504
375
477
372
838
473
510
564
423
623
348
690
635
812
668
365
366
377
449
466
695
484
379
412
414
354
397
631
523
343
382
374
617
367
853
619
556
370
373
1003
812
392
660
613
390
417
618
345
1013
1698
409
742
714
389
416
338
340
388
360
676
783
540
668
459
393
374
545
344
599
741
393
411
365
651
365
425
376
472
357
399
409
405
438
682
860
367
718
399
688
337
360
792
626
660
422
397
367
397
972
303
768
409
384
366
444
393
553
373
546
899
406
477
396
382
392
760
571
365
691
597
407
638
375
758
352
428
376
351
348
1003
447
700
384
469
384
386
574
603
374
429
518
348
348
361
505
869
900
570
509
373
724
615
620
398
1113
635
1035
676
452
533
548
403
337
593
815
692
378
361
685
360
398
808
355
356
401
557
496
359
360
714
394
375
452
721
1673
387
356
664
686
369
345
360
401
398
577
520
651
412
380
813
618
379
755
401
638
409
712
698
653
662
716
384
374
394
371
347
379
737
463
422
390
721
937
626
367
691
391
616
357
380
406
349
1179
601
585
460
371
542
537
614
971
487
395
387
558
390
375
499
538
388
343
613
735
466
465
352
646
575
565
442
1081
359
330
679
349
587
556
669
361
696
648
414
654
839
454
639
661
375
665
512
588
393
685
480
589
378
383
362
757
383
452
377
396
393
384
421
454
434
592
412
330
429
330
566
394
835
965
361
379
458
330
560
353
541
427
491
487
568
492
351
377
699
589
303
569
790
367
384
666
362
670
388
393
590
698
375
397
415
445
407
595
367
341
576
356
375
328
601
339
445
543
413
728
396
381
939
392
643
459
332
1081
413
693
912
674
350
459
462
576
626
369
402
340
391
376
438
367
418
495
642
517
394
432
454
1101
620
383
764
399
566
401
506
503
599
385
677
422
548
367
454
363
416
571
321
366
873
374
460
366
698
356
371
1241
540
438
395
347
436
798
600
308
379
378
346
622
557
377
370
540
971
366
351
387
697
467
494
382
735
384
375
790
547
457
399
731
354
392
903
422
358
386
358
462
639
520
434
498
684
361
587
767
378
354
791
361
612
737
466
580
357
386
550
399
640
325
352
354
639
486
368
355
494
366
411
430
565
748
393
385
452
347
515
485
346
384
454
700
401
379
560
537
390
653
536
910
382
434
433
659
420
402
395
374
371
422
540
364
381
513
356
600
397
368
487
747
417
382
385
511
434
389
641
347
665
644
441
379
357
343
354
587
418
358
332
391
372
520
705
420
374
366
488
375
791
409
463
757
568
343
581
418
441
382
749
578
368
387
369
374
711
693
857
639
368
404
355
361
415
337
668
352
432
346
409
352
345
440
611
719
396
659
752
553
347
792
403
359
576
454
351
323
712
414
645
696
612
430
523
584
506
641
409
382
396
355
391
375
384
528
636
387
432
593
380
435
493
557
331
326
840
406
333
585
433
420
591
806
494
378
591
458
468
348
695
412
388
380
346
568
412
575
481
447
580
325
371
379
750
463
707
402
370
354
368
380
687
401
548
355
382
329
377
454
531
338
490
663
701
389
373
427
522
797
382
496
388
470
387
806
313
370
408
385
448
971
623
418
1185
632
607
573
413
428
776
857
335
685
508
530
374
483
383
401
340
327
402
386
351
423
641
360
555
383
836
524
335
351
448
383
380
396
391
564
635
393
352
615
987
360
372
398
422
514
386
398
369
396
716
647
480
385
976
589
345
338
678
715
491
476
419
425
318
516
528
366
555
470
344
675
815
626
707
666
348
468
565
404
383
354
548
627
808
808
690
408
373
1588
647
358
378
385
740
390
392
359
380
522
670
449
411
338
351
713
344
517
349
372
525
439
388
362
579
440
741
380
362
394
371
347
397
409
332
425
392
906
466
338
559
611
554
521
559
532
450
552
390
392
443
464
301
373
577
378
685
768
392
355
373
395
615
951
635
611
432
833
374
365
450
459
407
386
887
395
384
424
403
968
438
417
388
609
364
593
416
340
379
779
380
473
684
621
350
614
649
729
692
333
398
332
800
669
520
355
639
528
679
328
617
442
553
388
578
352
593
382
625
409
525
351
831
482
522
740
618
641
676
363
325
1016
389
813
647
419
787
365
420
642
1211
574
437
414
358
406
732
451
699
335
456
532
351
372
613
431
382
354
342
390
539
607
334
638
321
374
351
500
342
407
517
666
836
363
323
416
359
383
348
353
880
390
582
608
410
370
371
383
346
649
512
390
420
817
372
721
333
347
315
351
390
836
586
378
447
351
650
452
470
716
759
367
567
414
370
367
382
374
383
355
683
391
658
580
425
465
335
603
422
711
335
389
656
342
458
397
354
782
322
324
369
426
669
527
424
462
646
497
858
366
378
950
383
364
375
386
331
394
680
586
307
635
412
382
401
383
395
374
438
533
392
643
510
449
357
351
415
583
377
382
337
438
593
457
397
323
409
417
398
358
329
431
371
333
555
575
343
339
443
361
370
422
408
547
405
326
331
580
528
635
381
331
660
616
729
328
367
457
384
1148
714
573
1053
905
359
521
642
547
373
479
392
631
421
399
2288
560
382
397
611
953
453
356
520
767
752
579
630
349
643
384
457
640
483
420
352
558
686
1162
376
353
365
607
562
562
438
445
1162
573
404
1035
462
502
548
756
473
573
544
373
386
356
370
571
406
355
383
341
1116
560
334
642
374
330
492
365
387
1044
458
365
649
358
1161
453
411
387
363
415
351
641
468
368
492
374
377
664
482
374
354
381
563
494
621
347
631
583
350
348
322
356
320
736
366
505
594
533
373
516
1086
398
374
364
393
611
415
611
372
390
365
376
583
402
351
497
361
308
792
321
368
365
424
381
484
376
445
356
382
427
359
434
620
739
375
343
644
383
427
331
340
534
417
388
355
416
317
805
883
326
565
424
426
387
379
394
406
358
672
357
649
433
425
360
354
342
356
595
301
1164
650
1144
770
381
371
625
511
790
423
560
383
909
330
357
821
718
545
581
364
1188
322
362
403
803
1001
403
626
456
425
643
593
371
605
422
1698
675
542
337
517
362
622
360
750
345
450
336
516
551
561
416
376
368
690
525
362
431
446
676
428
550
359
367
337
807
379
382
607
362
617
344
450
601
700
372
590
399
626
456
633
540
355
422
350
359
652
442
590
362
678
344
326
1170
591
683
362
413
411
402
414
965
644
957
417
331
516
457
377
530
345
339
347
567
670
365
352
294
350
571
363
578
1078
368
479
395
404
382
489
642
644
409
340
339
362
687
790
487
358
325
349
389
376
352
380
387
1272
349
343
360
484
971
423
356
447
653
341
740
649
538
612
973
381
384
394
307
885
622
354
482
384
1095
364
386
433
402
407
941
314
612
479
971
341
399
316
309
560
356
425
325
678
950
574
369
626
384
419
363
414
368
665
708
414
731
343
342
354
604
444
359
380
361
393
380
557
839
368
376
498
612
333
367
363
542
792
347
365
387
370
505
649
446
362
323
367
355
359
402
350
485
388
972
358
394
323
529
371
410
384
366
346
553
687
714
428
302
727
473
714
342
388
409
352
572
508
353
643
615
368
856
970
480
341
416
667
322
507
347
461
458
700
675
273
461
661
382
758
599
362
449
388
1228
360
337
777
388
402
704
403
505
404
348
725
608
406
346
377
635
602
303
605
708
321
369
357
611
365
389
361
728
530
551
368
389
369
397
709
641
361
297
350
402
370
313
383
344
647
375
399
379
581
311
537
343
353
651
318
385
384
434
459
479
352
616
603
478
299
347
370
373
451
575
762
404
370
347
382
524
395
333
478
358
662
389
628
383
487
383
643
576
346
839
390
429
434
770
335
601
394
944
351
564
580
1003
430
386
328
358
328
358
694
346
446
360
940
373
435
1104
375
534
564
616
444
414
373
656
407
327
437
438
361
362
395
553
373
348
518
417
615
315
1021
372
365
526
714
341
489
900
458
391
764
513
373
556
393
350
325
504
403
361
332
527
339
389
405
351
787
361
416
366
679
799
972
629
314
387
403
656
420
363
403
391
397
325
340
434
399
379
630
392
314
336
1007
296
465
367
419
391
376
364
609
354
469
359
427
767
477
703
458
353
341
443
385
470
336
659
533
382
475
394
450
531
378
371
582
384
542
878
364
650
591
467
419
597
379
390
705
359
332
649
1673
929
359
757
365
662
985
339
384
374
307
340
480
359
373
761
309
304
522
432
534
482
648
601
375
375
356
398
407
375
735
665
520
566
354
366
358
635
441
644
493
381
379
735
395
517
367
387
310
1120
381
637
361
396
339
530
487
318
417
370
360
539
334
467
395
656
332
350
600
449
376
420
393
513
404
1021
447
334
340
304
359
347
392
604
346
823
345
690
389
328
385
1321
509
373
343
650
357
470
409
381
463
631
364
400
408
380
543
390
386
429
360
353
342
374
446
484
489
426
590
778
356
347
369
607
734
591
569
901
563
378
285
332
778
560
433
603
516
353
382
627
347
446
598
670
362
501
367
342
376
364
268
316
449
486
481
313
563
322
324
376
373
442
380
362
383
408
417
610
282
401
561
365
715
804
584
347
333
536
317
543
398
1065
356
352
2288
903
320
467
531
651
605
505
598
617
319
671
540
668
554
375
378
658
374
329
352
342
547
325
326
834
359
430
831
698
366
390
342
383
732
386
728
385
380
2036
380
336
353
422
601
350
291
741
329
351
734
633
462
261
346
391
372
393
810
412
303
374
341
318
592
353
561
422
384
358
576
350
346
470
334
444
336
885
346
688
503
363
352
340
330
646
366
348
555
350
327
479
360
348
336
304
340
610
550
350
341
331
575
441
399
358
453
405
398
605
406
354
547
355
426
339
359
334
639
429
564
573
594
335
383
339
1078
336
357
335
400
368
344
380
394
414
365
570
593
343
578
357
580
397
393
419
790
530
476
2922
534
392
389
338
802
543
361
356
550
647
692
348
1566
642
389
439
347
329
390
277
385
815
372
387
364
686
536
361
356
343
284
434
367
376
823
398
357
534
369
737
575
471
358
680
337
875
682
632
383
316
464
380
346
383
703
281
1179
910
357
340
366
394
395
364
299
335
385
325
474
339
953
745
860
344
340
431
381
295
563
727
325
470
357
848
394
370
749
419
387
332
762
671
330
382
340
512
358
580
540
468
380
691
425
321
411
310
773
512
402
351
734
377
390
515
419
444
585
309
386
345
497
372
401
392
557
362
408
554
333
473
280
493
336
637
657
541
351
407
426
294
326
326
398
458
321
371
396
448
353
355
658
377
340
400
642
308
568
472
637
660
353
517
518
339
479
552
647
621
340
351
299
620
390
352
475
342
411
328
372
587
654
355
508
714
374
337
328
2055
397
491
344
446
339
353
1042
382
389
509
635
489
657
431
588
337
304
1070
501
380
400
415
484
437
401
332
404
360
647
315
370
1042
337
357
1202
321
464
349
377
302
370
561
355
314
521
300
481
387
958
343
359
372
617
323
497
361
447
368
439
353
560
375
328
483
358
379
394
649
309
590
305
463
322
385
353
331
329
325
380
358
437
475
377
356
346
393
457
378
330
584
322
501
609
373
635
298
436
286
622
375
1106
499
369
369
497
472
575
310
1016
628
362
578
385
810
740
371
585
406
368
647
694
363
749
348
367
743
423
358
384
392
339
697
649
399
511
373
627
358
664
366
365
382
324
361
348
341
493
852
368
444
319
337
483
417
320
570
386
543
529
794
301
880
442
656
469
317
864
317
327
342
450
412
770
363
284
351
431
737
544
290
305
476
516
608
693
345
808
376
365
582
929
340
297
402
329
376
367
509
621
971
375
694
391
770
433
405
330
376
362
418
366
597
377
335
374
367
339
622
623
306
957
597
384
782
1044
325
372
309
442
350
335
1083
327
479
328
304
360
355
311
562
394
655
627
977
697
302
385
533
371
661
369
715
425
387
329
333
324
879
602
650
350
370
392
343
822
585
375
432
318
385
400
310
1411
360
320
522
769
385
501
396
506
560
325
288
369
338
672
415
2288
741
552
571
345
336
556
527
343
479
611
1008
338
550
310
442
327
424
341
653
333
728
356
310
350
626
435
321
630
1390
336
344
361
333
371
1126
334
619
709
345
661
655
2888
329
349
365
568
400
338
357
404
497
664
577
361
389
567
346
570
1211
514
435
642
347
430
761
343
369
315
458
329
549
360
342
414
462
424
311
637
377
302
500
470
436
577
392
376
811
592
688
412
358
325
365
633
369
413
334
772
367
1226
618
493
568
281
356
329
413
444
370
360
538
367
361
381
341
329
336
428
681
529
452
328
402
360
358
357
348
450
344
407
347
346
418
568
492
772
323
405
610
653
371
801
327
320
313
670
404
479
431
312
530
416
303
535
641
519
669
746
375
714
355
321
423
406
367
403
382
501
395
639
319
370
665
345
669
754
312
389
567
618
329
357
403
397
384
384
333
380
466
313
350
361
378
386
364
389
318
611
356
353
786
718
354
385
805
318
384
395
390
354
400
573
370
366
367
365
718
427
605
1061
535
369
370
625
352
469
353
307
346
354
330
309
338
623
516
387
408
332
576
343
370
520
511
572
348
355
285
402
355
590
316
322
1027
330
761
377
344
357
531
319
319
630
336
573
519
603
313
876
595
318
369
766
330
430
343
332
368
315
412
332
455
337
323
320
378
387
382
370
543
634
298
848
312
563
678
372
331
330
348
620
313
387
336
394
357
471
427
261
356
316
354
488
694
414
360
395
633
676
343
644
426
295
341
350
606
298
315
349
396
547
361
402
472
321
578
375
461
359
300
366
286
270
767
435
304
438
401
948
745
363
395
365
370
610
601
371
372
340
370
343
345
363
644
354
397
372
997
547
384
340
470
711
660
405
351
618
498
381
452
361
382
311
398
649
423
543
344
477
356
635
650
1075
1055
490
306
397
372
355
488
372
348
330
339
704
350
338
813
441
426
365
500
328
331
445
290
374
378
756
305
696
612
587
418
336
322
329
356
318
337
424
478
674
360
321
409
439
373
338
343
339
518
375
340
349
366
653
536
290
745
955
605
718
294
395
370
276
347
630
639
597
392
439
410
435
384
304
375
418
384
361
362
396
694
380
501
277
292
324
580
304
479
297
818
281
343
357
358
399
661
391
946
291
336
559
419
431
571
356
395
470
570
931
413
848
340
361
369
501
286
895
483
349
292
399
344
589
662
372
587
578
285
527
370
291
657
1196
392
297
335
365
535
323
644
316
475
315
428
292
291
302
650
593
485
460
389
300
700
426
323
325
467
354
465
384
298
292
293
529
276
344
372
373
407
340
329
327
325
401
637
794
385
361
322
335
479
369
691
377
362
386
344
387
332
344
295
479
1048
392
325
294
578
267
345
876
371
319
588
1053
320
342
337
410
304
264
338
570
370
369
420
334
561
539
339
577
288
364
319
317
376
369
276
401
486
476
340
356
294
388
270
690
305
309
376
400
502
322
778
363
694
634
334
354
415
380
585
384
286
383
568
370
831
414
305
391
939
761
496
338
351
302
669
344
356
350
530
266
1004
555
339
363
446
434
352
448
506
405
359
528
612
316
404
260
418
308
347
529
315
251
631
275
646
659
485
387
659
790
474
339
365
393
274
311
918
666
336
579
346
916
546
346
545
352
299
578
349
339
358
869
359
277
378
929
616
699
794
427
547
481
304
327
337
403
402
435
341
322
510
626
971
451
839
351
472
754
643
342
333
306
389
883
409
332
294
381
377
239
410
376
308
372
398
315
973
520
362
581
621
258
618
333
317
391
636
367
749
664
363
370
332
534
297
353
953
823
584
333
331
343
330
424
369
349
400
588
364
874
411
565
379
337
394
618
371
730
499
481
792
349
306
346
372
1698
418
427
364
521
326
341
408
328
346
290
1126
599
325
981
413
359
871
808
340
301
364
337
553
462
339
612
325
560
347
551
303
355
649
400
714
525
683
318
284
454
519
797
596
445
665
364
299
430
670
392
471
287
364
406
395
414
571
405
1031
270
322
260
401
534
413
399
381
346
1272
422
635
340
383
596
487
286
282
326
342
471
327
387
623
337
355
370
627
336
302
315
233
384
350
697
426
264
414
330
699
598
340
372
363
528
879
574
295
321
379
445
595
496
389
415
330
306
627
314
520
290
792
328
502
599
443
553
415
973
375
714
279
360
555
356
607
311
597
322
302
461
559
291
399
357
480
291
366
340
586
356
383
524
314
337
320
317
382
260
757
332
418
324
312
351
313
405
1115
576
368
263
314
347
691
664
388
433
303
315
325
402
375
622
327
356
385
315
422
323
532
703
685
371
323
500
320
332
694
828
338
531
641
740
581
1078
672
280
383
372
358
310
631
284
377
275
354
349
601
674
661
449
363
433
333
391
279
374
393
684
326
411
559
377
559
329
330
375
1671
347
330
305
527
356
504
374
303
260
429
319
269
300
465
277
344
334
328
354
736
373
404
352
395
355
311
313
796
708
342
439
425
318
316
857
496
277
494
457
596
310
671
396
485
321
668
626
366
445
426
374
346
421
363
449
467
439
372
430
362
351
422
332
305
353
733
446
311
517
291
294
342
364
344
428
711
351
395
266
333
564
511
750
284
317
256
801
387
301
478
414
381
731
314
349
304
769
402
311
355
541
371
489
385
448
499
649
366
366
372
340
383
357
1875
287
389
708
297
550
461
1209
374
672
372
309
333
391
348
289
470
311
592
578
404
492
380
932
320
318
301
348
272
313
478
694
331
358
500
267
486
384
318
309
683
358
333
277
675
323
299
377
354
744
596
353
414
657
615
369
382
273
383
399
295
582
814
578
308
469
620
388
326
311
349
632
512
531
406
478
397
386
563
352
353
344
311
350
334
726
328
416
379
306
355
652
328
393
244
379
360
497
383
335
1104
380
332
329
1097
325
616
357
400
270
599
637
341
534
317
440
654
298
306
401
509
481
460
351
413
273
380
328
358
591
378
597
1005
377
362
632
332
286
309
237
252
515
332
449
365
358
357
355
513
377
477
1021
353
291
340
516
292
312
376
367
411
299
933
401
394
855
521
342
527
385
524
362
567
529
521
517
634
604
378
671
295
305
740
268
348
468
293
300
428
362
791
479
360
263
388
276
266
360
654
535
449
355
273
367
324
345
318
337
355
570
330
515
306
643
1016
371
363
452
405
454
475
288
383
345
520
735
607
326
363
320
353
350
628
286
390
595
366
311
328
332
276
266
701
382
797
321
376
278
314
286
404
606
487
438
584
383
764
375
542
337
392
384
389
303
371
357
636
322
605
463
486
341
579
399
354
666
324
344
922
393
372
453
403
644
417
378
273
362
293
607
372
244
378
433
423
308
297
417
885
1165
384
323
658
712
681
328
381
695
316
323
387
294
356
369
486
684
322
369
305
341
400
292
417
793
408
347
454
364
309
414
381
392
582
328
297
368
417
405
648
407
368
310
838
310
566
506
543
304
701
282
347
295
391
280
325
337
287
328
483
303
372
768
380
301
295
674
575
347
311
653
599
364
546
364
358
363
318
331
315
264
761
371
472
330
257
345
264
630
726
328
477
878
426
393
279
594
271
303
563
365
508
613
353
600
340
312
445
345
334
276
320
681
278
354
380
721
638
376
1096
348
376
279
333
384
322
288
276
613
278
353
1267
289
339
336
325
424
351
624
336
352
586
358
439
1138
694
392
380
283
257
475
591
325
493
253
334
315
309
308
396
418
397
593
327
419
371
365
611
592
329
566
344
381
300
407
304
567
674
319
306
1267
285
359
314
337
425
293
382
822
230
313
1120
325
472
340
372
343
503
298
857
258
309
511
302
379
343
606
359
421
306
359
471
317
408
300
712
577
317
383
359
387
416
320
454
541
759
601
346
297
415
291
373
519
551
330
400
514
302
269
869
330
348
261
416
346
272
707
382
349
339
393
296
330
626
329
810
383
318
397
658
374
353
360
288
615
325
319
720
536
316
381
370
355
353
401
436
302
1116
327
607
337
389
258
686
315
454
250
268
873
798
320
355
314
428
357
332
386
264
305
321
299
286
671
549
383
646
821
369
598
282
281
607
390
269
325
321
875
350
424
313
663
335
328
352
309
367
368
405
442
631
505
321
251
248
621
285
341
266
1101
375
639
588
320
1170
317
380
295
457
668
909
434
343
287
972
846
2036
690
339
304
570
601
623
298
374
358
514
400
359
288
624
488
330
278
402
635
330
603
297
517
289
503
359
270
380
336
180
338
406
340
645
1566
299
490
270
953
759
321
347
496
349
399
256
515
625
766
339
285
290
322
309
363
418
335
302
349
341
289
722
499
458
351
295
471
297
648
516
361
471
517
282
321
2922
327
319
626
327
350
324
376
262
342
636
415
384
560
339
507
373
286
350
273
344
758
431
278
288
455
578
261
259
362
306
270
319
352
482
735
278
337
318
491
333
285
363
355
649
491
271
305
376
364
802
659
349
300
317
353
576
225
585
269
342
310
314
278
312
281
274
397
641
928
402
407
361
308
351
1095
280
714
367
333
305
534
1038
392
368
339
409
469
272
581
343
529
338
640
351
250
302
288
164
696
364
265
1104
377
575
634
311
483
502
465
341
362
359
288
469
342
324
291
401
284
286
293
573
350
347
403
941
383
857
262
289
300
278
309
663
614
332
306
610
534
336
327
377
308
310
788
502
277
666
705
497
318
777
387
241
594
380
344
278
298
291
327
330
639
299
374
542
331
321
225
355
246
302
302
329
282
928
712
267
325
272
303
264
615
393
344
297
319
372
359
420
383
449
345
245
249
273
552
297
299
302
388
337
339
314
317
326
313
464
474
321
437
580
359
305
1229
701
686
363
395
377
317
358
292
276
231
328
319
359
575
326
579
239
282
260
359
323
301
318
361
285
730
1023
691
356
318
322
328
566
274
321
518
292
576
423
396
281
398
295
639
247
390
482
272
674
469
306
239
317
382
319
374
337
361
415
306
300
348
285
338
232
261
390
593
356
448
286
405
377
376
296
315
271
693
310
658
413
352
299
365
300
784
336
388
1671
303
338
627
985
467
322
466
996
492
323
355
265
310
361
405
170
328
322
343
1043
516
301
1355
681
312
392
336
244
448
458
376
354
375
416
372
251
345
379
344
226
368
327
374
653
665
396
227
308
378
448
440
379
275
556
386
404
630
327
537
292
420
554
361
724
305
318
573
640
321
704
393
318
246
891
352
383
386
631
401
281
257
314
347
504
309
667
324
295
344
284
231
392
350
452
314
712
857
276
1913
311
543
361
259
306
338
559
440
367
636
514
413
330
394
331
258
385
666
355
258
340
728
242
438
266
293
317
1008
363
239
433
496
1581
306
334
266
344
390
572
311
389
368
336
212
424
373
299
651
372
781
282
361
341
235
254
339
376
226
405
611
390
352
569
327
306
515
397
211
570
355
323
668
394
403
372
903
354
311
255
263
301
307
506
347
273
509
351
312
446
477
485
568
808
316
365
256
527
301
333
403
916
564
1165
342
327
293
350
391
245
711
557
363
325
593
443
639
348
405
317
649
394
280
382
319
347
400
227
396
380
557
335
299
199
285
318
327
354
303
300
359
304
368
253
565
178
342
848
354
305
246
356
364
263
318
702
357
322
284
423
304
285
362
363
657
423
556
282
309
721
522
324
391
359
424
638
1209
258
366
360
404
316
306
238
381
340
328
329
619
338
294
602
240
320
584
381
415
269
640
828
333
270
367
325
312
275
637
447
524
250
540
582
518
295
328
294
388
281
305
402
318
358
384
420
650
1746
298
282
384
658
403
335
346
364
330
384
282
639
291
247
376
611
307
272
611
603
312
337
598
243
257
299
426
344
566
561
275
213
220
281
254
313
338
559
223
260
291
348
597
379
356
569
349
360
349
316
372
543
603
281
518
544
255
287
245
691
350
277
307
276
345
271
381
322
308
768
254
348
572
761
651
736
307
246
486
353
317
522
366
248
833
231
408
409
370
559
350
364
270
572
295
255
269
323
283
366
347
572
238
295
227
337
383
319
360
782
424
362
297
488
479
334
258
641
540
264
286
235
748
490
1027
591
426
279
435
252
481
368
305
355
333
534
388
273
675
521
258
655
383
355
295
334
798
636
273
515
304
401
587
257
495
529
721
307
308
274
693
345
383
277
431
561
425
359
449
266
219
256
634
421
303
244
312
368
378
213
455
369
588
276
662
392
668
473
503
654
376
260
327
302
347
372
308
335
560
351
368
313
622
354
520
302
607
380
317
307
347
594
590
470
286
541
200
252
364
370
280
326
347
328
259
494
419
522
295
319
410
2036
305
316
243
393
342
393
334
434
346
376
737
530
338
273
264
626
247
290
376
335
359
544
458
223
280
286
339
360
315
229
596
443
400
407
346
382
258
311
438
389
319
240
321
328
329
758
454
280
570
574
360
321
295
330
621
325
255
381
350
295
500
316
330
645
486
312
224
482
366
1043
451
562
347
293
563
402
244
515
318
256
230
521
682
298
225
137
460
302
360
304
317
352
366
494
281
378
1183
473
307
272
299
293
363
533
351
349
428
306
532
279
604
279
592
290
286
338
1093
369
865
344
380
898
554
276
239
176
743
479
397
298
313
554
279
721
292
332
350
1083
268
359
626
208
303
343
680
356
309
287
345
690
326
347
322
291
416
516
613
206
369
189
573
311
338
379
910
276
341
337
308
192
281
512
532
615
282
320
319
249
256
516
272
442
380
352
372
262
721
302
724
333
293
326
340
315
642
626
450
253
254
226
331
873
189
265
352
302
339
271
614
283
358
740
302
383
1588
635
829
478
291
393
363
222
971
262
488
287
371
350
415
760
601
361
261
252
273
222
310
230
258
358
308
266
815
252
399
388
396
356
381
241
343
302
159
365
1183
314
273
409
351
270
305
483
200
362
301
429
347
379
452
323
642
328
366
522
621
340
275
2639
428
554
337
799
559
281
679
503
444
380
329
632
295
235
321
401
323
279
280
386
335
357
289
343
137
346
347
471
387
257
296
517
334
268
374
584
280
247
293
339
379
289
256
414
338
904
286
304
503
327
293
242
362
968
496
342
278
416
665
342
367
290
675
264
288
296
583
654
326
431
232
258
250
592
318
324
646
303
2288
304
319
377
516
361
782
381
276
623
647
472
619
444
753
330
162
270
272
419
343
409
797
272
325
266
316
899
303
288
331
212
308
338
176
752
433
584
419
196
189
426
330
281
408
345
390
271
326
613
248
386
357
290
648
496
318
357
230
358
376
356
575
402
301
393
290
282
590
268
241
247
330
342
222
1056
372
217
597
347
186
332
572
296
293
224
208
301
310
327
526
359
422
312
562
343
968
339
295
292
258
307
272
570
246
2288
386
308
269
329
678
290
705
255
286
601
418
305
278
588
1913
713
573
437
308
502
362
414
365
229
197
433
272
355
273
374
300
347
262
282
458
267
337
261
516
505
469
291
337
474
285
286
1095
333
452
395
678
260
303
517
280
290
332
1075
301
350
287
254
268
406
330
274
384
261
385
469
401
320
347
325
356
475
564
312
301
280
317
516
417
258
298
290
274
376
642
990
331
400
334
299
273
276
245
625
376
362
257
394
269
163
274
650
541
429
349
218
542
324
264
484
178
318
353
328
742
526
289
243
728
307
670
280
580
618
370
252
326
356
556
219
238
318
291
289
230
293
292
329
252
771
274
861
384
319
909
411
303
283
159
294
402
640
340
239
230
392
271
371
269
384
453
672
290
375
344
252
357
264
320
311
219
702
353
283
373
515
567
506
278
286
305
375
334
321
269
333
409
298
297
241
308
231
322
256
240
283
210
405
315
315
433
359
219
434
257
238
318
342
470
157
284
946
639
323
594
425
342
365
253
265
313
313
445
386
1216
462
301
369
225
214
223
525
308
486
256
245
825
661
268
358
951
323
284
356
326
900
250
242
249
219
375
268
749
351
269
296
357
246
274
581
371
519
330
231
440
264
862
638
261
754
377
308
729
360
317
329
393
283
789
316
202
285
230
1170
252
337
1056
848
214
285
427
812
259
250
347
641
516
337
246
697
594
237
194
349
516
397
407
229
327
140
648
278
1067
295
350
316
332
337
258
270
267
280
338
572
404
302
343
230
278
247
299
289
276
257
283
241
283
634
224
353
447
296
410
275
187
294
311
323
380
345
212
447
219
555
261
289
220
337
231
216
398
301
302
696
566
268
355
323
271
362
221
287
331
1053
399
777
2083
646
613
254
337
308
429
343
313
327
339
259
224
337
309
340
339
248
258
279
300
471
303
347
158
341
375
272
608
615
265
385
456
438
448
470
363
290
277
275
574
366
302
330
405
612
287
273
273
402
267
394
516
279
279
298
299
373
574
262
259
263
323
317
298
570
333
236
395
331
137
439
258
471
317
627
322
260
308
156
371
226
309
490
723
257
324
262
516
1182
456
357
565
268
450
299
294
611
252
298
802
298
268
365
177
267
299
342
253
322
256
317
247
282
573
321
230
526
248
260
248
685
525
495
662
260
284
538
341
256
254
361
305
263
228
316
305
663
286
340
328
187
307
499
892
266
378
341
257
298
238
286
253
348
279
337
255
516
766
286
206
330
228
331
274
248
291
821
614
647
450
181
297
337
169
344
271
231
308
293
404
257
388
211
691
271
363
263
378
298
499
618
480
262
265
356
356
347
832
250
643
327
451
424
298
303
247
280
264
212
428
440
277
411
422
372
256
296
299
693
297
202
433
233
253
306
323
248
256
577
256
1148
257
257
304
347
361
316
621
300
273
409
303
378
291
324
258
242
354
621
250
223
242
395
254
417
378
625
506
131
247
293
445
318
384
591
373
346
370
330
215
355
249
310
294
351
319
305
435
239
334
377
1165
252
282
277
254
504
492
192
298
179
516
464
217
316
821
239
300
299
248
258
258
368
358
353
663
266
846
336
287
405
133
299
412
284
243
626
465
351
322
626
205
315
234
266
306
353
129
239
871
624
323
240
289
234
304
2639
221
725
580
214
331
573
243
409
472
302
226
2639
431
400
209
162
409
562
398
373
425
255
524
247
345
335
631
332
379
260
359
520
973
334
327
217
426
271
340
182
234
308
486
222
494
247
291
376
283
344
714
707
710
267
321
1588
358
295
238
332
323
226
279
440
349
267
315
446
238
329
369
359
356
310
1124
193
415
476
428
305
261
2888
219
716
693
369
616
259
177
227
890
635
357
287
251
789
516
299
877
366
349
404
221
336
259
245
339
247
213
202
609
559
235
301
328
272
370
215
203
277
359
332
277
698
283
317
304
516
408
344
266
264
245
665
262
358
223
235
247
286
300
306
279
249
371
261
362
200
262
283
247
723
526
286
230
190
230
350
620
338
273
198
286
176
278
409
283
377
712
449
267
607
1086
577
179
394
130
222
252
516
507
307
328
257
426
318
1144
258
326
349
560
347
516
322
501
516
301
220
264
363
251
283
257
261
516
319
396
1059
360
294
601
245
288
328
362
532
710
180
239
238
315
316
296
261
633
375
321
305
646
234
312
550
244
879
193
307
254
359
376
516
352
349
335
260
281
339
260
530
135
355
251
298
299
737
265
642
163
516
343
320
412
858
293
250
470
223
264
721
522
582
250
525
241
240
227
345
358
647
388
361
338
379
302
290
346
343
724
278
328
376
227
764
278
617
344
317
308
370
374
356
531
196
303
356
244
271
245
921
259
2888
256
312
692
516
234
187
569
266
406
565
737
311
571
233
295
193
371
257
613
381
252
553
293
556
294
260
298
265
262
262
304
277
319
244
324
237
1411
229
225
385
293
242
256
262
186
1115
279
516
171
426
235
328
1046
516
377
189
742
338
333
374
631
251
261
305
268
264
339
308
306
465
348
332
238
528
844
259
321
142
323
246
300
955
516
194
720
365
631
287
226
233
285
763
326
417
688
311
216
355
613
166
199
547
239
333
566
386
296
258
240
604
334
506
327
563
310
325
257
618
269
258
1093
299
224
323
1673
639
276
298
288
303
644
187
312
221
420
335
307
619
190
1053
621
439
302
293
217
211
322
320
282
141
381
269
256
551
815
325
321
509
446
791
587
603
257
420
309
246
387
237
280
305
255
269
129
255
238
283
648
556
515
254
350
265
299
137
129
577
381
319
253
516
443
292
361
222
365
212
228
302
291
268
658
338
414
319
267
297
223
398
296
516
909
167
243
225
293
563
254
477
160
301
278
852
581
219
233
675
585
516
285
234
861
288
399
348
349
660
245
592
1117
192
1226
1067
537
193
272
292
317
153
179
376
591
144
1913
336
276
256
516
185
919
190
187
409
310
368
601
538
341
261
325
361
332
253
319
297
274
590
367
267
878
574
209
230
129
400
347
255
269
234
640
513
313
173
259
517
344
387
149
537
288
287
642
341
176
357
229
283
241
244
299
344
256
247
258
289
289
138
227
245
328
497
289
142
211
245
180
237
358
217
261
347
317
2083
343
255
213
354
345
261
258
183
255
301
299
297
342
985
280
316
372
386
336
319
226
261
274
763
264
156
289
158
213
262
258
398
516
221
587
516
200
351
542
304
253
232
167
252
212
396
216
617
453
837
532
248
356
404
268
224
767
192
713
629
339
272
325
784
287
245
294
516
263
193
316
283
681
605
498
220
339
242
271
209
272
351
265
234
260
141
559
167
516
257
375
247
215
287
307
155
271
307
317
434
366
327
488
290
205
181
273
183
516
150
369
273
169
265
351
248
294
260
312
550
516
344
333
231
546
339
205
213
621
238
284
588
154
748
291
393
258
611
279
1091
490
444
271
377
714
362
334
199
231
241
374
362
330
417
254
277
1226
321
261
551
269
516
260
353
213
243
165
301
130
273
595
243
258
216
657
223
292
359
351
250
322
294
306
185
251
276
231
516
274
258
253
650
261
240
516
197
516
387
818
295
229
516
308
247
402
351
287
298
287
219
226
362
586
306
563
198
241
356
240
337
333
469
318
298
246
206
247
1144
262
516
357
260
244
219
301
283
725
317
213
675
193
433
338
275
350
516
386
129
251
242
1055
248
339
512
340
516
311
229
981
208
1746
168
443
2639
315
276
351
369
228
275
211
174
322
297
1588
940
330
516
775
150
201
336
522
258
284
516
193
248
243
267
516
249
253
300
268
778
211
516
173
224
255
516
284
356
556
283
262
429
308
334
347
255
266
185
250
226
245
701
191
287
516
315
362
596
357
220
220
282
2083
330
211
291
275
286
130
242
487
258
259
377
278
362
305
418
164
415
344
318
548
218
157
195
296
215
238
225
234
230
527
1001
181
465
387
192
311
313
383
227
369
257
274
285
298
264
321
398
129
264
261
725
289
625
198
394
198
226
1070
249
392
637
269
187
663
131
432
250
199
555
390
461
578
241
405
302
206
332
275
282
281
199
225
362
500
201
516
804
565
522
261
196
596
252
203
276
493
415
249
371
258
494
243
194
254
623
305
491
327
279
164
238
171
407
231
213
336
516
265
314
292
307
186
204
491
262
313
516
245
258
285
223
326
239
579
136
234
146
207
222
283
366
516
385
1045
516
1196
287
189
195
361
290
292
275
216
258
527
290
368
283
516
292
225
338
192
516
265
419
749
324
267
344
297
266
275
297
516
536
240
276
217
516
229
435
309
315
516
285
523
191
516
516
210
347
686
139
252
349
586
253
516
394
242
784
714
626
298
296
380
201
174
242
287
316
342
173
516
283
359
200
275
576
670
252
333
254
337
294
323
366
437
328
269
238
223
581
258
573
190
366
678
549
383
283
211
840
250
516
516
220
721
317
273
336
756
219
201
702
452
617
516
585
389
295
330
568
300
227
173
475
324
321
132
284
459
223
278
143
516
256
261
264
315
516
283
639
797
400
337
277
345
437
662
243
249
242
298
367
449
340
251
336
171
290
243
391
282
227
198
353
260
516
299
358
625
211
639
225
329
170
848
219
478
397
286
194
184
184
323
260
689
520
516
221
189
236
569
210
268
593
343
276
516
287
200
224
344
265
343
165
212
672
364
516
396
337
370
261
142
1021
533
414
754
317
345
516
244
240
516
265
214
269
273
287
338
251
231
225
234
257
399
249
588
262
371
253
577
213
336
325
221
179
516
516
240
237
331
183
251
427
450
747
254
411
238
699
313
276
352
640
323
322
603
190
232
258
295
314
516
155
1348
260
241
1182
154
516
182
171
516
134
162
332
898
186
501
516
516
675
253
520
286
388
294
575
445
281
227
149
269
444
203
555
419
516
157
250
589
512
380
253
295
213
293
466
884
358
427
228
135
327
158
916
680
516
351
407
204
139
516
371
1013
277
211
704
291
263
292
1166
210
373
571
356
229
516
298
423
516
195
921
162
365
516
251
288
151
150
212
516
236
353
250
249
516
214
710
259
356
198
516
343
244
353
399
243
343
209
221
249
467
274
197
261
569
931
464
317
260
2343
218
516
179
316
516
362
404
516
147
344
198
222
306
516
516
215
587
213
255
230
421
206
694
216
372
268
504
223
215
243
532
407
564
211
516
599
279
560
275
968
247
176
261
303
258
178
238
205
310
441
359
301
199
273
516
513
400
215
293
373
248
368
668
129
275
516
250
516
218
189
239
839
252
755
362
270
283
129
605
287
351
327
244
160
516
373
333
447
156
215
146
658
218
276
516
156
563
528
302
232
439
832
165
202
247
266
242
586
271
272
516
319
516
233
305
437
186
274
243
384
269
176
662
311
251
347
317
273
255
161
154
330
213
476
179
199
289
207
265
225
221
587
412
516
516
549
315
584
558
207
314
369
646
233
766
217
516
349
216
378
326
395
220
341
506
258
576
229
686
188
283
504
559
204
302
161
516
602
299
536
355
303
273
239
427
265
360
516
247
516
167
280
181
281
361
206
205
248
516
222
516
129
516
190
349
522
372
215
299
516
256
289
329
501
447
178
189
253
172
339
319
971
392
300
337
896
263
179
218
516
225
154
708
270
272
579
257
401
255
578
790
313
286
560
302
187
153
238
228
306
164
224
365
516
516
187
164
278
1673
248
516
516
541
333
406
246
248
230
160
215
423
219
199
256
596
516
516
1746
332
144
637
245
202
333
309
227
334
299
236
516
1120
516
578
197
341
1020
366
177
699
262
276
516
196
191
516
516
152
317
237
658
256
634
223
333
519
218
176
236
755
275
226
516
221
338
292
295
516
287
247
310
337
516
226
710
240
220
1001
319
173
181
229
399
245
338
145
261
263
201
1173
293
334
346
153
650
183
614
306
299
466
281
189
262
222
516
317
516
265
479
601
347
204
242
368
516
155
636
280
206
1004
228
274
386
374
266
169
408
208
390
334
273
156
363
173
198
270
182
516
331
297
222
254
213
273
205
514
346
373
291
516
515
287
574
580
338
303
245
281
208
516
255
218
324
285
264
616
721
142
328
516
130
594
516
293
321
216
178
333
935
200
476
211
516
211
516
593
134
223
270
298
268
190
182
640
224
782
377
592
234
237
547
286
303
516
259
422
155
263
516
237
411
230
563
322
280
421
380
690
336
516
324
516
237
147
475
714
257
170
312
573
253
250
583
516
358
253
527
263
335
253
309
183
230
516
516
313
245
293
271
220
259
514
285
179
317
225
516
515
302
278
312
259
240
331
444
271
259
335
171
810
516
313
230
255
247
516
556
234
371
516
246
875
325
190
173
202
516
225
393
466
223
553
367
140
516
773
516
1116
391
384
388
480
299
279
134
516
516
290
278
249
257
240
153
386
275
270
449
193
268
239
472
198
516
546
335
516
357
258
711
183
633
516
245
135
436
516
516
214
162
209
323
374
516
474
273
339
257
244
201
278
380
292
260
516
302
255
516
204
1211
133
380
364
245
664
516
228
241
317
314
516
286
129
176
611
526
320
227
132
327
129
391
318
456
258
516
516
560
300
137
130
426
347
589
219
290
516
364
627
516
476
259
199
516
208
581
743
289
181
302
152
254
516
235
208
516
378
291
516
274
310
354
516
264
193
473
304
254
166
461
293
319
562
484
238
208
129
231
330
167
369
304
501
2888
197
516
356
245
516
441
183
516
516
516
464
321
266
516
194
186
516
217
215
242
372
371
255
503
516
133
516
234
155
631
177
277
516
516
407
265
244
295
511
647
147
131
212
183
131
285
516
164
365
330
283
293
268
516
399
183
469
516
516
146
251
378
416
204
277
178
555
516
239
234
516
323
136
563
321
516
516
1075
188
307
353
516
335
335
180
158
248
214
506
281
241
296
370
259
313
240
516
300
135
238
231
372
193
516
171
197
441
647
295
540
316
294
272
310
351
226
516
516
516
250
671
154
516
344
516
272
516
516
133
173
143
154
237
397
643
516
209
397
377
129
222
210
591
329
728
579
230
133
253
569
516
707
261
792
301
516
192
516
657
516
212
154
516
152
258
174
596
516
241
516
274
249
640
196
667
558
516
193
514
387
516
305
516
412
450
464
339
398
328
236
589
167
393
342
140
516
392
379
286
291
516
626
243
143
516
152
516
516
340
516
379
1070
516
450
264
255
246
516
346
211
172
340
294
135
390
519
516
240
351
1067
516
478
516
129
1188
229
255
326
557
241
282
266
865
285
516
161
225
352
145
1158
138
220
258
212
225
250
516
516
502
138
267
141
301
516
233
193
420
516
448
129
206
516
282
516
229
265
296
303
2888
200
516
212
206
496
246
472
254
1875
238
213
134
516
375
516
478
189
181
256
644
314
367
516
711
516
344
282
256
352
243
370
220
129
129
194
371
443
894
369
516
199
521
260
516
223
516
835
516
516
258
516
179
167
278
193
516
475
636
320
516
255
227
258
352
280
184
516
253
308
288
318
268
535
283
129
231
192
549
259
183
283
269
987
516
520
181
209
227
516
187
808
165
516
274
237
1392
297
194
283
516
489
144
167
431
516
269
297
192
516
405
203
516
330
339
516
223
740
236
275
293
416
714
350
516
360
516
142
278
623
233
299
372
232
245
129
209
516
516
173
186
314
516
579
726
249
258
516
516
503
253
274
195
176
296
544
661
157
363
899
351
442
295
307
257
457
303
227
282
516
353
580
211
172
566
516
359
249
382
136
370
516
516
313
295
255
230
522
522
265
241
193
158
327
352
246
269
516
516
510
198
588
516
516
272
606
516
276
165
675
159
516
389
215
720
255
737
164
500
530
231
939
238
669
238
373
282
516
217
263
255
516
516
516
516
516
516
263
516
306
302
516
516
721
516
201
139
129
601
249
252
813
304
739
516
516
251
516
516
235
964
516
516
516
205
275
516
516
411
257
432
197
292
311
210
516
321
220
254
228
516
193
516
260
323
155
173
516
516
516
299
167
323
516
232
257
503
314
516
516
347
257
829
621
516
516
322
379
129
546
516
516
516
298
517
172
344
557
516
227
516
129
616
150
213
777
516
516
370
516
228
144
149
516
237
548
256
294
260
276
905
137
238
192
140
261
246
516
205
168
531
516
516
578
398
233
293
252
303
146
516
247
138
1027
516
683
138
218
315
290
573
154
516
516
516
213
353
334
535
140
492
516
516
404
270
516
342
357
244
174
266
192
798
151
219
903
516
292
318
153
516
168
182
327
202
278
216
516
270
322
211
185
355
189
167
365
257
421
206
345
516
266
129
357
216
516
189
516
403
192
844
255
269
334
516
177
227
323
325
516
226
516
516
516
236
229
516
516
464
516
693
322
379
180
325
135
411
516
400
196
516
185
329
212
516
294
274
413
158
234
225
600
516
259
421
516
242
141
516
763
516
191
245
243
160
561
516
402
160
213
198
634
781
438
516
412
516
247
165
516
516
495
389
224
247
216
198
173
132
480
250
258
261
516
249
404
261
516
246
189
421
168
516
516
297
261
278
259
174
679
601
203
419
172
516
191
287
584
552
580
306
516
217
1709
151
165
219
238
211
245
516
171
516
516
516
516
295
204
171
516
280
288
266
417
316
154
270
203
246
314
418
385
211
258
361
516
252
204
291
206
384
516
516
243
601
258
273
278
283
183
532
516
253
166
516
145
516
516
516
142
345
378
222
239
516
231
295
276
258
131
577
714
250
265
516
778
277
212
516
516
516
192
516
516
537
356
750
286
229
133
516
304
516
516
547
516
143
263
326
891
516
528
163
516
516
342
516
254
281
516
417
516
545
255
257
516
516
516
516
516
516
276
147
330
188
516
255
349
517
516
518
516
258
292
266
516
242
219
286
235
218
165
329
357
516
516
516
516
208
288
516
376
516
140
129
141
516
516
319
684
516
292
239
516
336
154
265
129
516
129
516
129
357
206
545
663
196
567
270
272
338
186
403
277
145
374
281
295
516
516
258
495
516
405
261
194
313
205
516
200
224
516
516
516
266
207
326
160
175
516
516
247
516
363
206
516
138
516
240
129
516
351
264
516
275
297
398
236
516
516
351
516
335
333
132
283
439
231
516
516
569
516
516
623
516
516
261
516
516
277
516
516
177
540
516
176
328
559
516
516
476
144
516
351
516
516
516
463
264
267
516
516
265
516
516
244
300
392
428
233
782
151
516
225
258
274
376
516
340
276
516
516
393
300
516
1202
225
138
268
221
130
164
516
516
293
516
395
516
260
516
516
347
424
429
142
497
516
141
516
221
226
258
633
181
415
262
269
516
288
961
169
516
333
527
152
478
296
516
665
147
299
260
516
130
516
271
516
614
516
189
388
516
237
157
344
318
202
516
156
249
516
157
516
141
172
258
649
516
350
516
259
516
285
283
286
259
516
319
516
129
516
497
265
365
146
901
285
142
174
203
263
516
416
329
568
195
878
873
156
516
516
226
135
516
217
238
205
467
229
402
516
295
153
377
247
516
516
212
465
203
516
516
589
319
516
516
214
191
152
261
129
260
225
516
500
308
205
516
237
264
129
272
275
367
670
516
848
159
516
516
308
521
331
264
516
516
516
238
138
516
244
516
516
516
516
516
516
295
470
168
555
213
516
516
129
344
320
144
193
516
774
177
254
516
516
363
147
364
516
639
516
516
205
286
477
516
218
304
516
516
516
516
218
516
807
516
516
516
516
192
165
516
516
271
516
516
138
516
197
169
294
516
232
199
145
217
287
493
363
158
170
649
516
175
300
516
540
195
883
189
516
238
214
220
372
129
132
286
516
516
516
516
255
671
693
339
516
266
319
516
516
339
516
229
152
173
543
218
516
516
727
516
145
266
192
486
516
257
328
670
597
516
339
152
516
233
129
264
516
270
516
516
294
516
560
516
256
613
516
516
283
210
219
516
231
516
395
516
270
516
516
190
309
406
516
516
516
229
516
516
516
516
296
759
516
516
292
516
516
166
516
167
548
516
516
516
516
516
332
256
516
237
516
311
131
146
199
516
516
239
183
516
224
420
275
217
516
248
321
672
516
516
516
137
254
135
293
516
155
516
580
516
289
365
516
516
257
316
249
516
516
226
497
174
303
301
560
516
239
355
515
235
516
318
516
516
516
516
516
637
374
516
351
293
516
129
516
314
516
249
185
258
159
516
279
311
251
529
516
172
461
516
475
516
516
798
328
194
169
516
516
516
562
166
516
703
203
221
516
532
516
575
516
427
238
323
206
1020
241
987
516
315
139
239
516
516
516
274
269
343
255
516
516
167
516
240
142
586
236
516
516
516
189
516
516
501
214
276
516
386
278
186
273
516
516
794
516
516
264
184
516
516
516
556
193
507
710
522
516
516
516
478
244
230
516
516
143
516
166
599
516
516
209
516
212
338
236
480
183
776
300
299
516
377
516
516
254
526
214
516
305
516
516
516
516
516
154
301
283
221
147
516
341
457
303
373
253
399
216
618
209
145
321
404
761
516
516
253
179
516
290
430
516
516
516
516
135
516
516
132
254
235
138
266
204
277
208
516
195
516
516
516
517
822
470
134
151
516
516
516
516
317
357
210
144
337
224
516
516
140
516
194
238
555
516
262
341
516
516
516
516
516
390
149
516
476
237
516
516
157
325
228
312
206
516
149
129
516
261
516
283
516
516
271
134
371
516
302
134
516
580
244
516
727
516
516
326
516
135
254
516
516
844
490
147
301
516
516
501
277
270
302
234
516
516
350
516
348
516
516
516
238
516
516
516
193
516
891
141
516
516
220
814
516
219
516
312
245
309
253
516
516
642
199
371
178
337
516
516
516
247
516
539
213
517
220
516
516
217
516
730
1032
251
132
520
191
135
516
516
211
147
516
516
190
391
207
156
323
516
516
516
739
227
516
171
516
222
516
262
516
263
516
516
684
516
132
516
310
516
516
257
203
129
516
516
245
250
183
381
161
516
247
516
516
516
185
916
179
516
516
516
250
516
251
516
516
320
313
328
516
242
516
138
171
516
961
248
242
516
516
516
190
516
516
516
516
221
516
279
233
176
658
246
235
273
516
707
285
270
313
138
516
337
516
516
179
226
250
516
516
228
516
275
516
129
313
516
277
210
241
254
516
463
516
381
919
239
516
472
483
225
292
692
516
246
395
196
516
516
244
516
516
277
446
516
516
330
193
516
456
516
516
516
363
516
516
516
191
712
374
516
138
243
279
516
289
516
163
490
516
129
234
516
516
244
516
516
516
516
516
516
152
624
516
516
516
516
562
516
300
516
516
189
516
250
617
193
321
192
516
228
251
256
516
226
516
164
516
690
648
516
516
516
516
168
516
516
516
182
216
245
516
516
516
516
516
516
215
133
516
516
280
516
516
516
516
573
162
516
516
236
516
516
283
223
217
516
516
384
516
139
516
608
203
516
516
157
626
378
516
136
516
278
288
159
516
250
183
516
516
208
266
183
516
516
516
144
348
430
516
259
516
449
195
1390
516
458
516
227
279
244
516
494
516
516
516
229
447
186
516
286
225
335
516
516
362
516
271
516
524
516
280
516
607
516
714
516
258
210
516
644
516
516
418
277
516
516
296
182
516
142
516
516
221
516
516
509
516
516
516
516
516
516
516
516
477
516
516
516
516
544
516
516
516
516
149
516
516
516
516
279
283
516
229
189
323
516
516
516
151
231
289
516
309
516
516
516
516
516
516
683
516
492
257
258
218
191
516
516
516
680
516
516
472
173
516
516
516
516
265
516
516
516
292
257
206
516
193
516
516
516
516
516
516
255
170
516
231
233
688
516
544
268
516
516
516
260
516
516
516
154
197
156
344
169
559
238
131
199
200
382
516
428
516
309
516
516
516
129
140
261
516
645
326
258
285
516
181
516
516
189
147
216
516
516
516
516
260
516
516
516
582
516
516
281
516
302
516
516
516
516
516
516
516
265
254
516
159
516
565
516
129
521
516
516
516
239
516
282
796
516
516
353
376
344
265
727
516
516
516
516
291
480
516
342
130
601
516
516
516
516
516
160
209
516
516
465
327
603
516
516
322
516
516
516
514
555
158
143
516
516
202
516
224
516
228
397
186
421
332
744
272
261
516
516
516
516
129
516
516
353
204
516
516
156
516
372
516
516
364
144
516
516
516
720
527
516
169
516
944
366
516
194
516
516
516
516
516
435
516
516
516
131
598
516
325
250
516
438
516
296
210
661
225
521
147
516
170
516
516
195
516
516
516
516
311
220
516
516
357
516
516
289
421
201
516
516
516
516
604
516
303
129
516
516
516
516
516
516
516
516
516
339
516
344
240
205
516
516
208
516
249
349
516
516
516
516
516
516
516
516
434
516
211
156
516
516
141
401
247
301
291
516
395
516
516
516
516
473
516
516
516
516
839
516
516
341
228
516
229
212
516
516
516
251
267
350
226
469
516
542
516
132
290
165
516
208
516
640
225
395
516
541
323
516
248
516
195
180
270
165
516
216
249
172
516
516
516
171
516
129
144
135
516
311
298
516
260
516
165
516
571
159
516
516
377
516
238
516
516
516
516
516
516
516
159
516
147
516
516
215
516
516
563
516
516
516
516
516
516
516
516
516
516
129
639
516
516
516
516
266
281
516
516
302
186
516
157
516
516
167
516
516
370
516
219
516
756
516
131
293
181
516
504
169
231
516
469
516
516
516
516
516
148
282
516
516
516
516
658
291
516
422
155
516
516
278
516
256
382
189
516
516
516
137
358
516
282
206
240
134
516
516
231
226
516
516
291
129
366
488
516
516
211
516
516
258
516
268
239
516
216
336
516
294
440
516
1021
219
516
276
516
268
356
269
516
241
516
516
156
516
678
516
558
516
166
516
184
242
456
222
235
130
545
258
516
516
516
238
320
143
516
516
516
257
516
256
516
516
516
516
516
516
403
516
209
516
516
244
516
171
616
255
516
196
599
279
516
516
244
232
540
516
516
202
516
516
331
279
146
516
139
278
155
538
516
516
516
371
211
528
516
516
516
516
235
516
190
129
721
516
516
159
314
516
258
516
516
433
226
516
516
516
516
557
516
256
516
255
264
818
180
158
516
639
516
516
516
516
579
516
516
516
252
516
516
323
268
516
464
134
579
516
516
516
516
516
516
516
163
516
280
620
516
516
516
516
516
516
234
401
516
244
516
516
516
516
357
176
516
271
664
245
129
516
516
516
516
516
237
516
516
516
258
215
328
182
516
516
181
182
213
516
516
306
516
516
570
373
516
516
516
516
516
189
145
516
516
168
192
516
242
516
516
516
206
516
516
590
516
516
207
196
516
516
516
133
619
140
310
516
516
499
365
516
516
199
516
225
282
516
516
362
516
516
516
516
516
166
516
273
196
516
204
665
516
516
296
516
516
133
516
213
516
516
516
516
170
516
247
266
131
516
516
516
516
516
252
459
503
516
345
516
516
268
629
516
516
142
516
306
516
516
516
220
516
245
516
516
194
516
516
664
242
297
141
516
516
516
516
516
516
248
214
516
516
685
248
516
348
516
773
538
224
516
516
516
233
516
516
516
516
516
516
273
516
516
516
516
516
134
516
516
516
360
516
516
516
226
187
516
173
215
516
516
516
156
236
516
516
222
150
516
276
516
516
516
241
319
516
516
179
516
129
195
516
516
516
441
516
516
202
155
330
516
516
131
277
516
237
516
275
516
391
516
155
251
299
516
545
516
516
516
192
248
237
516
516
516
516
228
516
516
253
273
516
516
147
516
516
266
516
516
516
219
516
516
240
516
516
516
516
516
516
463
516
516
516
232
516
340
516
516
221
516
270
516
272
256
516
153
516
148
790
491
516
516
516
516
163
258
211
516
197
516
491
516
217
516
601
516
516
516
516
516
516
516
516
290
516
516
516
351
516
516
157
516
516
516
206
516
795
622
516
516
649
516
516
177
516
516
516
516
233
189
350
516
585
516
516
516
516
516
516
171
516
516
386
516
516
516
516
516
254
584
516
235
516
516
295
411
628
516
343
281
927
516
516
141
254
516
516
516
516
229
532
516
516
259
516
205
516
516
266
516
296
516
195
516
1181
516
516
802
516
781
180
227
516
516
516
516
516
516
182
516
516
516
516
516
516
516
516
445
337
516
516
516
516
516
439
1182
234
516
178
516
516
516
516
516
213
516
346
307
516
180
516
317
516
516
516
516
516
516
313
534
516
305
215
516
168
215
516
516
516
301
516
273
571
252
516
516
138
516
516
516
516
516
516
224
516
516
170
516
516
516
263
516
221
516
516
516
516
134
129
171
516
516
516
516
516
178
516
184
559
516
516
516
516
516
276
516
260
160
516
268
801
159
516
368
373
271
1115
516
331
169
163
516
516
211
724
516
516
516
516
282
516
516
516
516
168
516
451
516
516
516
293
516
194
516
186
516
368
172
516
416
516
516
292
516
291
516
152
380
167
193
193
516
584
422
265
516
167
560
232
516
619
516
516
750
516
522
516
289
258
225
516
516
630
359
506
516
711
516
516
516
516
516
516
516
289
516
516
516
555
175
232
516
609
221
516
516
182
516
540
516
612
516
318
516
516
684
516
188
184
516
130
270
516
516
516
263
371
516
516
516
742
150
1027
516
588
516
184
151
516
516
251
516
516
387
516
516
516
516
516
516
516
516
585
516
516
516
504
358
516
516
283
516
516
516
516
516
764
516
516
492
516
516
189
609
516
496
265
185
516
777
516
516
516
516
449
516
516
516
516
516
203
516
516
516
516
516
260
516
663
261
163
531
516
516
516
541
516
516
516
306
261
516
516
516
850
516
176
516
129
516
196
233
831
516
516
516
274
364
516
516
516
516
516
516
516
516
794
516
516
516
516
532
219
516
534
532
516
244
476
516
274
516
951
372
516
210
516
516
500
143
345
221
516
516
516
260
516
760
516
516
516
992
516
516
176
169
516
516
516
582
516
257
516
516
269
516
516
516
516
516
516
516
779
516
276
132
516
599
129
271
516
129
516
289
323
516
516
160
516
516
516
516
134
188
516
473
601
336
516
239
169
516
166
516
516
215
524
516
516
533
516
516
516
1211
516
516
516
516
199
516
516
516
516
516
157
516
516
516
516
168
167
516
516
516
516
516
143
516
516
516
516
516
516
516
516
347
148
516
516
286
516
516
516
651
265
516
203
516
516
516
516
516
516
521
298
303
255
289
516
516
269
516
516
516
516
516
516
662
571
635
131
516
516
476
516
516
516
516
516
516
195
147
516
236
516
516
516
516
516
514
516
218
516
196
516
516
516
516
516
516
210
516
660
516
516
242
211
516
516
516
250
516
1060
516
516
334
327
516
516
516
516
516
194
516
516
188
321
516
516
516
516
516
133
516
168
516
516
243
516
223
149
516
245
516
516
516
365
516
516
516
516
516
238
516
516
516
246
182
298
264
663
516
516
516
235
516
516
516
516
214
516
516
306
341
516
311
287
516
516
310
516
516
516
516
218
414
516
516
516
245
516
516
516
516
516
287
516
516
511
516
516
447
516
516
516
516
516
516
516
516
160
516
516
227
137
516
516
516
171
146
516
516
516
516
516
516
516
516
516
516
516
676
133
516
516
516
516
516
516
516
217
516
131
209
516
516
516
516
516
516
516
130
516
430
171
516
173
516
516
216
805
186
516
339
516
333
516
222
516
260
516
516
516
244
195
306
129
322
516
516
516
562
516
245
516
516
516
516
556
516
516
154
516
516
516
516
516
516
516
516
516
516
354
377
516
472
516
516
516
516
516
131
516
516
516
159
516
516
516
273
516
516
516
516
516
516
516
516
516
516
516
516
129
516
381
135
516
516
558
516
571
516
516
516
516
516
516
516
516
516
516
621
516
516
189
516
516
239
383
142
516
516
516
516
516
581
516
516
256
217
304
451
516
516
554
291
516
152
516
1367
516
516
516
516
338
516
330
450
516
516
222
516
516
516
516
516
343
516
516
516
516
516
516
516
516
1008
516
516
516
408
129
291
164
516
516
516
516
516
516
513
236
763
516
227
516
516
516
516
516
516
516
313
516
516
516
516
516
516
261
516
910
516
243
516
516
516
364
516
243
757
516
516
516
516
180
516
181
516
516
129
516
516
516
205
516
516
516
516
516
516
516
130
516
155
516
516
178
348
516
516
388
516
516
516
158
269
272
516
478
516
681
516
516
360
556
619
516
227
516
516
516
516
256
148
138
516
245
431
516
610
258
516
516
253
135
516
132
558
516
140
309
516
516
516
516
516
134
195
516
516
135
404
516
516
516
182
308
516
516
516
516
275
516
516
516
516
516
516
516
516
516
187
296
516
516
214
516
516
516
516
516
516
516
130
200
292
516
516
516
516
255
516
516
516
516
516
516
289
516
516
678
516
516
516
516
516
132
516
516
137
168
148
516
516
516
591
545
1113
315
516
516
161
241
483
274
516
516
235
516
345
516
516
256
516
516
468
516
516
564
516
811
516
516
516
516
161
166
742
516
516
516
280
516
516
516
516
203
516
516
516
260
516
516
516
516
333
253
516
516
167
532
516
516
516
516
764
288
516
516
516
516
144
516
516
516
516
505
316
516
516
516
516
631
516
516
516
516
516
312
516
516
516
279
516
130
516
282
516
623
516
516
516
516
516
263
269
516
516
516
418
181
516
516
516
414
140
411
516
516
516
516
516
516
174
516
516
516
516
253
516
226
130
162
183
516
516
516
516
272
516
379
516
516
516
321
516
595
236
278
516
516
516
516
516
516
516
516
596
516
516
516
516
516
516
516
320
516
211
516
516
211
516
516
516
516
516
177
516
516
401
516
516
516
516
516
516
516
187
265
516
516
516
516
449
516
516
172
319
516
516
516
516
516
516
516
516
516
516
516
516
172
516
364
287
244
516
293
292
285
635
516
516
516
257
256
516
516
516
516
516
516
516
355
304
655
516
516
140
516
516
516
516
516
516
516
516
351
516
516
189
516
218
516
516
516
613
516
181
516
236
516
193
516
516
516
516
653
136
516
489
516
516
874
516
516
436
516
516
226
516
516
516
142
216
516
516
516
516
516
218
516
516
516
516
516
516
257
516
516
272
299
516
516
631
516
516
516
581
235
516
516
516
516
516
516
516
320
516
516
516
437
285
774
516
516
516
516
180
516
250
516
516
232
466
617
516
347
516
516
467
611
516
516
516
516
522
516
516
516
193
516
230
516
516
516
516
516
516
516
516
129
516
516
516
516
516
651
131
516
516
516
516
240
561
516
516
194
527
516
330
516
516
516
516
516
516
516
516
454
516
516
516
516
516
516
158
516
516
516
233
265
334
516
516
688
516
226
233
516
516
516
516
195
516
516
516
516
516
873
516
516
516
516
516
520
129
516
406
203
516
353
516
159
516
516
516
516
516
516
516
516
303
328
516
516
478
136
516
516
516
329
516
516
363
516
272
222
516
516
516
267
516
232
325
516
516
298
319
516
521
516
516
516
516
516
516
516
516
516
516
516
194
516
302
516
516
516
516
516
516
516
516
516
209
419
516
516
516
258
617
516
516
516
516
516
516
516
950
516
516
516
516
516
516
516
516
304
323
516
516
516
259
249
516
516
290
516
516
516
516
147
266
516
516
516
516
516
516
516
516
160
148
516
516
283
516
516
516
516
286
516
516
516
294
516
516
531
516
516
516
150
516
284
934
516
516
516
516
516
516
516
516
516
516
1059
516
516
516
516
885
516
516
516
410
516
516
516
516
516
256
516
283
516
182
516
516
516
516
516
516
516
516
571
516
516
516
267
516
516
516
206
516
516
552
516
516
297
516
516
516
516
516
516
260
516
516
516
516
541
184
516
516
198
278
516
516
516
397
646
516
516
516
1183
516
516
516
222
516
223
516
516
205
151
268
322
516
516
516
136
516
309
516
516
488
516
516
516
516
516
248
516
516
516
516
306
516
516
129
516
1053
516
516
516
516
516
516
516
516
516
516
516
516
516
355
516
440
314
516
516
516
516
516
516
516
516
133
516
199
516
632
516
381
516
173
516
516
516
516
516
516
272
516
516
405
224
516
1084
516
516
516
516
516
240
176
233
516
290
355
516
133
297
299
193
500
550
516
516
516
516
516
160
516
516
516
516
1222
516
516
516
516
153
674
516
516
516
263
516
516
516
516
516
576
516
516
516
516
516
516
516
516
516
221
908
516
150
516
516
516
277
516
226
516
283
236
516
516
516
516
217
516
660
516
516
516
516
516
516
516
327
228
516
516
516
516
516
516
516
284
516
242
516
516
516
516
516
516
516
203
516
375
516
516
516
516
245
199
516
516
516
214
516
516
516
516
516
142
516
210
516
516
516
516
516
516
137
537
516
516
149
563
516
516
516
516
516
516
516
516
516
516
424
516
516
516
516
516
226
335
516
168
516
516
225
516
190
516
516
516
516
616
516
516
516
516
516
516
516
279
516
516
516
516
516
516
516
453
516
516
516
516
273
516
516
516
192
516
183
341
516
516
726
243
210
516
516
516
516
516
516
301
516
516
516
516
516
516
516
145
516
516
139
516
516
516
516
516
516
478
516
516
516
516
188
516
842
516
516
516
516
516
516
499
516
516
516
516
516
156
516
516
516
516
516
516
657
516
516
516
516
516
252
516
516
518
516
516
516
516
516
170
1209
516
516
516
338
516
516
292
283
304
516
516
229
516
516
506
516
516
481
378
225
742
516
516
516
516
516
516
516
516
516
516
516
516
335
516
516
516
345
516
213
366
516
332
516
516
516
516
516
509
516
516
516
456
516
516
516
516
516
516
516
516
516
516
516
516
516
516
718
516
200
516
516
516
264
516
440
516
516
516
516
516
516
715
345
168
129
390
516
516
516
516
516
516
516
239
516
516
516
133
516
516
516
516
516
782
273
516
516
516
516
516
516
516
255
516
516
516
516
516
516
516
516
516
410
516
516
516
218
516
439
516
516
229
516
516
516
516
626
516
516
516
280
516
768
516
516
235
516
149
229
516
516
516
516
516
516
516
243
132
516
516
516
516
516
516
649
516
516
516
516
516
516
272
516
516
516
516
516
516
516
516
516
490
516
424
516
531
279
516
254
516
516
290
516
516
516
516
516
516
516
516
225
516
516
516
516
516
516
341
516
516
516
516
516
744
516
315
516
516
516
516
516
516
516
516
258
516
516
331
521
516
642
516
516
272
508
516
516
516
678
516
516
1124
516
455
516
516
516
516
516
516
516
831
516
209
516
516
516
516
516
516
168
516
516
516
140
516
256
157
516
516
516
309
516
516
536
516
523
516
160
516
516
516
516
516
516
516
203
516
516
516
516
516
273
133
516
516
516
516
516
516
516
516
657
516
516
516
516
516
516
221
516
516
142
516
199
166
516
516
516
516
222
516
516
516
516
516
516
242
516
516
221
230
516
516
516
190
516
516
516
281
516
516
195
516
237
327
516
586
516
516
516
516
516
516
516
516
516
516
516
516
516
176
516
516
516
340
146
516
516
256
516
150
516
516
516
196
516
516
516
516
516
516
516
516
516
516
516
516
516
336
308
516
367
516
516
516
516
516
245
516
516
516
516
516
516
516
141
168
516
516
516
516
516
179
516
516
516
516
516
516
516
202
222
516
516
269
516
516
516
516
516
516
516
516
516
516
516
369
505
516
516
516
516
216
163
516
222
516
516
516
516
516
560
516
516
628
516
516
516
516
516
516
241
516
584
516
265
516
384
219
151
516
516
516
516
516
516
222
516
223
343
516
516
222
261
280
516
516
516
394
516
327
516
642
516
516
516
516
516
2083
189
516
516
516
516
529
516
516
329
269
190
516
516
516
516
516
516
304
516
516
516
516
516
516
203
516
516
516
516
516
516
516
516
390
516
516
137
159
933
222
516
516
207
516
516
516
516
516
516
516
516
516
516
516
516
516
516
516
516
516
516
322
516
516
516
516
516
516
202
255
516
231
164
240
516
261
516
516
516
213
516
262
516
184
254
516
516
169
516
516
516
165
516
148
516
2083
516
596
516
516
516
516
267
516
516
516
339
516
516
516
516
516
516
516
328
516
516
516
516
516
516
516
154
516
516
519
516
516
129
516
516
516
516
516
516
516
516
516
516
516
516
206
516
505
516
608
516
516
516
325
516
516
516
516
516
516
516
516
516
489
611
516
516
516
589
516
516
516
516
516
516
516
516
516
516
516
516
516
516
516
516
516
516
516
516
516
154
516
516
516
241
516
516
516
516
516
516
222
225
516
516
516
516
530
516
516
516
516
129
408
516
516
130
516
142
497
291
516
516
516
516
314
516
516
516
243
738
516
516
516
516
516
516
516
516
516
516
961
516
129
469
129
516
278
516
516
516
655
220
516
516
516
516
516
516
516
516
516
516
516
194
516
516
516
516
516
516
290
516
516
516
141
516
516
516
595
516
259
516
574
258
516
516
1272
516
516
1095
516
516
184
516
516
516
318
516
516
516
516
516
516
516
516
516
1003
516
434
516
516
342
516
516
516
274
516
516
516
318
516
516
516
516
516
516
516
516
156
516
516
516
639
516
516
516
516
489
313
516
516
516
516
516
516
516
516
516
516
516
516
378
516
516
297
516
516
155
516
516
516
516
516
516
550
516
516
516
155
570
516
516
516
516
516
157
516
516
516
516
516
256
314
516
516
516
516
516
516
516
516
516
157
516
305
516
516
516
724
172
516
516
516
516
516
516
516
516
516
516
516
516
516
516
516
319
516
516
516
516
516
516
516
516
516
516
516
516
361
516
263
143
516
516
516
516
822
516
516
516
516
516
516
516
516
516
328
516
516
516
516
516
516
516
516
516
516
607
712
516
516
516
213
516
516
516
516
282
516
363
516
164
159
516
516
516
516
516
516
516
516
516
516
407
516
516
516
516
194
516
516
189
317
516
516
516
516
516
516
516
516
516
516
516
484
335
516
516
516
289
200
516
516
516
509
516
129
516
516
516
516
516
279
516
516
516
241
516
516
516
516
516
299
516
1671
516
516
516
516
516
516
516
874
516
516
516
516
516
516
516
516
516
516
199
516
516
516
516
516
516
516
516
516
516
184
516
516
516
516
516
516
516
516
516
516
516
516
516
516
516
516
516
263
516
516
334
516
516
516
516
190
516
516
516
516
499
688
516
516
237
130
318
516
516
516
516
516
257
516
516
516
516
516
516
206
516
275
516
132
516
516
629
516
516
516
516
223
269
516
192
275
492
174
516
516
516
516
149
516
179
268
648
516
516
516
516
516
516
516
206
516
516
516
516
516
516
516
516
516
516
516
369
647
516
516
516
516
516
516
516
516
516
516
516
516
516
516
516
516
577
516
516
516
516
516
516
516
516
516
516
516
516
516
516
516
516
516
449
391
516
516
516
516
516
516
516
516
516
516
516
516
516
516
516
516
516
516
516
516
516
516
516
516
516
516
516
516
516
516
275
516
141
249
598
516
219
424
516
516
516
516
516
516
472
516
327
516
516
516
516
516
286
213
168
516
516
516
516
331
516
516
516
516
516
516
516
516
516
516
516
516
516
516
516
516
516
516
516
262
839
191
516
516
166
516
571
516
225
316
516
217
516
516
516
516
516
516
516
516
516
516
516
516
214
516
516
516
516
151
516
516
516
516
171
516
625
516
516
516
516
290
516
516
516
516
516
516
232
428
516
365
516
516
516
516
260
516
516
516
516
213
516
516
516
463
516
516
516
516
516
516
516
249
516
516
516
516
516
516
400
544
516
516
570
516
516
516
655
516
516
516
248
516
516
516
516
516
516
136
456
516
252
416
516
516
516
206
513
358
516
516
516
345
516
516
516
516
204
516
516
516
129
291
129
516
516
361
516
516
516
276
547
516
516
516
516
516
516
516
516
516
516
516
516
516
516
516
516
516
516
516
516
516
516
516
516
516
507
516
516
516
516
243
516
516
516
148
516
516
516
516
516
516
516
516
516
516
516
516
516
516
516
516
269
490
516
516
516
516
516
204
516
516
516
247
516
516
516
516
516
516
516
331
516
516
527
516
129
516
351
516
516
516
516
516
516
265
516
516
976
516
516
516
516
194
516
516
516
516
516
516
355
516
142
445
516
516
516
135
516
516
516
516
516
516
516
