411
414
353
386
395
527
379
409
545
402
380
411
345
442
380
370
439
428
409
337
356
418
381
389
358
362
481
315
410
431
403
316
462
409
399
386
481
437
377
427
432
455
512
564
386
470
520
552
486
342
510
326
318
538
508
349
570
380
402
329
298
364
282
401
345
320
476
439
326
303
454
357
408
331
304
496
297
448
419
317
350
528
293
412
366
444
297
391
328
290
378
324
440
391
342
292
606
335
399
325
524
281
320
340
348
312
377
389
346
282
434
342
464
313
818
415
295
560
506
314
431
292
286
476
338
708
514
343
534
492
305
365
276
474
356
279
270
362
516
392
390
321
351
411
308
277
373
352
331
391
562
434
308
410
288
398
321
400
300
285
361
291
360
464
364
544
422
360
297
355
299
580
358
401
409
370
336
302
263
286
358
288
426
469
339
291
306
301
334
338
317
383
335
321
264
305
299
267
282
312
654
329
336
382
299
345
273
338
348
312
346
436
345
276
300
303
386
302
289
257
313
328
407
310
555
304
429
297
304
350
320
295
296
363
278
281
269
299
373
462
323
278
306
332
321
298
276
374
406
529
320
343
375
470
342
296
286
353
378
450
451
359
362
307
305
374
312
275
318
379
292
300
318
359
436
268
269
294
299
308
269
351
272
324
348
329
380
295
517
286
307
399
359
226
290
348
361
513
306
292
398
412
460
323
319
375
514
385
286
429
245
356
385
283
273
290
369
320
320
360
310
386
286
465
295
338
275
318
267
330
359
280
364
284
449
283
298
273
344
289
317
364
295
299
282
352
373
327
380
390
285
312
458
254
276
282
402
280
259
336
303
260
282
347
274
271
288
372
308
405
255
260
391
395
406
280
281
347
385
352
352
284
330
354
255
709
329
312
265
301
265
329
271
331
292
307
401
260
378
390
253
277
425
290
317
530
290
271
384
524
280
277
374
220
282
350
268
254
272
296
260
283
306
242
318
273
487
444
334
525
310
368
243
280
289
342
232
324
435
288
275
332
418
289
298
287
311
248
234
301
316
304
268
601
456
272
320
265
294
291
492
416
281
274
225
290
253
269
265
269
231
270
313
252
272
329
259
357
269
237
248
392
345
343
377
308
331
391
301
345
267
276
320
277
249
292
277
240
292
251
380
348
343
385
247
418
234
364
270
293
261
270
475
345
248
265
461
309
247
247
260
277
266
321
332
280
302
236
273
306
251
330
270
388
286
231
266
303
320
314
270
283
271
356
234
250
548
423
251
286
377
575
256
240
282
287
331
302
249
452
256
433
461
344
335
252
389
455
289
345
302
319
259
265
300
310
271
264
252
299
325
372
308
378
345
250
245
278
319
369
263
295
290
232
257
258
299
360
261
289
261
213
331
311
230
271
292
384
489
271
366
304
279
309
299
226
237
271
272
389
222
299
252
253
526
287
212
266
278
232
234
302
325
270
259
252
236
286
324
604
249
281
258
273
351
327
411
244
230
312
215
238
291
291
288
389
312
277
573
235
259
362
521
211
472
292
310
274
251
356
258
256
298
286
259
236
261
339
302
345
374
289
281
271
283
247
267
234
237
253
321
311
336
292
313
263
241
246
255
314
265
235
249
239
234
248
359
242
318
232
228
234
260
295
225
231
306
377
308
301
212
229
240
232
283
228
220
268
271
227
285
240
315
259
272
371
224
307
367
382
284
507
219
236
345
249
332
227
402
256
311
350
229
233
251
229
285
284
239
336
228
232
373
403
206
219
249
312
236
243
204
544
295
383
235
235
302
230
251
237
435
334
244
236
265
345
310
487
245
236
277
196
250
275
280
509
240
274
270
270
313
327
520
246
412
290
314
270
230
312
241
244
270
299
267
390
214
530
282
268
355
222
302
438
417
258
227
392
249
294
563
285
407
232
252
392
219
230
631
265
379
204
262
207
411
228
286
267
309
302
266
233
270
228
232
256
292
286
246
378
313
246
268
207
255
193
224
232
216
336
311
245
326
236
235
422
366
238
234
415
259
316
251
310
344
214
198
252
281
282
276
218
215
291
339
497
235
267
259
279
289
233
226
204
296
257
247
289
221
250
229
293
315
203
260
321
237
255
380
250
340
259
224
287
236
251
276
202
219
263
328
235
247
281
223
249
198
284
231
319
253
248
241
195
203
317
761
255
246
232
548
268
268
276
389
220
263
236
266
264
281
269
217
280
204
232
232
286
271
202
250
236
163
227
253
287
256
254
279
275
223
390
233
263
220
237
469
225
214
219
245
377
269
196
194
244
241
293
311
256
221
230
243
341
265
254
285
274
248
253
226
202
223
196
307
220
217
216
236
249
293
236
206
252
228
282
366
270
270
234
222
210
287
242
327
245
305
193
227
254
318
246
359
218
244
227
277
210
246
275
207
126
246
121
187
329
252
240
285
222
314
352
289
212
238
439
201
326
216
185
205
248
195
329
356
184
321
271
229
299
293
227
215
243
145
235
299
227
223
214
323
239
182
226
230
254
284
249
214
267
226
183
234
137
217
235
218
281
195
231
257
220
209
242
259
306
188
181
243
212
253
279
270
263
310
267
255
330
198
220
201
194
337
191
286
301
213
201
207
186
208
368
264
231
253
260
242
250
332
185
230
243
402
211
238
307
182
241
206
243
203
213
215
581
303
211
238
247
312
240
314
189
205
253
296
185
212
221
251
196
219
216
203
224
190
266
312
192
219
254
179
213
235
230
251
363
248
262
279
242
189
262
399
193
202
194
193
265
275
255
292
174
193
175
261
197
193
237
196
218
231
141
211
293
189
319
308
261
179
200
183
228
185
214
255
257
256
173
211
294
226
204
203
161
165
257
171
227
256
228
195
224
227
234
204
540
217
189
308
208
251
306
255
211
205
282
259
231
205
281
245
148
190
225
227
241
132
207
248
183
190
220
316
250
217
169
244
350
266
250
221
242
250
223
266
254
219
125
222
218
215
181
220
201
198
213
229
362
189
227
325
245
219
150
165
300
222
197
230
225
176
183
233
220
187
274
245
225
188
188
160
188
184
223
193
271
209
165
374
416
266
234
219
119
319
355
228
263
208
187
205
255
265
191
222
178
273
193
223
217
242
227
243
174
225
198
164
247
250
227
184
255
268
249
169
171
131
182
265
174
198
240
206
137
183
208
238
221
194
213
120
337
197
601
270
397
226
232
221
219
170
205
106
174
254
269
210
203
213
184
200
202
201
224
254
186
205
256
159
195
198
196
169
257
188
150
227
122
285
211
199
162
217
219
252
171
361
172
189
208
207
214
193
227
213
218
186
209
170
239
194
191
179
185
193
208
354
174
155
194
252
228
204
191
137
301
176
266
173
242
185
196
224
174
173
175
171
214
283
200
209
191
253
188
163
252
171
170
175
145
245
159
236
198
229
104
220
244
209
207
150
177
247
218
221
239
142
227
210
210
222
290
359
244
212
206
103
239
295
261
176
170
176
210
258
151
229
164
319
198
185
190
189
222
222
176
210
131
190
207
228
174
205
156
229
110
231
249
241
294
220
145
164
185
99
190
257
160
201
160
235
185
185
164
125
198
380
258
312
179
202
318
231
243
180
271
259
246
186
197
204
211
209
173
196
172
194
218
230
199
108
158
185
186
185
316
143
229
205
228
202
380
365
149
139
156
302
126
167
144
182
220
177
273
101
367
201
103
231
195
380
202
297
362
213
168
316
259
272
136
200
208
143
189
201
134
188
196
206
182
237
161
230
229
142
239
234
161
160
149
215
191
212
221
95
170
248
146
202
380
181
380
186
135
183
271
221
164
251
380
193
300
187
179
251
184
380
103
162
262
200
202
219
192
334
142
171
206
195
201
145
173
128
234
193
100
160
95
137
197
174
249
248
120
186
183
212
260
380
127
179
364
210
182
101
170
191
224
109
235
192
159
205
342
195
205
189
213
294
203
265
182
216
223
224
218
380
125
116
218
213
196
175
224
175
143
212
120
127
191
159
241
182
285
112
170
145
165
156
101
250
225
133
176
219
136
175
145
97
182
95
178
190
166
149
341
248
148
287
112
189
209
150
201
140
227
358
130
190
142
229
187
232
179
168
143
221
332
145
220
198
226
172
197
179
172
172
160
106
155
198
273
230
157
281
247
201
193
95
169
145
158
107
413
200
196
238
253
380
131
335
184
178
188
521
216
136
180
195
183
125
380
190
101
307
106
146
215
380
234
692
189
187
222
148
153
138
180
176
192
193
219
692
206
253
148
141
154
138
173
380
247
197
135
191
209
380
200
141
168
176
145
253
154
380
171
235
192
238
210
225
146
517
240
161
179
167
105
345
166
196
181
172
185
197
154
380
164
110
254
172
380
192
140
188
189
99
211
143
224
184
168
129
160
98
218
155
380
202
201
187
241
174
190
166
171
194
138
177
236
191
164
165
196
311
275
109
170
174
380
199
244
192
380
165
216
145
192
154
171
187
130
290
174
137
167
137
267
175
232
380
137
105
317
156
140
167
196
380
188
169
175
191
111
158
197
226
347
151
161
236
99
380
168
183
113
216
193
164
197
380
124
237
152
181
198
168
206
130
380
150
211
129
220
167
174
162
164
95
189
169
182
204
209
180
126
175
191
140
131
174
135
102
127
227
121
338
213
261
380
162
124
239
380
380
145
139
380
182
111
159
163
182
117
156
187
133
148
188
202
97
194
178
380
180
307
246
361
187
104
184
157
190
133
141
123
176
220
158
162
149
380
226
182
156
164
380
380
96
129
233
134
302
189
380
145
151
188
380
220
380
213
380
95
176
380
380
120
380
192
380
325
380
155
207
160
200
232
137
380
380
281
380
143
380
380
215
149
175
180
193
137
188
137
165
188
170
95
380
170
224
148
142
186
380
179
380
238
213
156
167
132
153
180
96
380
210
193
175
172
143
206
98
380
227
170
380
102
129
192
131
161
380
125
273
380
104
105
136
216
225
380
380
119
185
192
139
165
106
175
143
178
162
264
188
253
179
116
160
216
380
174
120
278
380
113
189
168
380
380
177
127
380
179
177
380
101
136
380
380
271
380
380
106
145
178
380
249
181
380
159
430
200
472
132
380
268
197
380
185
153
192
380
205
129
380
149
230
145
380
185
174
190
380
186
177
115
133
95
380
146
128
380
297
180
198
186
380
167
130
189
121
380
182
380
118
380
173
380
162
122
211
165
143
197
190
380
95
171
253
173
151
282
114
380
380
380
170
213
107
449
101
225
476
188
380
166
185
191
95
309
103
181
116
345
380
229
186
97
380
151
150
380
246
189
123
380
231
125
177
116
380
152
135
155
115
212
174
112
380
380
231
140
146
234
380
151
145
380
192
182
189
209
95
151
380
104
105
380
109
191
186
380
163
139
445
126
287
380
380
113
127
380
156
327
201
380
152
167
125
147
178
128
146
380
215
155
380
96
158
210
270
98
146
170
187
250
95
205
171
132
380
170
191
380
177
174
119
221
380
380
205
161
181
380
106
122
221
380
380
145
380
125
380
137
221
207
250
380
151
380
163
154
134
198
95
97
380
133
113
209
167
197
161
127
380
380
380
380
148
240
151
159
171
164
227
162
179
106
185
380
818
380
380
380
132
281
233
145
380
173
128
380
157
97
159
114
380
380
117
117
146
97
173
185
145
166
565
104
162
118
380
125
229
196
183
380
580
133
380
140
151
380
123
147
380
176
380
380
380
380
172
380
168
380
380
116
123
158
380
140
100
156
380
136
380
380
380
260
380
126
147
152
199
209
380
380
107
464
380
114
380
218
380
168
207
149
380
187
107
174
208
103
192
142
380
380
380
380
110
380
163
199
99
152
112
127
155
139
380
121
172
380
380
129
380
380
208
145
144
380
211
218
238
380
129
163
129
380
98
97
380
102
100
206
380
116
169
156
380
380
149
380
186
108
114
195
154
146
380
188
380
95
182
145
380
380
250
380
380
380
156
97
130
236
141
380
380
101
380
134
175
380
130
139
163
143
412
191
97
380
215
380
232
140
380
95
122
380
198
380
380
139
189
380
116
380
380
186
380
133
380
124
104
132
380
193
380
380
206
380
196
179
189
380
167
236
137
380
146
157
199
118
195
380
380
117
380
151
97
171
151
380
332
116
167
380
380
118
241
200
380
380
380
95
113
152
380
168
380
380
380
149
115
127
380
186
129
239
380
199
380
103
96
199
264
206
157
380
380
380
155
117
142
380
132
380
201
573
380
237
123
380
154
380
141
380
174
95
108
380
380
198
202
141
168
95
380
380
99
138
222
380
380
380
189
103
380
380
314
380
112
218
380
145
380
170
117
380
143
172
100
380
380
139
380
380
100
162
111
380
380
131
380
380
380
380
380
186
160
136
125
358
172
172
380
380
110
620
380
95
380
136
97
380
137
95
99
380
380
380
380
168
380
103
210
380
107
380
380
325
152
380
195
380
380
380
97
380
380
123
199
149
133
112
154
380
380
95
159
170
180
145
187
123
122
380
178
190
95
380
178
167
380
380
380
165
185
206
122
151
126
380
380
380
252
265
380
380
240
205
380
95
185
100
156
380
129
380
258
380
380
128
139
380
186
111
380
112
108
380
157
380
118
380
380
380
380
174
380
133
380
380
195
380
181
380
380
158
380
380
185
380
380
380
380
380
380
102
380
165
145
380
380
216
380
380
380
380
380
380
186
104
380
304
380
380
380
380
187
380
380
151
131
125
380
380
178
149
380
237
380
380
380
156
156
168
380
380
238
380
380
380
380
380
176
260
142
113
380
380
125
113
380
95
380
138
380
380
380
380
380
380
380
104
380
380
380
437
380
127
186
140
380
380
380
380
380
380
176
380
380
101
380
131
380
111
194
227
103
380
380
380
139
380
207
132
380
380
380
380
380
169
140
380
96
117
196
294
380
109
178
198
380
146
464
380
380
116
98
380
380
380
154
380
122
380
127
380
198
161
117
380
189
205
380
186
293
125
315
160
380
118
380
380
299
174
193
380
380
380
380
380
380
380
380
102
380
380
380
163
143
380
380
237
121
96
380
173
208
380
147
95
380
380
380
380
144
206
379
380
416
106
380
380
155
380
380
380
380
179
108
380
198
108
380
171
166
380
380
380
380
380
143
380
127
380
170
380
380
380
167
380
219
380
380
218
380
211
129
380
380
380
380
148
380
380
380
380
380
380
97
380
202
380
380
380
380
380
200
380
184
380
380
380
167
380
380
449
111
380
380
96
380
97
380
186
173
124
380
179
104
214
380
229
150
203
380
172
380
186
129
380
380
380
380
380
380
106
380
380
380
187
146
380
153
380
380
103
380
380
380
380
380
135
137
131
141
211
380
380
162
380
380
380
129
215
380
380
197
380
380
380
186
380
380
195
380
380
380
380
185
380
380
115
380
380
380
96
380
380
380
380
380
380
380
149
380
151
190
380
380
380
170
380
380
380
380
380
380
380
380
116
380
380
380
174
95
95
207
380
380
380
147
105
380
380
115
380
130
118
147
380
118
380
380
380
143
95
380
96
380
380
380
380
241
380
294
380
380
380
380
380
380
380
380
101
380
380
380
380
224
380
380
380
123
123
161
164
380
380
380
380
237
380
380
380
412
99
380
161
380
129
380
95
99
380
380
380
380
380
380
380
380
380
380
96
380
380
380
380
380
144
380
380
380
150
380
198
380
380
198
380
130
95
380
380
380
380
133
252
380
380
380
111
380
120
137
380
380
380
380
380
380
126
380
380
380
122
380
95
380
380
205
380
380
380
463
380
380
262
380
380
380
380
380
98
380
380
380
380
380
380
264
171
164
244
380
380
380
380
380
380
125
98
224
380
380
380
380
380
380
195
380
163
108
380
380
102
135
380
380
380
380
380
380
380
380
380
380
104
176
380
380
380
412
157
380
380
380
380
380
180
380
380
380
121
380
380
380
117
380
96
380
380
380
380
380
108
380
380
192
380
380
380
137
380
380
380
102
216
120
380
380
380
380
181
380
121
380
380
380
380
380
380
380
380
380
202
380
380
380
380
380
318
380
140
380
380
380
380
380
380
380
142
380
380
380
380
189
380
380
380
380
139
380
380
141
380
380
380
380
380
380
380
380
380
380
380
208
380
380
380
380
380
380
229
380
380
380
380
380
380
132
380
380
380
380
380
380
380
169
380
380
115
380
144
380
380
380
380
380
380
380
380
380
380
380
380
380
298
380
380
380
380
129
380
380
380
380
380
380
380
121
380
182
380
380
380
380
380
380
380
380
380
380
380
380
106
97
380
118
380
380
106
380
380
380
136
380
380
380
380
380
197
380
380
380
380
380
380
226
380
380
380
380
380
380
380
380
380
380
380
380
95
380
380
380
380
380
380
380
380
380
380
380
380
380
380
380
380
380
380
380
380
380
214
380
380
380
188
380
380
380
380
380
380
380
380
380
115
95
380
153
380
380
380
380
380
380
380
380
380
380
380
380
380
380
380
380
380
380
380
380
380
380
380
380
380
380
380
380
380
380
380
380
380
380
380
380
380
118
380
380
380
380
380
380
155
380
380
380
244
380
380
380
136
380
380
380
380
380
134
380
380
151
380
380
380
380
380
380
380
380
380
380
380
380
178
380
380
380
115
101
136
380
380
380
380
380
380
380
380
380
380
380
107
380
380
380
380
131
380
380
380
380
380
380
380
380
380
196
380
380
380
380
380
380
380
380
102
380
380
380
380
139
380
106
380
380
380
380
380
380
380
380
380
95
380
96
380
380
380
206
380
380
167
380
380
380
380
380
380
380
380
380
380
380
380
380
380
380
97
104
380
380
380
95
380
380
150
380
380
380
380
380
174
380
241
138
380
380
380
380
380
142
380
380
380
154
129
380
380
290
380
380
380
380
380
147
191
380
380
380
380
380
380
95
380
125
380
380
380
380
380
118
380
380
380
380
380
380
380
380
380
380
380
148
380
380
380
144
380
380
380
380
380
380
380
380
380
380
380
380
118
380
159
380
380
380
157
99
380
380
164
380
380
380
380
380
380
380
380
380
252
202
380
380
128
380
380
380
183
380
380
380
380
380
380
380
380
380
380
380
380
380
380
380
380
380
380
380
380
380
380
380
380
380
380
380
380
380
380
180
380
380
380
380
380
380
380
380
380
141
380
380
179
380
380
181
380
181
380
95
380
380
163
380
380
380
380
380
380
380
380
104
380
380
380
380
380
380
138
380
380
380
380
380
380
166
380
380
380
380
380
380
380
380
380
380
380
380
380
380
380
133
380
380
380
380
380
122
380
380
380
98
380
127
380
127
380
380
380
380
380
380
135
380
380
380
380
380
380
380
166
134
380
136
139
380
380
380
380
197
380
380
380
380
380
380
380
380
380
95
380
380
380
380
380
380
380
380
380
380
193
380
380
380
380
380
380
380
380
380
380
380
380
380
380
380
108
380
380
380
380
380
380
380
380
132
380
380
380
380
96
380
380
380
380
380
153
380
380
380
380
380
380
380
380
380
380
380
380
380
380
380
380
380
380
380
380
380
380
380
380
380
380
380
380
380
380
380
233
380
380
380
380
380
380
187
380
380
380
380
380
380
380
380
380
380
380
380
380
380
380
380
380
380
380
380
380
380
380
380
380
380
380
380
380
380
380
380
380
380
380
380
380
380
380
175
380
380
380
380
380
380
380
380
380
380
380
380
380
380
380
380
380
380
380
380
380
380
380
380
380
380
380
380
198
380
380
380
380
380
380
380
380
380
380
380
380
380
380
380
380
380
380
380
380
380
380
380
380
128
380
380
380
145
380
380
380
380
380
380
380
380
380
380
380
380
380
380
380
193
380
380
174
380
380
380
380
113
380
380
205
380
380
133
380
380
380
380
222
434
380
380
380
380
380
380
380
380
380
380
380
380
170
380
380
380
380
380
149
380
380
380
380
380
120
380
380
380
380
214
380
380
380
101
380
380
380
380
380
380
380
380
380
380
380
380
380
380
380
175
380
380
380
380
380
380
380
380
128
380
380
380
380
380
380
380
380
380
380
380
380
380
380
380
380
380
380
113
380
380
380
380
380
380
380
380
380
380
380
138
520
380
380
380
380
380
380
380
380
380
380
380
380
380
380
380
380
380
380
380
380
380
380
380
380
380
380
380
380
380
202
380
380
380
380
139
380
380
144
380
380
380
380
380
380
380
380
380
380
380
380
380
380
380
380
380
380
380
380
380
291
380
176
380
380
380
380
119
380
380
380
156
380
380
380
380
380
380
380
380
380
380
380
380
380
380
380
380
380
380
98
380
380
380
380
380
190
380
380
380
380
380
380
380
380
380
380
380
380
380
380
380
380
380
380
380
104
380
380
380
380
380
380
380
380
380
380
380
380
380
380
380
380
380
380
380
380
380
380
380
380
380
380
380
380
380
232
380
380
380
100
380
380
380
380
380
380
380
380
380
380
110
380
380
380
380
380
230
380
380
380
380
380
380
380
178
380
380
380
380
380
380
380
380
380
380
380
380
380
380
380
380
380
380
380
380
124
380
380
380
380
380
380
380
380
380
380
380
380
380
380
380
380
402
380
122
380
380
380
380
380
138
380
380
380
380
380
380
380
380
380
380
380
380
380
380
144
380
380
380
380
380
380
380
136
380
380
209
380
380
380
380
380
380
380
380
380
380
380
380
380
380
380
380
380
380
380
380
380
380
380
380
380
380
380
380
380
380
380
380
380
380
380
380
380
380
380
380
380
380
380
95
380
380
380
380
380
156
380
380
380
380
380
380
380
380
380
380
380
380
380
380
380
380
380
380
380
380
380
380
380
95
380
380
380
380
380
380
380
380
380
380
380
380
380
380
380
380
380
449
380
380
380
380
380
380
380
380
380
380
380
145
380
380
380
380
380
380
380
380
380
380
380
380
380
155
120
380
380
380
380
380
380
380
380
380
380
380
380
380
380
380
380
380
380
380
380
380
95
380
380
380
380
380
380
380
380
380
380
380
380
380
380
380
380
380
380
380
380
189
380
380
380
380
380
380
380
380
380
380
380
380
380
380
380
380
380
380
380
380
380
380
95
380
380
380
380
380
380
380
120
380
380
380
380
380
380
380
380
380
380
380
380
119
380
380
380
380
380
164
380
380
380
380
380
380
380
380
380
380
380
380
112
380
380
380
380
380
380
380
219
380
380
406
380
380
380
380
380
380
380
380
380
380
380
380
380
508
380
380
380
380
124
380
380
380
380
380
380
380
380
380
380
380
380
380
380
380
380
380
380
380
380
380
380
380
380
380
380
380
380
380
380
380
380
380
380
380
380
380
380
380
380
177
380
380
380
380
380
380
380
380
380
380
380
380
380
380
380
380
380
380
380
380
380
380
380
185
380
380
380
380
380
380
380
380
380
380
380
380
380
380
380
380
380
380
110
380
285
380
380
380
380
380
380
380
380
380
380
380
380
380
380
380
380
380
380
380
143
380
380
380
380
380
380
380
380
380
380
275
380
380
380
380
380
380
380
380
380
380
380
380
380
380
380
380
380
380
380
380
380
380
380
380
380
449
380
380
380
380
380
380
380
380
380
380
380
380
380
380
380
380
380
380
380
380
380
380
380
138
380
380
380
380
380
380
380
380
380
123
380
380
380
380
380
380
380
380
380
380
380
380
380
380
380
380
380
380
380
380
380
380
201
380
380
380
380
180
380
380
380
380
380
380
380
380
380
380
380
380
380
380
380
380
380
380
380
380
380
380
380
380
380
380
380
200
380
380
380
380
380
380
380
380
233
380
380
380
380
380
380
380
380
380
380
380
380
380
380
380
380
380
380
380
380
380
380
380
380
380
380
141
380
380
380
380
380
380
380
380
380
132
380
380
380
380
380
380
380
380
380
380
380
380
380
380
380
380
380
380
380
380
380
380
380
380
380
380
380
380
380
380
380
380
380
380
380
380
380
380
218
380
380
380
380
380
380
380
380
380
380
380
380
380
380
380
380
380
380
380
380
380
380
380
380
380
380
380
380
380
380
380
380
380
380
380
173
380
380
380
380
380
275
380
380
380
380
380
380
380
380
380
380
380
380
380
380
380
380
380
380
100
380
380
380
380
380
380
380
380
380
380
380
380
380
380
380
380
380
380
380
380
380
380
380
380
380
170
380
380
380
380
154
380
380
380
380
380
380
380
380
380
380
380
380
380
380
336
380
404
380
380
380
380
380
380
380
380
380
380
380
380
380
380
380
380
380
380
380
380
380
380
380
380
114
380
380
380
380
380
178
380
380
380
102
380
380
380
380
380
380
380
380
273
380
380
380
380
380
380
380
380
380
380
380
380
380
380
380
380
380
380
380
380
380
380
380
380
380
380
380
380
380
380
709
212
380
380
380
380
380
380
380
380
380
380
380
380
380
380
380
380
380
380
380
137
380
380
380
380
380
380
380
380
380
380
380
380
380
380
380
380
380
380
380
380
380
380
380
380
380
380
380
380
380
380
380
380
380
380
380
380
380
380
380
380
380
380
380
380
380
380
380
380
380
380
380
380
380
155
380
380
380
380
380
380
380
380
380
380
380
380
380
389
143
380
380
380
380
380
380
380
380
380
380
380
380
380
380
203
380
380
380
380
380
380
380
380
380
380
380
380
380
380
380
380
380
380
380
380
380
380
380
380
380
380
380
380
380
380
692
380
380
380
380
380
380
380
380
380
380
380
380
380
380
380
380
380
380
380
380
380
380
380
374
380
380
380
380
380
380
380
380
380
380
380
380
380
380
380
380
380
380
380
380
380
380
380
380
380
380
380
380
380
380
380
120
380
380
121
106
380
380
380
380
380
380
380
380
380
380
380
130
380
380
380
380
380
380
380
380
380
380
380
380
380
380
380
380
380
380
380
380
380
380
138
380
380
380
380
380
380
380
380
380
380
380
380
380
380
380
380
380
380
380
380
380
380
380
380
380
380
380
380
380
380
380
380
380
380
380
380
380
380
380
380
380
380
380
380
380
380
380
380
380
380
380
380
380
380
380
380
380
380
380
380
380
177
380
380
380
380
380
380
380
380
380
380
380
380
380
380
380
380
380
380
380
380
380
380
380
380
380
380
380
380
380
380
380
380
380
380
380
380
380
380
380
380
380
380
380
380
380
380
380
404
380
380
139
380
116
380
380
513
380
380
380
380
380
380
380
380
380
380
380
380
380
380
380
380
380
380
380
380
380
380
380
380
380
380
380
380
380
380
380
380
380
380
114
380
380
380
380
380
380
380
380
380
380
380
380
380
380
380
380
380
380
380
380
380
380
380
380
380
380
380
380
380
380
380
380
380
380
380
380
380
380
380
380
380
380
380
380
380
380
380
380
380
380
380
380
380
380
380
380
380
380
380
380
380
272
380
380
380
380
380
380
380
380
380
380
380
380
380
380
380
380
380
380
380
380
380
380
380
380
380
380
380
380
380
380
380
380
380
380
380
380
380
380
380
380
380
380
380
380
380
380
380
380
380
380
380
380
380
380
380
380
380
380
380
380
380
380
380
380
380
380
380
380
380
380
380
380
135
380
380
380
380
380
380
380
380
380
380
380
380
380
380
380
380
380
380
136
380
380
380
380
380
380
380
380
380
380
366
380
380
380
380
380
380
380
380
380
380
380
380
380
380
380
380
380
380
380
380
380
380
380
380
389
380
380
380
380
380
380
380
380
380
380
380
380
380
380
380
380
380
380
380
380
380
380
380
380
380
380
380
380
380
380
380
380
380
380
380
380
156
380
380
380
370
380
380
380
380
380
380
380
380
380
380
380
380
380
380
380
380
380
380
380
380
380
380
380
380
380
149
380
380
380
380
380
380
380
380
380
380
380
380
380
380
380
380
380
380
380
199
380
380
380
380
380
380
380
380
380
380
380
380
380
380
380
380
380
380
143
380
380
380
380
380
380
380
380
243
380
380
380
380
380
380
151
380
380
380
380
380
380
380
380
380
380
380
380
380
380
380
380
380
380
380
380
380
380
380
380
380
380
380
380
380
380
380
380
380
380
380
380
380
380
380
380
380
380
345
380
380
380
380
380
380
380
380
380
380
380
380
380
380
380
380
380
380
380
380
380
380
380
380
380
380
380
380
380
380
380
380
380
380
380
380
380
380
380
380
380
116
380
380
380
380
380
380
380
380
380
380
380
380
380
380
380
380
380
380
380
380
380
380
380
380
380
380
380
380
380
380
380
380
380
380
380
380
380
380
380
380
380
380
380
380
380
380
380
380
380
380
380
380
380
380
380
380
380
380
380
380
380
380
380
380
380
380
176
380
380
380
380
380
380
380
380
380
391
380
380
380
380
380
380
380
380
380
380
95
380
380
380
380
380
380
380
380
380
380
380
380
380
380
380
380
380
380
380
380
380
380
380
380
380
380
380
380
380
380
380
380
380
380
380
380
380
380
380
380
380
380
380
380
380
380
380
380
380
380
380
380
380
380
380
380
380
380
380
380
380
380
380
380
380
380
380
380
380
380
380
380
380
380
380
380
380
380
380
380
380
380
380
380
380
380
380
380
380
380
380
380
380
380
380
380
380
149
380
380
380
380
380
380
380
380
380
380
380
115
380
380
380
380
380
380
380
380
380
380
380
380
380
380
380
380
380
380
380
380
380
380
380
380
380
380
380
380
380
380
380
380
380
380
380
380
380
380
380
380
380
380
380
380
380
380
380
380
380
380
380
380
380
380
380
380
380
186
122
380
380
380
380
380
380
380
380
183
380
380
380
380
380
380
380
380
380
380
380
380
380
380
380
380
380
380
380
380
380
380
380
380
380
380
380
380
380
380
380
385
380
380
380
380
380
380
380
380
380
380
380
380
380
380
380
380
380
380
380
380
380
380
380
380
380
380
380
380
380
380
380
380
380
380
380
380
380
380
380
380
380
380
380
380
380
380
380
380
380
380
380
380
380
380
380
380
380
380
380
380
380
380
380
380
380
380
380
380
380
380
380
380
380
380
380
380
380
380
380
380
380
380
380
380
380
380
380
380
380
380
380
380
380
380
380
380
380
380
380
380
380
380
380
380
380
380
380
380
380
380
380
380
380
380
380
380
380
380
380
380
380
380
380
380
380
380
380
380
380
380
380
380
380
380
380
380
380
380
380
380
380
380
380
380
380
380
380
380
380
380
380
380
380
380
380
380
380
380
380
380
380
380
380
380
380
380
380
380
380
380
380
380
380
380
380
380
116
380
380
380
380
380
380
380
380
380
380
380
380
380
380
380
380
380
380
380
380
380
380
380
380
380
380
380
380
380
380
380
380
380
380
380
380
380
380
380
380
380
380
380
380
380
380
380
380
380
380
380
380
380
380
380
380
380
380
380
380
380
380
380
380
380
380
380
380
380
380
380
380
380
380
380
380
380
380
380
380
380
380
380
380
380
380
380
380
380
380
380
188
380
380
380
380
380
380
380
171
380
380
380
380
380
380
380
380
380
380
380
380
380
380
380
380
380
380
380
380
380
380
380
380
380
380
380
380
380
380
380
380
380
380
380
380
380
380
380
380
380
380
380
380
380
380
380
380
380
380
380
380
380
380
380
380
380
380
380
380
380
380
380
380
380
380
380
380
380
380
380
380
380
380
380
380
380
380
380
380
380
380
380
380
380
380
380
380
380
380
380
380
380
380
380
380
380
380
380
380
380
380
135
380
380
380
380
380
380
380
380
380
380
380
380
380
380
380
380
380
380
380
380
380
380
380
380
380
380
380
380
380
380
380
380
380
380
380
380
380
380
380
380
380
380
380
380
380
380
380
380
380
380
380
380
380
380
380
380
380
380
380
380
380
380
380
380
380
380
380
380
380
380
380
380
380
380
380
380
380
380
380
380
380
380
380
380
380
380
380
380
380
380
380
380
380
380
380
380
380
380
380
380
380
380
380
380
380
380
380
380
380
380
380
380
380
380
380
380
380
380
380
380
380
380
380
380
380
380
380
380
380
380
380
380
380
380
380
380
380
380
380
380
380
380
380
380
380
380
380
380
380
380
380
380
380
380
380
380
380
380
380
380
380
380
380
380
380
380
380
380
380
380
380
380
380
380
380
380
380
380
380
380
380
380
380
380
474
380
380
380
99
380
380
380
380
380
380
380
380
380
380
380
380
380
380
380
380
380
380
380
380
380
380
380
380
380
380
380
380
380
380
380
380
380
380
380
380
380
380
380
380
380
380
380
380
380
380
380
380
380
380
380
380
380
380
380
380
380
380
380
380
380
380
380
380
380
380
380
380
380
380
380
95
380
380
380
380
380
380
380
380
380
380
380
380
380
380
380
380
380
380
380
380
380
380
380
380
380
380
380
380
380
380
380
380
380
380
380
380
380
380
380
380
380
380
380
380
380
380
380
380
380
380
380
380
380
380
380
380
380
380
380
380
380
380
380
380
380
380
380
380
380
380
380
380
380
380
380
380
380
380
380
380
380
380
380
380
380
380
380
380
380
380
380
380
380
380
380
380
380
380
380
380
380
380
380
380
380
380
380
380
380
380
380
380
380
380
380
380
380
380
380
380
380
380
380
380
380
380
380
380
380
380
380
380
380
380
380
380
380
380
380
380
380
380
380
380
380
380
380
380
380
380
380
380
380
380
380
380
380
382
380
380
380
380
380
380
380
380
380
380
380
210
380
380
380
380
380
380
380
380
380
380
380
380
380
380
380
380
380
380
380
380
380
380
380
380
380
380
380
380
380
380
380
380
380
380
380
380
380
380
380
380
380
380
380
380
380
380
380
380
380
380
380
380
380
380
380
380
380
380
380
380
380
380
380
380
380
380
380
380
380
380
380
380
380
380
380
380
380
380
380
380
380
380
380
380
380
380
380
380
380
380
380
380
380
380
380
380
380
380
380
380
380
380
380
380
380
380
380
380
380
380
380
380
380
380
380
380
380
380
380
380
380
380
380
380
380
380
380
380
380
380
380
380
380
380
380
380
380
380
380
380
380
380
380
380
380
380
380
380
380
380
380
380
380
380
380
380
380
380
380
380
380
380
380
380
380
380
380
380
380
380
380
380
380
380
380
380
380
380
380
380
384
380
380
380
380
380
380
380
380
380
380
380
380
380
380
380
380
380
380
380
380
380
380
380
380
380
111
380
380
380
380
380
380
380
380
380
380
380
380
380
380
380
380
380
177
380
380
380
380
380
380
380
380
380
380
380
380
380
380
380
380
380
380
380
380
380
380
380
380
380
380
380
380
380
380
380
380
380
380
380
380
380
380
380
380
380
380
150
380
380
380
380
380
380
380
380
380
380
380
380
380
380
380
380
380
380
380
380
380
380
380
380
380
380
380
380
380
380
380
380
380
380
380
380
380
380
380
380
380
380
380
380
380
380
380
380
380
380
380
380
380
380
380
380
380
380
380
380
380
380
380
380
380
380
380
380
380
380
380
380
380
380
380
380
380
380
380
380
380
380
380
380
380
380
380
380
380
380
380
380
380
380
380
380
380
380
380
380
380
380
380
380
380
380
380
380
380
380
380
380
380
380
380
380
380
380
380
380
380
380
380
380
380
380
380
380
380
380
380
380
380
380
380
380
380
380
380
380
380
380
380
380
380
380
380
380
380
380
380
380
380
380
380
380
380
380
380
380
380
380
380
380
380
380
380
380
380
380
380
380
380
380
380
380
380
380
380
380
380
380
380
380
380
380
380
380
380
380
380
380
380
380
380
380
380
380
380
380
380
380
380
380
380
380
380
380
380
380
380
380
380
380
380
380
380
380
380
380
380
380
380
380
380
380
380
380
380
380
380
380
380
380
380
380
380
380
380
380
380
380
139
439
380
337
380
380
380
380
380
380
380
380
380
380
380
380
380
380
380
380
380
380
380
380
380
380
380
120
380
380
380
380
380
380
380
380
380
380
380
380
380
380
407
380
380
380
380
380
380
380
380
380
380
380
380
380
380
380
380
380
380
380
380
380
380
380
380
380
380
380
380
380
380
380
380
380
380
380
380
380
380
380
380
380
380
380
380
380
380
380
380
380
380
380
380
380
380
380
380
380
380
380
380
380
380
380
380
380
476
380
380
380
380
380
380
380
380
380
380
380
380
380
380
380
380
380
380
380
380
380
380
380
380
380
380
380
380
380
380
380
380
380
380
380
380
380
380
380
380
380
380
380
380
380
380
380
380
380
231
380
380
380
380
380
380
380
380
380
380
380
380
380
380
380
133
380
380
380
380
380
380
380
380
380
380
380
380
380
380
380
380
380
380
380
380
380
380
380
380
380
380
380
380
380
380
380
380
380
380
380
380
380
380
380
380
380
380
380
380
380
380
380
380
380
380
380
380
380
380
380
380
380
380
380
380
380
380
380
380
380
380
380
380
380
380
380
380
380
380
380
380
380
380
380
380
380
380
380
380
380
380
380
380
380
380
380
380
435
380
380
380
380
380
380
380
380
380
380
380
380
380
380
380
380
380
380
380
380
380
380
380
380
380
380
380
380
380
380
380
380
359
380
380
380
129
380
380
380
380
380
380
380
380
380
380
380
380
380
380
380
380
380
380
380
380
380
380
380
380
380
380
380
380
380
380
380
380
380
380
380
380
380
380
380
380
380
380
380
380
380
380
380
380
380
380
380
380
380
380
380
380
380
380
380
380
380
380
380
380
380
380
380
380
380
380
380
380
380
380
380
380
380
380
380
380
380
380
380
380
380
380
380
125
380
380
380
380
380
380
380
380
380
380
380
380
380
380
380
380
380
380
380
380
380
380
380
380
380
380
380
380
380
380
380
380
380
380
380
380
380
380
380
380
380
380
380
380
380
380
380
380
380
380
380
380
380
380
380
380
380
380
380
380
380
380
380
380
380
380
380
380
380
380
380
380
380
380
380
380
380
380
380
380
380
380
380
380
380
380
380
380
380
380
380
380
380
380
380
380
380
380
380
380
380
380
380
380
380
380
380
380
380
380
380
380
380
380
380
380
380
380
380
380
380
380
380
380
380
380
380
380
380
380
380
380
380
380
380
380
380
380
380
380
380
380
380
380
380
380
380
380
380
380
380
380
380
380
380
380
380
380
380
380
380
380
380
380
380
380
380
380
380
380
380
380
380
380
380
380
380
380
380
380
380
380
380
380
380
380
380
380
380
380
380
380
380
380
380
380
380
380
380
380
380
380
380
380
380
380
380
380
380
380
380
380
380
380
380
380
380
380
380
380
380
380
380
380
380
380
380
380
380
380
380
380
380
380
380
380
380
380
380
380
380
380
380
380
380
380
380
380
380
380
380
380
380
380
380
380
380
380
380
380
380
380
380
380
380
380
380
380
380
380
380
380
380
380
380
380
380
380
380
380
380
380
380
380
380
380
380
380
380
380
380
380
380
380
380
380
380
380
380
380
380
380
380
380
380
380
380
380
380
380
380
380
380
380
380
380
380
184
380
380
380
380
380
380
380
380
617
380
380
380
380
380
380
380
380
380
380
380
380
380
380
380
380
380
380
380
380
380
380
380
380
380
380
380
380
380
380
380
380
380
380
380
380
380
380
380
380
380
380
380
380
380
380
380
380
380
380
380
380
380
445
380
380
380
380
380
380
380
380
380
380
380
380
380
380
380
380
380
380
380
380
380
380
380
380
380
380
380
380
380
380
380
380
380
380
380
380
380
380
380
380
380
380
380
380
380
380
380
380
380
380
380
380
380
380
380
118
380
380
380
380
380
380
380
380
380
380
380
380
380
380
380
380
380
380
380
380
380
380
380
160
380
380
380
380
380
380
380
380
141
380
380
380
380
380
380
380
380
380
380
380
380
380
380
380
380
380
380
380
380
380
380
380
380
380
380
380
380
380
380
380
380
380
380
380
380
380
380
380
380
380
380
380
380
380
380
380
380
380
380
380
380
380
380
380
380
380
380
380
380
380
380
380
380
380
380
380
380
380
380
380
380
380
380
380
380
380
380
380
380
380
380
380
380
380
380
380
380
380
380
380
380
380
380
380
380
380
380
380
380
380
380
380
380
380
380
380
380
380
380
380
380
380
380
380
380
380
380
380
380
380
380
380
380
380
380
380
380
380
380
380
380
380
380
380
380
380
380
380
380
380
380
380
380
380
380
380
380
380
380
380
380
380
380
380
380
380
380
380
380
95
380
380
380
380
380
380
201
380
380
380
380
380
380
380
380
380
380
380
380
380
380
380
380
380
380
380
380
380
380
380
380
380
380
380
380
380
380
380
380
380
380
380
380
380
380
380
380
380
380
380
380
380
380
380
380
380
380
380
380
380
380
380
380
380
380
380
380
380
380
380
380
380
380
380
380
380
380
380
380
380
380
380
380
380
380
380
380
380
380
380
380
380
380
380
380
380
380
380
380
380
380
380
380
380
380
380
380
380
380
380
380
380
380
380
380
380
380
380
380
380
380
380
380
380
380
380
380
380
380
380
380
380
380
380
380
380
380
380
380
380
380
259
380
380
380
380
380
380
380
380
380
380
380
380
380
380
380
380
380
380
380
380
380
380
380
380
380
380
380
380
380
380
380
380
380
380
380
380
380
380
380
380
380
380
380
380
380
380
380
380
380
380
380
380
380
380
380
380
380
380
380
380
380
380
380
380
380
380
380
380
380
380
380
380
380
380
380
380
380
380
380
380
380
380
380
380
380
380
380
380
380
380
380
380
380
380
380
380
380
380
380
380
380
380
380
380
380
380
380
380
380
380
380
380
380
380
380
380
380
380
380
380
380
380
380
380
380
380
380
380
380
380
380
380
380
380
380
380
380
380
380
380
380
380
380
380
380
380
380
380
380
380
380
380
380
380
380
380
380
380
380
380
380
380
380
380
380
380
380
380
380
380
380
380
380
380
380
380
380
380
380
380
380
380
380
380
380
380
380
380
380
380
380
380
380
380
380
380
380
380
380
380
380
380
380
380
380
380
380
380
380
380
380
380
380
380
380
380
380
380
380
380
380
380
380
380
380
380
380
380
380
380
380
380
380
380
380
380
380
380
380
380
380
380
380
380
380
380
380
380
380
380
380
380
380
380
380
380
380
133
380
380
380
380
380
380
380
380
380
380
380
380
380
380
380
380
380
380
380
380
380
380
380
380
380
380
380
380
380
380
380
380
380
380
380
380
380
380
380
380
380
380
380
380
380
380
380
380
380
380
380
380
380
380
380
380
380
380
380
380
380
116
380
380
380
380
380
380
380
380
380
380
380
380
380
380
380
380
195
380
380
380
380
380
380
380
380
380
380
380
418
380
380
380
380
380
380
380
380
380
380
380
380
380
380
380
380
380
380
380
380
380
380
380
380
380
380
380
380
380
380
380
380
380
380
380
380
380
380
380
380
380
156
380
380
380
380
380
380
380
380
380
380
380
380
380
380
380
380
380
380
380
380
380
380
380
380
380
380
380
380
380
380
380
380
380
380
380
380
380
380
114
380
380
380
380
380
380
380
380
380
380
380
380
380
380
380
380
380
380
380
380
380
380
380
380
380
380
380
380
380
380
380
380
380
380
380
380
380
380
380
380
380
380
380
380
380
380
380
380
380
380
380
380
380
380
380
380
380
380
380
380
380
380
380
380
380
380
380
380
380
380
380
380
380
380
380
380
380
380
380
380
380
380
380
380
380
380
380
380
380
380
380
380
380
380
380
380
380
380
380
380
380
380
380
380
380
380
380
380
380
380
380
380
380
380
380
380
380
380
380
380
380
380
380
380
380
380
380
380
380
380
380
380
380
380
380
380
380
380
380
380
380
380
380
380
380
380
380
380
380
380
380
380
380
380
380
380
380
380
380
380
380
380
380
380
380
380
380
380
380
380
380
380
380
380
380
380
380
380
380
380
380
380
380
380
380
380
380
380
380
380
380
380
380
380
380
380
380
380
380
380
380
380
380
380
380
380
380
380
380
380
380
380
380
380
380
380
380
380
380
380
380
380
380
380
380
380
380
380
380
380
380
380
380
380
380
380
380
380
380
380
380
380
380
380
380
380
380
380
380
380
380
380
380
380
380
380
380
380
380
380
380
380
380
380
380
380
380
380
380
380
380
380
380
380
380
380
380
380
380
380
380
544
380
380
380
380
380
380
380
380
380
380
380
380
380
380
380
380
380
380
380
380
380
380
380
380
380
380
380
380
380
380
380
380
380
380
380
380
380
380
380
380
380
380
380
380
380
380
380
380
380
380
380
380
380
380
380
380
380
380
380
380
380
380
380
380
380
380
380
380
380
380
380
380
380
380
380
380
380
380
380
380
380
380
380
380
380
380
380
380
380
380
380
380
380
380
380
380
380
380
380
380
380
380
380
380
380
380
380
380
380
380
380
380
380
380
380
380
380
380
380
380
380
380
380
380
380
380
380
380
380
380
380
380
380
380
380
380
380
380
380
380
380
380
380
380
380
380
380
380
380
380
380
380
380
380
380
380
380
380
380
380
380
380
380
380
380
380
380
380
380
380
166
380
380
380
380
380
380
380
380
380
380
380
380
380
380
380
380
380
380
380
380
380
380
380
380
380
380
380
380
380
380
380
380
380
380
380
380
380
212
380
380
380
335
380
380
380
380
380
380
380
380
380
380
380
380
380
380
380
380
380
380
380
380
380
380
380
380
380
380
380
380
380
380
380
380
380
380
380
380
380
380
380
380
380
380
380
380
380
380
380
380
380
380
380
380
380
380
380
380
380
380
380
380
380
380
380
380
380
380
380
380
380
380
380
380
380
380
380
380
380
146
380
380
380
380
380
380
380
380
380
380
380
380
380
380
380
380
380
380
380
380
380
380
114
380
380
380
380
380
380
380
380
380
380
380
380
380
380
380
380
380
380
380
380
380
380
380
380
380
380
380
380
380
380
380
380
380
380
380
380
380
380
380
380
380
380
380
380
380
380
380
380
380
380
380
380
380
380
380
380
380
380
380
380
380
380
380
380
380
380
380
380
380
380
380
380
380
380
380
380
380
380
380
380
380
380
380
380
380
380
380
380
380
380
380
380
380
380
380
380
380
380
380
380
380
380
380
380
380
380
380
380
380
380
380
380
380
380
380
380
380
380
380
380
380
380
380
380
380
380
380
380
380
380
380
380
380
380
380
380
380
380
380
380
380
380
380
380
380
380
380
380
380
380
380
380
380
380
380
380
380
380
380
380
380
380
380
380
380
380
380
380
380
380
380
380
380
380
380
380
380
380
380
380
380
380
380
380
380
380
380
380
380
380
380
380
380
380
380
380
380
380
380
380
380
380
380
380
380
380
380
380
380
380
380
380
380
380
380
380
380
380
380
380
380
380
380
380
380
380
380
380
380
380
380
380
380
380
380
380
380
380
380
380
380
380
380
380
380
380
380
380
380
380
380
380
