512
344
409
338
322
316
398
305
322
325
299
352
314
313
337
364
319
482
376
371
330
297
290
329
300
276
303
278
299
266
466
278
282
280
268
292
285
315
280
261
315
277
273
321
295
292
387
245
286
282
328
252
255
305
269
285
250
242
281
253
270
245
399
311
272
278
302
281
371
276
269
308
309
301
249
266
278
306
252
251
370
240
333
233
283
275
248
258
277
254
239
298
230
340
259
270
277
308
236
430
274
240
292
263
322
235
291
293
368
325
287
256
351
228
233
191
213
240
305
305
259
229
265
242
232
277
220
198
262
211
239
271
255
257
220
265
257
308
271
280
268
298
235
229
200
276
247
261
251
200
251
224
217
261
273
253
213
200
271
197
227
302
197
222
259
246
213
290
340
218
296
217
205
248
202
292
235
219
316
201
277
194
233
228
246
217
236
239
238
278
179
216
244
243
211
216
208
280
227
232
212
242
219
222
250
225
225
220
270
189
203
214
289
240
213
201
218
213
214
260
248
275
214
218
195
205
222
240
189
199
200
239
231
271
222
214
270
228
214
227
228
231
214
259
244
202
233
208
175
196
215
285
271
210
252
180
198
187
172
202
282
254
207
229
215
172
211
175
244
205
194
121
382
186
235
334
246
155
218
159
232
223
255
364
203
216
264
238
181
191
133
204
232
230
191
253
345
227
182
176
255
254
209
203
218
131
165
210
173
182
210
175
187
190
178
225
364
207
232
183
105
253
229
234
242
188
185
201
206
264
193
243
245
208
190
213
259
208
182
222
199
188
183
285
243
209
237
111
150
187
181
190
177
188
181
311
178
102
192
206
224
227
170
153
145
126
176
215
245
294
192
207
146
191
245
190
100
204
154
142
208
91
164
174
177
364
217
167
144
171
172
364
181
187
231
186
146
118
173
206
157
151
190
184
138
165
184
204
172
225
177
196
104
233
371
156
190
175
192
180
312
148
205
195
176
173
195
190
187
214
188
148
184
368
186
232
212
146
173
221
180
270
140
159
144
157
226
204
178
267
251
364
210
142
203
183
200
230
157
186
210
189
152
137
167
170
160
182
178
181
156
146
140
225
117
168
106
147
170
178
177
223
158
197
364
147
169
154
166
216
166
226
181
152
156
355
150
154
181
170
112
211
156
230
93
142
219
136
234
212
162
129
164
364
183
148
159
165
207
167
217
185
184
195
263
127
222
191
160
100
201
158
163
176
208
175
163
175
202
168
192
364
143
172
151
96
182
127
185
219
216
364
137
132
150
118
130
166
173
179
192
193
182
364
364
158
176
364
130
158
186
188
190
151
179
364
155
364
146
142
181
201
156
171
137
115
202
123
227
174
157
155
202
189
128
216
133
182
144
364
161
364
193
364
173
167
124
364
151
364
165
364
171
168
186
145
95
364
110
115
156
144
364
364
93
127
91
150
162
106
158
91
128
209
158
158
147
214
364
161
141
142
364
364
165
126
228
175
364
102
171
111
147
364
124
183
97
150
117
364
137
135
186
156
233
364
138
364
110
198
215
364
141
100
173
364
162
196
155
175
187
146
364
260
145
364
364
364
124
133
156
151
150
189
165
364
364
139
164
364
106
114
364
130
166
364
114
140
227
170
364
364
131
160
94
112
364
364
168
190
165
97
161
127
111
167
179
364
102
364
153
150
364
225
364
167
364
194
142
198
162
364
162
198
364
364
364
364
182
249
158
104
134
97
134
218
364
149
364
167
364
153
173
177
162
176
134
364
364
364
185
142
364
180
364
364
175
168
364
150
186
114
105
93
126
364
364
182
364
185
202
364
364
186
130
364
91
179
364
105
106
154
163
364
116
174
173
91
151
364
91
109
99
151
101
117
94
96
120
138
102
172
364
364
197
364
134
180
364
364
364
144
364
364
364
364
150
364
364
149
92
136
182
101
364
364
364
364
364
91
364
364
158
105
141
132
364
127
364
364
187
364
364
166
185
219
99
199
91
276
364
364
364
131
364
145
184
364
364
109
364
129
104
189
91
91
174
140
165
364
364
364
364
143
364
364
137
364
165
160
101
152
364
149
364
364
364
91
364
100
132
134
169
126
364
364
145
364
94
95
364
364
364
122
164
132
163
101
364
91
364
364
364
113
364
104
117
105
192
364
364
364
364
142
364
364
364
364
210
364
364
364
364
135
364
364
92
364
170
364
105
198
364
153
161
364
364
165
364
364
175
364
364
364
364
93
99
364
364
364
364
364
364
364
364
364
364
153
136
364
364
264
163
364
155
364
91
364
364
364
364
364
364
364
117
364
364
364
364
133
91
91
91
111
102
364
91
364
153
364
364
149
364
364
364
364
364
364
128
188
364
98
91
364
116
364
364
364
364
364
91
364
364
364
364
364
364
144
364
364
364
195
91
106
364
364
364
364
131
364
127
98
111
364
364
156
364
98
364
364
364
364
364
364
109
364
364
148
139
98
364
174
150
95
364
364
151
204
364
166
364
136
364
364
364
364
364
122
364
181
116
97
364
364
364
181
364
364
91
364
364
364
364
364
364
100
364
108
364
364
364
364
364
364
364
364
364
123
364
364
364
364
364
364
175
364
364
364
153
364
364
364
364
364
364
364
94
364
364
364
364
364
216
132
95
364
364
364
105
91
364
364
364
146
364
364
125
136
127
110
364
364
364
364
364
364
364
364
364
140
111
364
364
364
196
364
364
364
155
364
116
364
364
364
364
364
364
364
364
364
115
364
364
91
106
364
159
364
168
364
364
364
364
364
364
135
364
364
364
364
364
364
364
364
364
364
364
364
364
364
151
364
364
96
131
364
364
364
101
364
364
364
106
364
364
364
364
364
125
364
364
364
364
364
96
364
364
364
364
108
364
92
364
364
107
364
364
364
91
364
148
133
364
364
364
364
364
364
364
364
364
364
171
364
364
113
364
364
364
148
121
170
91
153
116
364
364
364
159
364
364
364
364
142
364
91
105
364
364
126
364
364
364
364
364
364
364
364
129
364
113
99
364
364
364
364
364
95
364
364
364
364
364
364
364
262
364
364
113
364
364
237
364
364
364
364
364
364
364
364
364
364
364
187
364
364
134
364
364
364
364
364
364
364
364
364
124
364
364
364
364
364
107
364
364
364
364
364
364
364
364
364
364
364
364
108
364
364
364
364
364
145
364
117
364
364
364
364
364
364
364
364
364
364
364
364
364
364
364
364
177
364
364
364
296
364
364
364
364
96
364
364
364
364
113
364
128
364
127
364
364
120
364
364
364
364
364
364
364
364
364
364
364
364
364
364
364
364
364
364
364
364
364
364
364
364
364
364
364
364
102
364
102
91
364
364
179
161
364
364
364
364
364
364
364
364
364
114
364
364
364
91
364
364
364
364
364
364
364
364
364
364
364
364
364
364
364
364
364
364
364
364
122
364
93
364
364
364
364
364
364
364
364
364
364
139
364
364
364
364
364
364
364
364
364
235
364
364
364
364
364
364
364
364
364
364
117
364
364
364
91
364
364
364
364
91
364
364
364
364
364
93
364
364
364
364
188
192
364
364
364
364
364
364
364
364
364
364
364
91
163
364
364
156
364
364
364
364
364
364
364
364
364
91
364
364
92
364
364
105
364
364
364
364
364
364
364
364
364
364
364
364
364
364
151
364
364
364
91
364
364
364
364
364
364
364
364
364
364
96
170
364
181
364
364
364
364
364
364
364
364
364
364
364
364
364
364
364
364
364
364
364
364
364
364
364
364
364
364
364
364
364
364
364
364
364
364
364
364
364
364
364
364
364
364
364
475
364
364
364
364
364
364
364
364
364
364
364
364
364
364
364
364
364
364
364
364
364
364
364
364
364
364
364
364
100
364
364
364
364
364
364
364
364
364
364
364
92
364
364
364
364
364
364
364
364
92
364
364
364
364
104
364
364
364
364
364
364
364
364
183
364
364
364
364
364
364
364
364
364
364
364
364
364
364
364
364
364
364
364
364
364
364
364
364
364
364
364
364
91
364
364
364
364
364
364
364
364
364
364
364
364
364
364
364
364
364
364
364
266
364
364
364
364
364
364
364
364
364
364
364
364
364
364
364
364
364
364
364
364
114
364
364
364
364
364
364
364
364
364
364
364
364
364
364
364
364
364
364
364
364
364
364
364
364
364
364
364
364
364
364
364
364
364
364
364
364
364
103
364
364
364
364
364
364
364
364
364
364
364
364
364
364
364
364
364
364
364
364
364
364
364
364
364
364
364
364
364
364
364
364
364
364
364
364
364
364
364
364
364
364
364
364
364
364
364
364
133
364
364
364
364
364
364
364
364
364
364
364
364
364
364
364
364
364
364
364
364
364
364
364
364
364
364
364
364
364
364
364
364
364
364
364
364
364
364
364
364
364
364
364
364
364
364
364
364
364
364
364
364
364
364
364
364
364
364
364
364
364
95
364
364
364
364
364
364
364
364
364
364
364
364
364
364
364
364
364
364
364
364
364
364
364
364
364
364
108
364
364
364
364
364
364
364
364
364
364
364
364
364
364
99
364
364
364
364
364
364
364
364
364
172
364
364
364
364
364
364
364
364
364
364
364
364
364
364
364
364
126
364
364
364
364
364
364
364
364
364
364
364
364
364
364
364
364
364
364
364
364
364
364
364
364
364
364
364
364
364
364
364
364
364
364
364
364
364
364
364
364
364
91
364
364
364
364
364
364
101
364
364
364
364
364
364
364
364
364
364
364
364
364
364
364
364
364
364
364
364
364
364
364
364
364
364
364
364
364
364
364
364
364
364
113
364
364
364
364
364
91
364
364
364
364
364
364
364
364
364
364
364
364
364
364
364
364
364
364
364
364
364
364
364
364
364
364
364
364
364
364
364
364
364
364
364
364
364
364
364
364
364
364
364
364
364
364
364
364
364
364
364
364
364
364
364
364
364
364
364
364
364
364
364
364
364
364
364
364
364
364
364
364
364
364
364
364
364
364
364
91
364
364
364
364
364
364
364
364
364
364
364
364
364
364
364
364
94
364
364
364
364
185
364
364
364
364
364
364
364
364
101
364
364
364
364
364
364
364
364
364
364
364
364
364
364
364
364
364
364
364
364
364
364
364
364
364
364
364
364
364
364
364
364
364
364
364
364
364
115
364
364
364
364
364
364
364
364
364
364
364
364
364
364
364
364
364
364
364
364
364
364
364
364
364
364
364
364
364
364
364
364
364
364
364
364
364
364
364
364
364
364
364
364
364
364
364
364
364
364
364
364
364
364
364
364
364
364
364
364
364
364
364
364
364
364
364
364
364
364
97
364
364
364
364
364
364
364
364
364
364
364
364
364
364
364
364
364
364
364
364
364
364
364
364
364
364
364
364
364
364
364
364
364
364
364
364
123
364
364
364
364
364
364
364
364
364
364
364
364
364
364
364
364
364
364
364
364
364
364
364
364
364
364
364
364
364
364
364
364
364
364
364
364
364
364
364
364
364
364
364
364
364
364
364
364
364
364
364
364
364
364
364
364
364
364
364
364
364
364
364
364
364
364
364
364
364
364
364
364
364
364
364
364
364
364
364
364
364
364
364
364
101
364
364
364
364
364
364
364
364
364
364
364
364
364
364
364
364
364
364
364
364
364
364
364
364
364
364
364
364
364
364
364
364
364
364
364
167
364
364
364
364
364
364
364
364
364
364
364
364
364
364
364
364
364
364
364
364
364
364
364
364
364
364
364
364
364
364
364
364
364
364
364
364
364
364
364
364
364
364
364
364
364
364
364
364
364
364
364
364
364
364
364
364
364
364
364
364
364
364
364
364
364
364
364
364
364
364
364
364
364
364
364
364
364
364
364
364
364
364
364
364
364
364
364
364
364
364
364
364
364
364
364
364
364
364
364
364
364
140
364
364
364
364
364
364
364
364
364
364
364
364
364
364
364
364
364
364
364
364
364
364
364
364
364
364
364
364
364
364
364
171
364
364
364
364
364
364
364
364
364
364
364
364
364
364
364
364
364
364
364
364
364
364
364
364
364
364
364
364
364
364
364
364
364
364
364
364
364
364
364
364
364
364
364
364
364
364
364
364
364
364
364
364
364
364
364
364
364
364
364
364
364
364
364
364
364
364
364
364
364
364
364
364
364
364
364
364
364
364
364
364
364
364
364
364
364
364
364
364
364
364
364
364
364
364
364
364
364
364
364
364
364
364
364
364
364
364
91
364
364
364
364
364
364
364
364
364
364
364
364
364
364
364
364
364
364
364
364
364
364
364
124
364
364
364
364
364
364
364
364
364
364
364
364
364
364
364
364
364
364
364
364
364
364
364
364
364
364
364
364
364
364
364
364
364
364
364
364
364
364
364
364
364
364
364
364
364
364
364
364
364
364
364
364
364
364
364
364
364
364
364
364
364
364
364
364
364
364
364
364
364
364
364
364
364
364
364
364
364
364
364
364
364
364
364
364
364
364
364
364
364
364
364
364
364
364
364
364
364
364
364
364
364
364
364
364
364
364
364
364
364
364
364
364
364
364
364
364
364
364
364
364
364
364
364
364
364
364
364
364
364
364
364
364
364
364
364
364
364
364
364
364
364
364
364
364
364
364
364
364
364
364
364
364
364
364
364
364
364
364
364
364
364
364
364
364
364
364
364
364
364
364
364
364
364
364
364
364
364
364
364
364
364
364
364
364
364
364
364
364
364
364
364
364
364
364
364
364
364
364
364
364
364
364
364
364
364
121
364
364
364
364
364
364
364
364
364
364
364
364
364
364
364
364
364
364
364
364
364
364
364
364
364
364
364
364
364
364
364
364
364
364
364
364
364
364
364
364
364
364
364
364
91
364
364
364
364
364
364
364
364
364
364
364
364
364
364
364
364
364
364
364
364
364
364
364
364
364
364
364
364
364
364
364
364
364
364
364
364
364
364
364
364
364
364
364
364
364
364
364
364
364
364
364
364
364
364
364
364
364
364
364
364
364
364
364
364
364
364
364
364
364
364
364
364
364
364
364
364
364
364
364
364
364
364
364
364
364
364
364
364
364
364
364
364
364
364
364
364
364
364
364
364
364
364
364
364
364
364
364
364
364
364
364
364
364
364
364
364
364
364
364
364
364
364
364
364
364
364
364
364
364
364
364
364
364
364
364
364
364
364
364
364
364
364
364
364
364
364
364
364
364
364
364
364
364
364
364
364
364
364
364
364
364
364
364
364
364
364
364
364
364
364
364
364
364
364
364
364
364
364
364
364
364
364
364
364
364
364
364
364
364
364
364
364
364
364
364
364
364
364
364
364
364
364
364
364
364
364
364
364
364
364
364
364
364
364
364
364
364
364
364
364
364
364
364
364
364
364
364
364
364
364
364
364
364
364
364
364
364
364
364
364
364
364
364
364
364
364
364
364
364
364
364
364
364
364
364
364
364
364
364
364
364
364
364
364
364
364
364
364
364
364
364
364
364
364
364
364
364
364
364
364
364
364
364
364
364
364
364
364
364
364
364
364
364
364
364
364
364
364
364
364
364
364
364
364
364
364
364
364
364
115
364
364
364
364
364
364
364
364
364
364
364
364
364
364
364
364
364
364
364
364
364
364
364
364
364
364
364
364
364
364
364
364
364
364
364
364
364
364
364
364
364
364
364
364
364
364
364
364
364
364
364
364
364
364
364
364
364
364
364
364
364
364
364
364
364
364
364
364
364
364
364
364
364
364
364
364
364
364
364
364
364
364
364
364
364
364
364
364
364
119
364
364
364
364
364
364
364
364
364
364
364
364
364
364
364
364
364
364
364
364
364
364
364
364
364
364
364
364
364
364
364
364
364
364
364
364
364
364
364
364
364
364
364
364
364
364
364
364
364
364
364
364
364
364
364
364
364
364
364
364
364
364
364
364
364
364
364
364
364
364
364
364
364
364
364
364
364
364
364
364
364
364
364
364
364
364
364
364
364
364
364
364
364
364
364
364
364
364
364
364
364
364
364
364
364
364
364
364
364
364
364
364
364
364
364
364
364
364
364
364
364
364
364
364
364
364
364
364
364
364
364
364
364
364
364
364
364
364
364
364
364
364
364
364
364
364
364
364
364
364
364
364
364
364
364
364
364
364
364
364
364
364
364
364
364
364
364
364
364
364
364
364
364
364
364
364
364
364
364
364
364
364
364
364
364
364
364
364
364
364
364
364
364
364
364
364
364
364
364
364
364
364
364
364
364
364
364
364
364
364
364
364
364
364
364
364
364
364
364
364
364
364
364
364
364
364
364
364
364
364
364
364
364
364
364
364
364
364
364
364
364
364
364
364
364
364
364
364
364
364
364
364
364
364
364
114
364
364
364
364
364
364
364
364
364
364
364
364
364
364
364
364
364
364
364
364
364
364
364
364
364
364
364
364
364
364
364
364
364
364
364
364
364
364
364
364
364
364
364
364
364
364
364
364
364
364
364
364
364
364
364
364
364
364
364
364
364
364
364
364
364
364
364
364
364
364
364
364
364
364
364
364
364
364
364
364
364
364
364
364
364
364
364
364
364
364
364
364
364
364
364
364
364
364
364
364
364
364
364
364
364
364
364
364
364
364
364
364
364
364
364
364
364
364
364
364
364
364
364
364
364
364
364
364
364
364
364
364
364
364
364
364
364
364
378
364
364
364
364
364
364
364
364
364
364
364
364
364
364
364
364
364
364
364
364
364
364
364
364
364
364
364
364
364
364
364
364
364
364
364
364
364
364
364
364
364
364
364
364
364
364
364
364
364
364
364
364
364
364
364
364
364
364
364
364
364
364
364
364
364
364
364
364
364
364
364
364
364
364
364
364
364
139
364
364
364
364
364
364
364
364
364
364
364
364
364
364
364
364
364
364
364
364
364
364
364
364
364
364
364
364
364
364
364
364
364
364
364
364
364
364
364
364
364
364
364
364
364
364
364
364
364
364
364
364
364
364
364
364
364
364
364
364
364
364
107
364
364
364
364
364
364
364
364
364
364
364
364
364
364
364
364
364
364
364
364
364
364
364
364
364
364
364
364
364
364
364
364
364
364
364
364
364
364
364
364
364
364
364
364
364
364
364
364
364
364
364
364
364
364
364
364
364
364
364
364
364
364
364
364
364
364
364
364
364
364
364
364
364
364
364
364
364
364
364
364
364
364
364
364
364
364
364
364
364
364
364
364
364
364
364
364
364
364
364
364
364
364
364
364
364
364
364
364
364
364
364
364
364
364
364
364
364
364
364
364
364
364
364
364
364
364
364
364
364
364
364
364
364
364
364
364
364
364
364
364
364
364
364
364
364
364
364
364
364
364
364
364
364
364
364
364
364
364
364
364
364
364
364
364
364
364
364
364
364
364
364
364
364
364
364
364
364
364
364
364
364
364
364
364
364
364
364
364
364
364
364
364
364
364
364
364
364
364
364
364
364
364
364
364
364
364
364
364
364
364
364
364
364
364
364
364
364
364
364
364
364
364
364
364
364
364
113
364
364
364
364
364
364
364
364
364
364
364
364
364
364
364
364
364
364
364
364
364
364
364
364
364
364
364
364
364
364
364
364
364
364
364
364
364
364
364
364
364
364
364
364
364
364
364
364
364
364
364
364
364
364
364
364
364
364
364
364
364
364
364
364
364
364
364
364
364
364
364
364
364
364
364
364
364
364
364
364
364
364
364
364
364
364
364
364
364
364
364
364
364
364
364
364
364
364
364
364
364
364
364
364
364
364
364
364
364
364
364
364
364
364
364
364
364
364
364
364
364
364
364
364
364
364
364
364
364
364
364
364
364
364
364
364
364
364
364
364
364
364
364
364
364
364
364
364
364
364
364
364
364
364
364
364
364
364
364
364
364
364
364
364
364
364
364
364
364
364
364
364
364
364
364
364
364
364
364
364
364
364
364
364
364
364
364
364
364
364
364
364
364
364
364
364
364
364
364
364
364
364
364
364
364
364
364
364
364
364
364
364
364
364
364
364
364
364
364
364
364
364
364
364
364
364
364
364
364
364
364
364
364
364
364
364
364
364
364
364
364
364
364
364
364
364
364
364
364
364
364
364
364
364
364
364
364
364
364
364
364
364
364
364
364
364
364
364
364
364
364
364
364
364
364
364
364
364
364
364
364
364
364
364
364
364
364
364
364
364
364
364
364
364
364
364
364
364
364
364
364
364
364
364
364
364
364
364
364
364
364
364
364
364
364
364
364
364
364
364
364
364
364
364
364
364
364
364
364
364
364
364
364
364
364
364
364
364
364
364
364
364
364
364
364
364
364
364
364
364
364
364
364
364
364
364
364
364
364
364
364
364
364
364
364
364
364
364
364
364
364
364
364
364
364
364
364
364
364
364
364
364
364
364
364
364
364
364
364
364
364
364
364
364
364
364
364
364
364
364
364
364
364
364
364
364
364
364
364
364
364
364
364
364
364
364
364
364
364
364
364
364
364
364
364
364
364
364
364
364
364
364
364
364
364
364
364
364
364
364
364
364
364
364
364
364
364
364
364
364
364
364
364
364
364
364
364
364
364
364
364
364
364
364
364
364
364
364
364
364
364
364
364
364
364
364
364
364
364
364
364
364
364
364
364
364
364
364
364
364
364
364
364
364
364
364
364
129
364
364
364
364
364
364
364
364
364
364
364
364
364
364
364
364
364
364
364
364
364
364
364
364
364
364
364
364
364
364
364
364
364
364
364
364
364
364
364
364
364
364
364
364
364
364
364
364
364
364
364
364
364
364
364
364
364
364
364
364
364
364
364
364
364
364
364
364
364
364
364
364
364
364
364
364
364
364
364
364
364
364
364
364
130
364
364
364
364
364
364
364
364
364
364
364
364
364
364
364
364
364
364
364
364
364
364
364
364
364
364
364
364
364
364
364
364
364
364
364
364
364
364
364
364
364
364
364
364
364
364
364
364
364
364
364
364
364
364
364
364
364
364
364
364
364
364
364
364
364
364
364
364
364
364
364
364
364
364
364
364
364
364
364
364
364
364
364
364
364
364
364
364
364
364
364
364
364
364
364
364
364
364
364
364
364
364
364
364
364
364
364
364
364
364
364
364
364
364
364
364
364
364
364
364
364
364
364
364
364
364
364
364
364
364
364
364
364
364
364
364
364
364
364
364
364
364
364
364
364
364
364
364
364
364
364
364
364
364
364
364
364
364
364
364
364
364
364
364
364
364
364
364
364
364
364
364
364
364
364
364
364
364
364
364
364
364
364
364
364
364
364
364
364
364
364
364
364
364
364
364
364
364
364
364
364
364
364
364
364
364
364
364
364
364
364
364
364
364
364
364
364
364
364
364
364
364
364
364
364
364
364
364
364
364
364
364
364
364
364
364
364
364
364
364
364
364
364
364
364
364
364
364
364
364
364
364
364
364
364
364
364
364
364
364
364
364
364
364
364
364
364
364
364
364
364
364
364
364
