424
234
225
291
249
244
209
425
192
268
247
209
301
348
170
194
213
218
216
188
229
177
168
158
181
235
173
199
157
181
181
190
187
162
192
181
206
158
169
258
182
162
158
150
146
164
180
141
76
162
151
165
221
112
148
142
152
141
137
190
129
160
137
156
140
106
153
184
159
112
158
155
173
174
180
133
88
452
93
88
218
116
160
169
157
73
161
158
144
158
152
157
202
161
144
116
264
114
161
141
145
144
96
124
196
284
284
171
128
83
284
77
155
129
139
132
98
140
132
143
112
123
284
123
101
284
187
161
98
152
140
89
284
122
138
284
147
77
115
128
91
103
121
76
208
94
133
136
164
120
131
113
284
130
156
194
138
95
114
90
76
134
126
284
72
93
284
101
134
119
129
120
121
125
284
104
109
284
140
131
141
284
140
121
87
284
84
103
284
81
82
137
148
122
284
284
117
113
96
71
124
75
102
174
94
127
284
90
115
78
284
85
78
75
74
284
284
98
90
118
122
284
284
71
284
284
284
284
125
71
96
284
284
71
84
284
81
119
284
284
72
121
284
284
284
96
78
124
284
284
119
284
284
94
130
284
76
95
284
93
284
284
284
130
284
127
284
103
284
284
284
82
284
284
88
284
284
75
284
284
284
95
284
284
85
72
284
71
284
284
71
284
284
284
284
284
284
284
284
284
119
284
80
284
284
284
86
284
87
136
284
94
284
75
284
284
284
71
284
284
284
284
284
284
87
88
284
284
284
284
71
284
284
284
284
284
284
284
284
284
284
284
284
284
284
284
284
284
284
284
83
284
284
284
284
284
284
284
284
284
284
284
284
284
284
284
284
284
284
284
284
284
104
284
284
284
284
284
284
284
284
284
284
284
284
284
284
284
284
284
284
284
284
284
284
284
284
284
284
284
284
284
284
284
284
284
284
284
284
80
284
284
284
284
284
284
284
284
284
284
284
284
284
284
284
284
284
284
284
284
284
284
284
284
72
284
284
284
284
284
284
284
284
284
284
284
284
284
284
284
284
284
284
284
284
284
284
284
284
284
284
284
284
284
284
284
284
284
284
284
284
284
284
284
284
284
284
284
284
284
284
284
284
284
284
284
284
284
284
284
284
284
284
284
284
284
284
284
284
284
284
284
284
284
284
284
284
284
284
284
284
284
284
284
284
284
284
74
284
284
284
284
284
284
284
284
284
284
284
284
284
284
284
284
284
284
284
284
284
284
284
284
284
284
284
284
284
284
284
284
284
284
284
284
284
284
284
284
284
284
284
284
284
284
284
284
284
284
284
284
284
284
284
284
284
284
284
284
284
284
284
284
284
284
284
284
284
284
284
284
284
284
284
284
284
284
284
284
284
284
284
284
284
284
284
284
284
284
284
284
284
284
284
284
284
284
284
284
284
284
284
284
284
284
284
284
284
284
284
284
284
284
284
284
284
284
284
284
284
284
284
284
284
284
284
284
284
284
284
284
284
284
284
284
284
284
284
284
284
284
284
284
284
284
284
284
284
284
284
284
284
284
284
284
284
284
284
284
284
284
284
284
284
284
284
284
284
284
284
284
284
284
284
284
284
284
284
284
284
284
284
284
284
284
284
284
284
284
284
284
284
284
284
284
284
284
284
284
284
284
284
284
284
284
284
284
284
284
284
284
284
284
284
284
284
284
284
284
284
284
284
284
284
284
284
284
284
284
284
284
284
284
284
284
284
284
284
284
284
284
284
284
284
284
284
284
284
284
284
284
284
284
284
284
284
284
284
284
284
284
284
284
284
284
284
284
284
284
284
284
284
284
284
284
284
284
284
284
284
284
284
284
284
284
284
284
284
284
284
284
284
284
284
284
284
284
284
284
284
284
284
284
284
284
284
284
284
284
284
284
284
284
284
284
284
284
284
284
284
284
284
284
284
284
284
284
284
284
284
284
284
284
284
284
284
284
284
284
284
284
284
284
284
284
284
284
284
284
284
284
284
284
284
284
284
284
284
284
284
284
284
284
284
284
284
284
284
284
284
284
284
284
284
284
284
284
284
284
284
284
284
284
284
284
284
284
284
284
284
284
284
284
284
284
284
284
284
284
284
284
284
284
284
284
284
284
284
284
284
284
284
284
284
284
284
284
284
284
284
284
284
284
284
284
284
284
284
284
284
284
284
284
284
284
284
284
284
284
284
284
284
284
284
284
284
284
284
284
284
284
284
284
284
284
284
284
284
284
284
284
284
284
284
284
284
284
284
284
284
284
284
284
284
284
284
284
284
284
284
284
284
284
284
284
284
284
284
284
284
284
284
284
284
284
284
284
284
284
284
284
284
284
284
284
284
284
284
284
284
284
284
284
284
284
284
284
284
284
284
284
284
284
284
284
284
284
284
284
284
284
284
284
284
284
284
284
284
284
284
284
284
284
284
284
284
284
284
284
284
284
284
284
284
284
284
82
284
284
284
284
284
284
284
284
284
284
284
284
284
284
284
284
284
284
284
284
284
284
284
284
284
284
284
284
284
284
284
284
284
284
284
284
284
284
284
284
284
284
284
284
284
284
284
284
284
284
284
284
284
284
284
284
284
284
284
284
284
284
284
284
284
284
284
284
284
284
284
284
284
284
284
284
284
284
284
284
284
284
284
284
284
284
284
284
284
284
284
284
284
284
284
284
284
284
284
284
284
284
284
284
284
284
284
284
284
284
284
284
284
284
284
284
284
284
284
284
284
284
284
284
284
284
284
284
284
284
284
284
284
284
284
284
284
284
284
284
284
284
284
284
284
284
284
284
284
284
284
284
284
284
284
284
284
284
284
284
284
284
284
284
284
284
284
284
284
284
284
284
284
284
284
284
284
284
284
284
284
284
284
284
284
284
284
284
284
284
284
284
284
284
284
284
284
284
284
284
284
284
284
284
284
284
284
284
284
284
284
284
284
284
284
284
284
284
284
284
284
284
284
284
284
284
284
284
284
284
284
284
284
284
284
284
284
284
284
284
284
284
284
284
284
284
284
284
284
284
284
284
284
284
284
284
284
284
284
284
284
284
284
284
284
284
284
284
284
284
284
284
284
284
284
284
284
284
284
284
284
284
284
284
284
284
284
284
284
284
284
284
284
284
284
284
284
284
284
284
284
284
284
284
284
284
284
284
284
284
284
284
284
284
284
284
284
284
284
284
284
284
284
284
284
284
284
284
284
284
284
284
284
284
284
284
284
284
284
284
284
284
284
284
284
284
284
284
284
284
284
284
284
284
284
284
284
284
284
284
284
284
284
284
284
284
284
284
284
284
284
284
284
284
284
284
284
284
284
284
284
284
284
284
284
284
284
284
284
284
284
284
284
284
284
284
284
284
284
284
284
284
284
284
284
284
284
284
284
284
284
284
284
284
284
284
284
284
284
284
284
284
284
284
284
284
284
284
284
284
284
284
284
284
284
284
284
284
284
284
284
284
284
284
284
284
284
284
284
284
284
284
284
284
284
284
284
284
284
284
284
284
284
284
284
284
284
284
284
284
284
284
284
284
284
284
284
284
284
284
284
284
284
284
284
284
284
284
284
284
284
284
284
284
284
284
284
284
284
284
284
284
284
284
284
284
284
284
284
284
284
284
284
284
284
284
284
284
284
284
284
284
284
284
284
284
284
284
284
284
284
284
284
284
284
284
284
284
284
284
284
284
284
284
284
284
284
284
284
284
284
284
284
284
284
284
284
284
284
284
284
284
284
284
284
284
284
284
284
140
284
284
284
284
284
284
284
284
284
284
284
284
284
284
284
284
284
284
284
284
284
284
284
284
284
284
284
284
284
284
284
284
284
284
284
284
284
284
284
284
284
284
284
284
284
284
284
284
284
284
284
284
284
284
284
284
284
284
284
284
284
284
284
284
284
284
284
284
284
284
284
284
284
284
284
284
284
284
284
284
284
284
284
284
284
284
284
284
284
284
284
284
284
284
284
284
284
284
284
284
284
284
284
284
284
284
284
284
284
284
284
284
284
284
284
284
284
284
284
284
284
284
284
284
284
284
284
284
284
284
284
284
284
284
284
284
284
284
284
284
284
284
284
284
284
284
284
284
284
284
284
284
284
284
284
284
284
284
284
284
284
284
284
284
284
284
284
284
284
284
284
284
284
284
284
284
284
284
284
284
284
284
284
284
284
284
284
284
284
284
284
284
284
284
284
284
284
284
284
284
284
284
284
284
284
284
284
284
284
284
284
284
284
284
284
284
284
284
284
284
284
284
284
284
284
284
284
284
284
284
284
284
284
284
284
284
284
284
284
284
284
284
284
284
284
284
284
284
284
284
284
284
284
284
284
284
284
284
284
284
284
284
284
284
284
284
284
284
284
284
284
284
284
284
284
284
284
284
284
284
284
284
284
284
284
284
284
284
284
284
284
284
284
284
284
284
284
284
284
284
284
284
284
284
284
284
284
284
284
284
284
284
284
284
284
284
284
284
284
284
284
284
284
284
284
284
284
284
284
284
284
284
284
284
284
284
284
284
284
284
284
284
284
284
284
284
284
284
284
284
284
284
284
284
284
284
284
284
284
284
284
284
284
284
284
284
284
284
284
284
284
284
284
284
284
284
284
284
284
284
284
284
284
284
284
284
284
284
284
284
284
284
284
284
284
284
284
284
284
284
284
284
284
284
284
284
284
284
284
284
284
284
284
284
284
284
284
284
284
284
284
284
284
284
284
284
284
284
284
284
284
284
284
284
284
284
284
284
284
284
284
284
284
284
284
284
284
284
284
284
284
284
284
284
284
284
284
284
284
284
284
284
284
284
284
284
284
284
284
284
284
284
284
284
284
284
284
284
284
284
284
284
284
284
284
284
284
284
284
284
284
284
284
284
284
284
284
284
284
284
284
284
284
284
284
284
284
284
284
284
284
284
284
284
284
284
284
284
284
284
284
284
284
284
284
284
284
284
284
284
284
284
284
284
284
284
284
284
284
284
284
284
284
284
284
284
284
284
284
284
284
284
284
284
284
284
284
284
284
284
284
284
284
284
284
284
284
284
284
284
284
284
284
284
284
284
284
284
284
284
284
284
284
284
284
284
284
284
284
284
284
284
284
284
284
284
284
284
284
284
284
284
284
284
284
284
284
284
284
284
284
284
284
284
284
284
284
284
284
284
284
284
284
284
284
284
284
284
284
284
284
284
284
284
284
284
284
284
284
284
284
284
284
284
284
284
284
284
284
284
284
284
284
284
284
284
284
284
284
284
284
284
284
284
284
284
284
284
284
284
284
284
284
284
284
284
284
284
284
284
284
284
284
284
284
284
284
284
284
284
284
284
284
284
284
284
284
284
284
284
284
284
284
284
284
284
284
284
284
284
284
284
284
284
284
284
284
284
284
284
284
284
284
284
284
284
284
284
284
284
284
284
284
284
284
284
284
284
284
284
284
284
284
284
284
284
284
284
284
284
284
284
284
284
284
284
284
284
284
284
284
284
284
284
284
284
284
284
284
284
284
284
284
284
284
284
284
284
284
284
284
284
284
284
284
284
284
284
284
284
284
284
284
284
284
284
284
284
284
284
284
284
284
284
284
284
284
284
284
284
284
284
284
284
284
284
284
284
284
284
284
284
284
284
284
284
284
284
284
284
284
284
284
284
284
284
284
284
284
284
284
284
284
284
284
284
284
284
284
284
284
284
284
284
284
284
284
284
284
284
284
284
284
284
284
284
284
284
284
284
284
284
284
284
284
284
284
284
284
284
284
284
284
284
284
284
284
284
284
284
284
284
284
284
284
284
284
284
284
284
284
284
284
284
284
284
284
284
284
284
284
284
284
284
284
284
284
284
284
284
284
284
284
284
284
284
284
284
284
284
284
284
284
284
284
284
284
284
284
284
284
284
284
284
284
284
284
284
284
284
284
284
284
284
284
284
284
284
284
284
284
284
284
284
284
284
284
284
284
284
284
284
284
284
284
284
284
284
284
284
284
284
284
284
284
284
284
284
284
284
284
284
284
284
284
284
284
284
284
284
284
284
284
284
284
284
284
284
284
284
284
284
284
284
284
284
284
284
284
284
284
284
284
284
284
284
284
284
284
284
284
284
284
284
284
284
284
284
284
284
284
284
284
284
284
284
284
284
284
284
284
284
284
284
284
284
284
284
284
284
284
284
284
284
284
284
284
284
284
284
284
284
284
284
284
284
284
284
284
284
284
284
284
284
284
284
284
284
284
284
284
284
284
284
284
284
284
284
284
284
284
284
284
284
284
284
284
284
284
284
284
284
284
284
284
284
284
284
284
284
284
284
284
284
284
284
284
284
284
284
284
284
284
284
284
284
284
284
284
284
284
284
284
284
284
284
284
284
284
284
284
284
284
284
284
284
284
284
284
284
284
284
284
284
284
284
284
284
284
284
284
284
284
284
284
284
284
284
284
284
284
284
284
284
284
284
284
284
284
284
284
284
284
284
284
284
284
284
284
284
284
284
284
284
284
284
284
284
284
284
284
284
284
284
284
284
284
284
284
284
284
284
284
284
284
284
284
284
284
284
284
284
284
284
284
284
284
284
284
284
284
284
284
284
284
284
284
284
284
284
284
284
284
284
284
284
284
284
284
284
284
284
284
284
284
284
284
284
284
