487
368
407
364
364
399
420
374
391
480
603
403
499
456
390
295
313
347
399
448
461
458
333
343
401
372
440
380
311
438
275
352
586
281
601
347
295
338
554
714
338
388
402
299
277
529
381
420
339
413
592
426
360
402
324
562
352
363
461
328
607
285
313
237
646
330
636
307
506
328
536
528
327
465
317
256
321
313
513
339
387
333
280
442
393
575
385
333
463
268
419
383
474
362
333
435
544
456
297
404
452
334
318
270
273
280
288
585
531
399
338
264
280
370
300
283
361
467
311
495
320
313
330
247
788
306
294
275
279
294
327
383
336
358
306
208
291
302
323
300
324
271
306
384
263
306
275
249
383
261
281
264
294
287
255
382
260
308
347
306
328
397
291
422
310
293
319
444
423
263
262
444
320
377
400
274
293
297
276
436
318
267
238
308
279
351
295
326
427
396
258
438
287
427
330
235
423
335
267
233
247
390
342
309
318
246
433
362
262
295
253
455
241
236
393
299
334
316
345
270
254
248
235
220
285
257
432
318
241
277
255
266
349
263
291
410
266
265
238
254
260
225
311
419
250
272
266
304
786
339
279
288
315
305
330
316
218
310
322
383
219
269
305
254
338
308
296
262
352
223
271
295
283
243
253
319
229
557
253
297
367
234
344
187
367
306
332
255
205
251
232
455
235
239
244
324
245
284
288
337
396
256
244
244
686
334
315
289
353
231
388
302
290
216
306
268
260
356
304
286
267
221
273
205
340
267
281
267
283
356
211
334
292
210
196
225
250
246
256
285
335
271
268
442
201
255
259
343
226
257
216
267
389
236
481
186
280
261
236
351
369
333
328
264
251
297
453
217
259
288
269
237
300
246
337
294
281
252
288
373
280
237
359
258
307
329
209
266
247
244
420
280
302
245
220
387
241
377
306
281
259
270
312
285
276
391
420
347
292
289
193
289
280
283
259
510
237
366
303
269
284
196
294
274
286
227
202
205
331
303
180
191
284
299
331
336
251
312
295
294
540
258
272
246
353
295
222
294
346
320
225
293
250
282
240
259
218
250
284
293
164
227
221
252
276
224
198
227
211
362
223
233
190
284
216
219
403
269
345
280
281
235
196
211
217
300
337
234
314
206
218
458
360
210
248
259
266
314
227
246
185
212
239
237
458
277
377
270
282
356
180
219
216
212
223
227
201
188
263
292
230
261
106
245
184
285
358
235
226
251
160
285
271
336
212
246
220
276
104
376
291
228
229
248
281
305
494
254
283
229
200
205
259
267
230
305
295
220
301
196
308
212
201
139
228
246
190
302
243
252
351
269
407
191
218
288
226
246
194
193
442
188
204
223
246
199
427
181
347
293
232
240
250
269
341
201
248
290
288
167
198
252
203
294
289
336
192
299
222
185
228
223
290
218
312
257
228
217
291
270
576
217
246
102
178
203
292
315
646
270
206
213
262
231
145
192
259
172
206
225
200
257
151
226
286
239
182
254
247
193
245
298
240
483
202
201
289
208
193
105
199
231
363
245
295
434
105
199
182
394
224
288
244
376
222
272
195
192
277
237
184
235
216
184
310
234
230
211
233
101
277
202
162
186
192
250
275
198
171
250
221
237
196
191
220
180
119
196
277
263
210
216
186
292
187
116
258
268
187
176
220
198
226
219
188
231
176
231
202
235
218
248
229
210
240
197
213
204
163
262
252
198
541
212
215
200
214
225
241
188
209
200
615
188
197
184
219
318
275
199
273
198
240
217
258
274
255
201
176
179
196
287
171
240
176
213
593
210
209
201
251
190
376
184
202
116
206
314
218
233
235
271
456
241
365
186
453
242
177
184
297
334
215
247
203
267
242
245
272
210
247
220
238
194
376
97
320
253
190
244
708
194
216
175
251
189
260
376
376
177
164
269
252
155
230
217
376
209
204
237
736
188
179
201
202
213
148
193
178
297
273
411
234
221
206
265
194
202
387
216
197
211
197
202
187
177
213
279
195
174
274
141
195
158
195
229
160
111
307
217
225
105
168
208
209
155
164
231
139
231
229
227
183
175
218
223
234
231
186
268
221
183
214
206
190
183
191
178
184
347
275
168
250
205
226
196
207
370
192
231
215
196
171
283
376
176
159
139
165
211
157
198
226
133
216
786
192
184
376
211
171
332
221
231
419
270
275
189
197
212
136
231
487
296
190
257
376
200
232
152
305
162
141
244
160
197
246
180
137
189
202
175
221
376
226
130
171
169
341
119
175
118
249
261
193
185
570
101
247
137
232
169
187
162
188
181
189
152
169
164
180
152
182
192
145
282
202
178
165
151
376
195
219
167
166
156
245
295
193
177
97
211
144
184
376
376
97
177
180
161
109
491
212
173
376
231
199
332
405
181
109
230
193
376
141
142
257
148
147
188
160
107
389
293
106
247
187
199
170
376
164
376
508
116
184
293
169
198
179
189
175
176
142
313
200
176
376
138
375
98
219
120
179
207
292
163
111
327
234
195
181
205
376
376
135
155
376
264
197
187
270
96
376
190
100
143
100
195
200
104
153
183
376
206
182
154
376
138
190
185
176
147
156
157
315
158
149
185
151
162
155
376
376
175
303
185
156
212
313
143
134
376
182
217
196
195
203
376
376
185
171
169
376
121
161
206
123
178
236
94
376
159
184
185
292
376
96
151
155
119
376
189
189
133
160
376
94
376
376
225
181
199
106
376
192
376
185
222
165
97
99
184
199
376
138
213
195
120
118
122
189
209
173
376
170
210
376
272
238
376
193
175
123
191
195
140
207
615
162
166
165
175
161
253
166
184
191
192
95
195
195
142
149
172
191
165
227
223
256
98
145
376
199
227
180
95
108
376
176
376
191
137
132
376
200
112
199
176
161
190
341
176
108
376
160
376
216
168
376
125
376
94
191
376
187
108
376
190
221
99
151
376
117
376
101
152
376
164
187
185
136
376
321
139
376
168
118
227
376
185
376
232
376
139
124
376
138
148
181
176
98
158
376
169
99
376
150
120
167
170
206
130
133
121
160
154
376
128
171
127
191
376
163
376
376
140
164
182
151
376
189
376
193
178
141
376
179
148
376
376
597
376
184
95
376
122
96
246
636
376
376
159
179
125
210
172
197
376
165
173
105
376
128
376
103
138
197
94
132
376
103
376
376
376
225
171
176
231
376
152
376
376
210
376
204
147
376
376
129
107
133
162
159
376
147
376
159
376
94
127
376
376
109
376
376
376
148
135
127
376
153
136
116
126
376
162
128
376
376
376
176
134
135
376
149
222
376
114
180
145
168
376
145
376
376
229
160
131
164
376
376
94
159
194
453
376
376
159
168
376
143
376
205
136
376
161
149
223
376
176
376
213
376
115
376
175
376
376
376
376
152
376
106
376
187
108
166
376
245
159
136
376
174
107
376
177
195
166
118
376
179
167
376
143
174
162
162
376
376
165
376
134
376
376
376
376
376
127
376
107
132
376
173
132
135
151
211
376
376
149
376
376
376
176
376
94
132
376
180
146
99
170
154
161
376
376
376
149
376
376
137
376
376
376
376
144
188
147
99
143
376
376
182
180
94
382
376
169
173
376
96
176
165
98
376
376
117
96
187
376
376
376
178
376
376
116
103
376
376
189
376
376
376
157
109
376
376
193
99
104
376
376
141
376
223
376
203
101
376
376
94
376
376
376
154
376
376
376
119
376
117
143
376
201
376
376
376
184
376
376
131
102
376
101
376
172
376
97
185
242
177
109
142
141
94
376
376
376
175
376
109
376
180
376
147
300
166
376
376
133
161
157
376
376
376
376
376
148
145
184
376
129
111
376
376
107
146
197
108
376
177
376
376
376
110
119
376
168
376
376
121
145
198
376
192
101
376
376
376
376
376
182
376
376
376
123
376
376
245
114
376
376
160
376
376
94
165
284
124
104
376
376
376
376
154
376
376
376
376
376
376
376
133
149
376
376
376
376
134
376
376
376
376
376
376
154
376
376
376
376
376
376
376
376
376
376
376
376
376
376
376
132
376
136
153
376
118
376
159
376
95
376
376
376
121
376
376
376
376
376
112
376
376
94
376
138
376
163
376
376
376
146
376
171
376
376
94
95
95
376
376
376
376
113
243
186
376
151
376
376
376
376
376
376
376
124
376
376
376
376
376
108
376
376
111
376
376
376
376
376
376
376
376
376
376
102
150
376
98
376
376
376
376
376
135
376
376
212
101
94
376
95
376
376
376
376
376
376
376
376
376
99
132
376
376
376
192
376
107
139
376
94
120
376
182
202
376
376
376
376
376
127
105
376
376
178
376
376
376
376
376
376
376
376
376
376
169
376
187
94
376
376
376
100
376
376
190
141
376
376
376
376
376
157
134
376
376
376
376
376
113
376
376
376
376
158
376
376
376
376
376
376
376
376
376
109
376
148
376
376
376
376
379
376
376
110
376
376
376
145
376
376
376
376
153
376
117
376
376
164
376
376
193
376
376
98
376
138
376
118
376
376
101
376
134
191
99
376
376
376
129
178
376
116
94
376
376
376
376
376
376
189
94
102
376
376
376
376
376
376
94
376
376
376
376
376
376
376
376
376
376
376
376
376
376
376
376
376
376
111
376
376
376
124
116
376
376
163
376
376
143
376
376
376
157
127
376
141
376
376
376
376
139
376
376
376
376
149
376
376
376
376
376
376
97
376
376
376
376
102
108
376
376
376
376
163
376
376
376
376
376
376
376
376
376
376
376
376
376
376
376
376
376
376
376
332
376
376
136
376
376
376
376
161
376
106
376
116
376
376
376
376
376
376
376
376
376
107
376
376
376
376
376
376
376
376
376
376
686
376
376
376
376
96
376
376
376
376
376
376
376
376
376
227
153
376
147
376
122
111
376
170
376
376
101
376
376
376
376
376
376
376
376
376
376
376
141
376
161
376
376
129
376
376
132
376
376
131
106
376
376
376
376
121
376
376
376
376
376
376
376
376
376
376
104
376
187
376
376
376
376
136
376
376
376
111
162
376
376
376
376
376
376
376
376
376
376
376
376
103
376
376
376
376
376
376
376
376
376
376
194
376
253
376
376
376
376
376
376
102
376
376
376
376
376
376
97
376
376
376
376
376
376
376
413
376
376
376
376
376
105
376
376
376
376
376
376
143
215
376
376
376
376
121
376
376
376
376
123
173
376
376
376
376
376
376
376
376
376
376
376
376
163
376
376
376
97
376
376
376
376
376
376
376
376
263
376
160
376
376
376
376
376
376
376
376
376
376
376
376
157
376
376
376
376
376
376
376
376
376
376
376
376
376
376
376
376
164
376
376
376
376
227
376
376
376
376
376
376
376
376
376
376
376
376
376
376
376
376
376
376
376
376
376
376
376
376
376
376
103
376
376
376
376
376
376
376
376
376
376
376
376
376
376
376
376
376
287
376
376
376
376
376
376
376
376
376
376
376
376
376
376
101
376
376
376
376
376
376
376
376
94
376
376
376
376
376
376
376
95
203
376
376
108
376
376
376
376
376
376
376
376
376
100
376
376
376
376
376
376
376
376
376
376
124
376
376
376
376
376
376
376
376
376
122
376
376
376
376
376
376
376
376
376
376
376
376
376
376
376
376
376
376
376
376
376
243
376
376
120
376
376
376
376
376
376
376
376
376
376
376
376
376
376
376
376
376
376
376
376
376
376
376
376
376
376
376
376
376
376
376
376
376
376
376
376
99
376
376
376
376
376
376
376
376
376
376
376
376
376
376
376
557
376
376
376
376
376
376
118
376
376
376
376
376
376
131
118
376
106
376
111
376
376
376
376
376
376
376
376
376
376
376
376
376
376
376
376
376
376
376
376
376
376
376
376
376
376
376
376
376
376
376
376
376
376
376
376
376
376
376
376
376
376
376
376
376
376
376
376
376
376
376
376
376
376
376
376
376
94
376
376
376
376
376
376
376
120
94
376
376
376
376
376
376
376
376
120
376
376
376
376
376
376
376
376
376
376
376
376
133
376
376
376
376
376
376
376
376
376
376
376
376
376
376
376
376
376
376
376
376
376
376
376
376
376
376
376
376
376
376
376
376
376
157
376
376
376
376
376
376
376
376
376
376
376
376
376
376
376
94
376
376
376
376
376
376
107
376
376
376
376
376
376
376
376
376
376
376
376
376
376
376
376
376
376
376
376
376
376
376
376
376
136
376
376
376
376
376
376
376
376
376
376
376
376
95
376
376
376
376
376
100
376
376
376
376
376
376
376
376
376
160
376
376
376
376
376
376
553
376
376
376
376
376
376
376
376
103
376
376
376
376
376
376
376
376
376
376
376
376
376
376
376
376
376
376
376
376
376
376
376
376
110
376
376
376
376
376
376
376
376
376
376
376
376
376
376
376
376
376
376
376
376
376
376
376
376
376
376
376
376
376
376
143
376
376
376
376
109
376
376
376
376
376
376
376
376
376
376
376
376
376
376
376
376
376
376
376
376
376
376
376
376
376
376
376
376
376
376
376
376
376
376
376
376
376
376
376
376
376
376
376
376
376
376
376
376
376
376
376
376
442
376
376
376
376
376
376
376
376
376
376
376
376
376
376
192
376
376
376
376
376
376
376
376
376
376
376
376
376
376
376
376
376
376
336
376
376
376
376
376
376
376
376
376
376
376
376
376
376
376
376
376
376
376
376
376
376
376
376
376
376
376
376
376
376
376
376
376
161
376
376
376
376
112
376
376
376
376
376
376
376
376
376
376
376
376
376
376
376
376
376
376
95
376
376
376
376
376
376
376
376
376
376
376
376
376
376
376
376
376
376
376
376
376
376
376
376
170
376
376
376
376
376
376
376
376
376
376
376
376
376
754
376
376
376
376
376
376
376
376
376
376
376
376
376
376
376
376
376
376
376
376
376
376
376
124
376
101
376
376
205
376
376
376
376
376
376
376
376
400
376
376
376
376
376
376
376
376
376
376
376
376
376
376
376
376
376
376
376
376
376
376
376
376
376
376
376
376
376
376
376
376
376
376
376
370
376
376
376
376
376
376
376
376
376
376
376
376
376
376
376
376
376
376
376
376
376
376
376
376
376
376
376
376
376
376
376
376
376
376
376
376
376
376
376
376
376
376
376
376
376
376
376
376
376
376
376
376
376
376
376
376
376
376
376
376
376
376
376
376
376
376
376
376
376
376
376
376
376
376
145
376
376
376
376
376
376
376
376
376
376
376
376
376
376
376
376
376
376
376
376
376
376
376
376
376
376
376
376
376
376
376
376
376
376
376
376
376
376
376
376
376
376
376
376
376
376
376
376
376
376
376
376
376
376
376
376
376
376
376
376
376
376
376
376
376
376
376
376
376
376
376
376
376
376
376
376
376
376
376
376
376
609
376
376
376
376
376
376
376
376
607
376
376
376
376
376
376
376
376
376
376
376
376
376
376
714
376
376
376
376
376
376
376
376
97
376
376
376
376
376
376
376
376
376
376
376
376
376
376
376
376
376
376
376
376
376
376
376
376
376
376
376
376
376
376
376
376
376
376
376
376
376
376
376
376
376
376
376
376
376
376
376
376
376
376
376
376
458
376
376
376
376
376
376
376
376
376
376
376
376
376
376
376
376
376
376
376
376
376
376
376
376
376
376
376
376
376
376
376
376
376
376
376
376
376
376
376
376
376
376
376
376
376
376
376
376
376
376
376
376
376
376
376
376
376
376
376
376
376
376
376
376
376
376
376
376
376
376
376
376
376
376
376
376
376
376
376
376
376
376
376
376
376
376
376
376
376
376
376
376
376
376
376
376
376
376
376
376
376
376
376
376
376
376
376
376
376
376
376
376
376
376
376
376
376
376
376
376
376
376
376
376
376
376
376
376
376
376
376
376
376
376
376
376
376
376
376
376
376
376
376
376
376
376
376
376
376
376
376
376
376
376
376
376
376
376
376
376
376
376
376
376
570
376
376
376
376
376
376
376
376
376
94
376
376
376
376
376
376
376
376
376
376
376
376
376
376
376
376
376
376
376
376
376
376
376
376
376
376
376
376
376
376
376
376
376
376
376
376
376
376
376
376
376
376
376
376
376
376
376
376
376
376
376
376
376
376
376
376
376
376
376
376
376
376
376
376
376
376
376
376
376
376
376
376
376
376
376
376
376
376
376
376
376
376
376
376
376
376
376
376
376
376
376
376
376
376
376
376
376
376
376
376
376
376
376
376
376
376
376
376
376
376
376
376
376
376
376
376
376
376
376
376
376
376
376
376
376
376
376
376
376
376
376
376
376
376
376
376
376
376
376
376
376
376
376
376
376
376
376
376
376
376
376
376
376
376
376
376
376
376
376
376
376
376
376
376
376
376
376
376
376
376
376
376
376
376
376
376
376
376
376
376
376
376
376
376
376
376
376
376
376
376
376
376
376
376
376
376
376
376
376
376
376
376
376
376
376
376
376
376
376
376
376
540
376
376
376
376
376
376
376
376
376
376
376
376
376
376
376
376
376
376
376
376
376
376
376
376
376
376
376
376
376
376
376
376
376
376
376
376
376
376
376
376
376
376
376
376
376
376
376
376
376
376
376
376
376
376
376
376
376
376
376
376
376
376
376
376
376
376
376
376
376
376
376
615
376
376
376
376
376
376
376
376
376
376
376
376
376
376
376
376
376
376
376
376
376
376
376
376
376
376
376
376
376
376
376
376
376
376
376
376
376
376
376
376
376
376
376
376
376
376
376
376
376
376
376
376
376
376
376
376
376
376
376
376
376
376
376
376
376
376
376
376
376
376
376
376
376
376
376
376
376
376
376
376
376
376
376
376
376
376
376
376
376
376
376
376
376
376
376
376
376
376
376
376
376
376
376
376
376
376
376
376
376
376
376
376
788
376
376
376
376
376
376
376
376
376
376
376
376
376
376
376
376
376
376
376
376
376
376
376
376
376
376
376
376
376
376
376
376
376
376
376
376
376
376
376
376
376
376
376
376
376
376
376
376
376
376
376
376
376
376
376
376
376
376
376
376
376
376
376
376
376
376
376
376
376
376
376
376
376
376
376
376
376
376
376
376
376
376
376
376
376
376
376
376
376
376
376
376
376
376
376
376
376
376
203
376
376
376
376
376
376
376
376
376
376
376
376
376
376
376
376
376
376
376
376
376
376
376
376
376
376
376
376
376
376
376
376
376
376
376
376
376
376
376
376
376
376
376
376
376
376
376
376
376
376
376
376
376
376
376
376
376
376
376
376
376
376
376
376
376
376
376
376
465
376
376
376
376
376
376
376
376
376
376
376
376
376
376
376
376
376
376
376
376
376
376
376
376
376
376
376
376
376
376
376
376
376
376
376
376
376
376
376
376
376
376
376
376
376
376
376
376
376
376
376
376
376
376
376
376
376
376
376
376
376
376
376
376
376
376
376
376
376
376
376
376
376
376
376
376
376
376
376
376
376
376
376
376
376
376
376
376
376
376
376
376
376
376
376
376
376
376
376
376
376
376
376
376
376
376
376
376
376
376
376
376
376
376
376
376
376
376
376
376
376
376
376
376
376
376
376
376
376
376
376
376
376
376
376
376
376
376
376
376
376
376
376
376
376
376
376
376
376
376
376
376
376
376
376
376
376
376
376
376
376
376
376
376
376
376
376
376
376
376
376
376
376
376
376
376
376
376
376
376
376
376
376
376
376
376
376
376
376
376
376
376
376
376
376
376
376
376
376
376
376
376
376
376
376
376
376
376
376
376
376
376
376
376
376
376
376
376
376
376
487
376
376
376
376
376
376
376
376
376
376
376
376
376
376
376
376
376
376
376
376
376
376
376
376
376
376
376
376
376
376
376
376
376
376
376
376
376
376
376
376
376
376
376
376
376
376
376
376
376
376
376
376
376
376
376
376
376
376
376
376
376
376
376
376
376
376
376
376
376
376
376
376
376
376
376
376
376
376
376
376
376
376
376
376
376
376
376
376
376
376
376
376
376
376
376
376
376
376
376
376
376
376
376
376
376
376
376
376
376
376
376
376
376
376
376
376
376
376
376
376
376
376
376
376
376
376
376
376
376
376
376
376
376
376
376
376
376
376
376
376
376
376
376
376
376
376
376
376
376
376
376
376
376
376
376
376
376
376
376
376
376
376
376
376
376
376
376
376
376
376
376
376
376
376
376
376
376
376
376
376
376
376
376
376
376
376
376
376
376
376
376
376
376
376
376
376
376
376
376
376
376
376
376
376
376
376
376
376
376
376
376
376
376
376
376
376
376
376
376
376
376
376
376
376
376
376
376
376
376
376
376
376
376
376
376
376
376
376
376
376
376
376
376
376
376
376
376
376
376
376
376
376
376
376
376
376
376
376
376
376
376
376
376
376
376
376
376
376
376
376
376
376
376
376
376
376
376
376
376
376
376
376
376
376
376
376
376
376
376
376
376
376
376
376
376
376
376
376
376
376
376
376
376
376
376
376
376
376
376
376
376
376
376
376
376
376
376
376
376
376
376
376
376
376
376
376
376
376
376
376
376
376
376
376
376
376
376
376
376
376
376
376
376
376
376
376
376
376
376
376
376
376
376
376
376
376
376
376
376
376
376
376
376
376
376
376
376
376
376
376
376
376
376
376
376
376
376
376
376
376
376
376
376
376
376
376
376
376
376
376
376
376
376
376
376
376
376
376
376
376
376
376
376
376
376
376
376
376
376
376
376
376
376
376
376
376
376
376
376
376
376
376
376
376
376
376
376
376
376
376
376
376
376
376
376
376
376
376
376
376
376
376
376
376
376
376
376
376
376
376
376
187
376
376
376
376
376
376
376
376
376
376
376
376
376
376
376
376
376
376
376
376
376
376
376
376
376
376
376
376
376
376
376
376
376
376
376
376
376
376
376
376
376
376
376
376
376
376
376
376
376
376
376
376
376
376
376
376
376
376
376
376
376
376
376
376
376
376
376
376
376
601
376
376
376
376
376
376
376
376
376
376
376
376
376
376
376
376
376
376
376
376
376
376
376
376
376
376
376
376
376
376
376
376
376
376
376
376
376
376
376
376
376
376
376
376
376
376
376
376
376
376
376
376
376
376
376
376
376
376
376
376
376
376
376
376
376
376
376
376
376
376
376
376
376
376
376
376
376
376
376
376
376
376
376
376
376
376
376
376
376
376
376
376
376
376
376
376
376
376
376
376
376
376
376
376
376
376
376
376
376
376
376
376
376
376
376
376
376
376
376
376
376
376
376
376
376
376
376
376
376
376
376
376
376
376
376
376
376
376
376
376
376
376
376
376
376
376
376
376
376
376
376
376
376
376
376
376
376
376
376
376
376
376
376
376
376
376
376
376
376
376
376
376
376
376
376
376
376
376
376
376
376
376
376
376
376
376
376
376
376
376
376
376
376
376
376
376
376
376
376
376
376
376
376
376
376
376
376
376
376
376
376
376
376
376
376
376
376
376
376
376
376
376
376
376
376
376
376
376
376
376
376
376
376
376
376
376
376
376
376
376
376
376
376
376
376
376
376
376
376
376
376
376
376
376
376
376
376
376
376
376
376
376
376
376
376
376
376
376
376
376
376
376
376
376
376
376
376
376
376
376
376
376
376
376
376
376
376
376
376
376
376
376
376
376
376
376
376
376
376
376
376
376
376
376
376
376
376
376
376
169
376
376
376
376
376
399
376
376
376
376
376
376
376
376
376
376
376
376
376
376
376
376
376
376
376
376
376
376
376
376
376
376
376
376
376
376
376
376
376
376
376
376
376
376
376
376
376
376
376
188
376
376
376
376
376
376
376
376
376
376
376
376
376
376
376
376
376
376
376
376
376
376
376
376
376
376
376
376
376
376
376
376
376
376
376
376
376
615
376
376
376
376
376
376
376
376
376
376
376
376
376
376
376
376
376
376
376
376
376
376
376
376
376
376
376
376
376
376
376
376
376
376
376
376
376
376
376
376
376
376
376
376
376
376
376
376
376
376
376
376
376
376
376
376
376
376
376
376
376
376
376
376
376
376
376
376
376
376
376
376
376
376
376
376
376
376
376
376
376
376
376
376
376
376
376
376
376
376
376
376
376
376
376
376
376
376
376
376
376
376
376
376
376
376
376
376
376
376
376
376
376
376
376
376
376
376
376
376
376
376
376
376
376
376
376
376
376
376
376
376
376
376
376
376
376
376
376
376
376
376
376
376
376
376
376
376
376
376
376
376
376
376
376
376
376
376
376
376
376
376
376
376
376
376
376
376
376
376
376
376
376
376
376
376
376
376
376
376
376
376
376
376
376
376
376
376
376
376
376
376
376
376
376
376
376
376
376
376
376
376
376
376
376
376
376
376
376
376
376
376
376
376
376
376
376
376
376
376
376
376
376
376
376
376
376
376
376
376
376
376
376
376
376
376
376
376
376
376
376
376
376
376
376
376
376
376
376
376
376
376
376
376
376
376
376
376
376
376
376
376
376
376
376
376
376
376
376
376
376
376
376
376
376
376
376
376
376
376
376
376
376
376
376
376
376
376
376
376
376
376
376
376
376
376
376
376
376
376
376
376
376
376
376
376
376
376
376
376
376
376
376
376
376
376
376
376
376
376
376
376
376
376
376
376
376
376
376
376
376
376
376
376
376
376
376
376
376
376
376
376
376
376
376
376
376
376
376
376
376
376
376
376
376
376
376
376
376
376
376
376
376
376
376
376
376
376
376
376
376
376
376
376
376
376
376
234
376
376
376
376
376
376
376
376
376
376
376
376
376
376
376
376
376
376
376
376
376
376
376
376
376
376
376
376
376
376
376
376
376
376
376
376
376
376
376
376
376
376
376
376
376
376
376
376
376
376
376
376
376
376
376
376
376
376
376
376
376
376
376
376
376
376
376
376
376
376
376
376
376
376
376
376
376
376
376
376
376
376
376
376
376
376
376
376
376
376
376
376
376
376
376
376
376
376
376
376
376
376
376
376
376
376
376
376
376
376
376
376
376
376
376
376
376
376
376
376
376
376
376
376
376
376
376
376
376
376
376
376
376
376
376
376
376
376
376
376
376
376
376
376
376
376
376
376
376
376
376
376
376
376
376
376
376
376
376
376
376
376
376
376
376
376
376
376
376
376
376
376
376
376
376
376
376
376
376
376
376
376
376
376
376
376
376
376
376
376
376
376
376
376
376
376
376
376
376
376
376
376
376
376
376
376
376
376
376
376
376
376
376
376
376
376
376
376
376
376
376
376
376
376
376
376
376
376
376
376
376
376
376
376
376
376
376
376
376
376
376
376
376
376
376
376
376
376
376
376
376
376
376
376
376
376
376
376
376
376
376
376
376
376
376
376
376
376
376
376
376
376
376
376
376
376
376
376
376
376
376
376
376
376
376
376
376
376
376
376
376
376
376
184
376
376
376
376
376
376
376
376
376
376
376
376
376
376
376
376
376
376
376
376
376
376
376
376
376
376
376
376
376
376
376
376
376
376
376
376
376
376
376
376
376
376
376
376
376
376
376
376
376
376
376
376
376
376
376
376
376
376
376
376
376
376
376
376
376
376
376
376
376
376
376
376
376
376
376
376
376
376
376
376
376
376
376
376
376
376
376
376
376
376
376
376
376
376
376
376
376
376
376
376
376
376
376
376
