572
463
313
380
308
377
307
262
594
329
257
425
556
341
294
365
270
272
276
596
299
307
294
325
489
263
250
277
298
318
300
479
271
213
277
433
438
246
300
339
242
242
258
258
432
221
242
425
280
228
314
230
310
296
274
233
270
216
290
308
315
274
255
325
360
324
280
282
241
327
328
351
286
377
306
209
462
308
501
496
319
286
288
298
266
362
276
213
226
272
222
241
226
360
312
299
250
442
233
267
240
216
371
279
240
280
234
208
250
246
278
299
217
260
280
235
170
258
254
307
254
242
242
212
222
256
263
245
239
347
267
267
225
407
284
251
198
235
233
214
282
294
249
336
325
307
242
293
190
215
261
405
233
264
178
251
430
269
201
204
247
234
252
212
228
229
391
212
209
201
192
237
229
557
263
275
247
269
247
228
223
176
216
208
240
248
294
294
206
227
269
239
244
219
251
279
221
342
199
326
282
251
307
213
232
276
214
242
243
198
241
325
268
312
213
239
205
220
368
203
205
288
213
206
245
200
233
230
236
229
243
208
246
217
285
191
252
234
278
206
253
248
219
207
165
223
215
214
193
225
186
366
177
206
209
194
181
349
349
205
396
247
297
216
412
249
173
621
214
272
208
237
205
181
193
250
347
308
222
347
291
173
164
262
190
372
205
198
214
176
209
197
226
200
86
246
161
681
210
269
178
297
266
217
225
200
188
235
214
205
195
204
290
751
192
119
215
160
171
187
182
175
155
189
174
232
213
199
172
258
180
201
237
175
227
193
281
278
238
195
216
340
184
197
184
231
172
198
168
177
226
258
160
171
221
210
432
217
289
162
210
318
175
350
190
219
178
164
362
187
335
172
226
385
195
257
324
200
197
202
168
116
249
179
176
223
199
282
220
219
162
179
751
447
162
166
172
211
198
186
194
181
197
255
189
319
210
228
232
161
192
213
209
168
92
187
167
138
199
161
293
186
198
548
172
246
186
194
202
189
163
170
324
161
196
207
191
188
277
208
159
183
213
173
176
746
365
191
201
214
175
206
180
182
285
317
204
445
174
275
228
163
231
185
180
219
161
235
187
157
125
407
216
461
461
152
152
161
191
150
164
185
163
204
224
195
81
162
183
212
161
86
352
154
145
129
163
162
214
162
195
174
118
289
160
187
175
198
141
174
155
212
375
202
176
179
152
359
157
143
257
148
246
221
181
176
152
193
308
160
172
184
178
199
177
160
85
195
199
324
177
166
204
184
161
192
134
185
183
316
230
151
201
171
295
186
157
160
205
128
287
165
203
113
146
324
172
185
200
148
161
162
158
143
187
223
150
154
176
457
259
201
276
324
139
201
182
170
180
232
166
173
324
226
158
324
173
125
152
140
197
154
141
210
149
159
141
161
148
183
365
178
122
110
130
173
126
252
184
157
253
208
178
170
277
161
170
110
264
98
143
116
104
136
141
148
132
198
111
149
90
152
149
136
175
166
462
129
171
219
164
140
154
231
105
181
141
182
133
297
143
123
392
81
138
177
298
113
175
324
165
176
127
147
110
145
204
121
158
118
189
124
166
116
180
169
162
161
153
142
123
113
181
148
172
144
160
141
384
123
174
188
158
143
185
81
347
154
163
154
114
152
324
101
129
158
176
182
181
331
115
207
139
131
119
180
129
746
190
126
256
162
168
191
324
100
102
220
101
83
118
137
106
324
196
129
106
122
157
152
199
153
81
123
115
162
122
153
109
135
115
324
181
93
164
124
131
122
324
140
192
87
102
135
132
122
149
182
148
174
130
212
127
324
180
324
127
144
324
131
108
147
136
187
324
222
204
120
324
98
99
260
324
324
202
158
97
153
145
155
324
324
139
184
350
145
181
324
178
151
121
324
146
127
164
113
324
324
155
324
117
324
324
100
324
324
167
130
324
156
324
324
138
172
135
95
141
128
113
121
272
167
324
176
188
275
324
324
324
164
97
151
151
136
136
153
198
257
135
151
324
124
174
131
155
98
130
120
324
138
190
102
324
167
100
156
162
103
323
87
144
199
324
280
109
324
324
324
324
122
145
144
116
131
324
237
93
200
169
91
324
114
324
138
324
324
324
158
324
91
336
324
324
324
254
93
120
324
324
81
324
99
324
158
324
85
130
115
212
143
140
324
491
115
140
403
157
168
136
154
324
324
133
324
324
324
89
324
119
84
262
324
140
324
324
324
138
159
324
143
131
151
82
324
324
138
150
106
175
324
153
110
324
324
117
169
324
324
324
116
85
112
125
324
324
324
177
324
324
324
602
81
144
324
324
324
324
86
96
132
324
126
324
140
324
324
85
204
96
324
187
92
324
154
322
141
123
324
196
324
93
87
154
324
324
324
176
121
100
324
137
159
324
324
324
148
324
164
324
324
324
119
85
324
324
324
122
324
324
113
88
195
324
324
143
324
324
232
81
324
131
324
324
132
324
324
135
324
86
121
324
102
86
324
324
324
324
324
83
324
324
324
91
324
324
121
120
133
324
116
213
86
140
108
114
120
130
324
133
324
150
116
107
324
81
324
324
324
324
530
92
324
324
324
324
123
92
324
324
113
324
324
160
137
324
324
324
324
100
90
324
224
324
324
324
324
324
324
324
82
94
324
324
235
99
324
177
106
324
324
324
324
324
324
324
324
100
324
97
324
324
110
114
324
324
95
324
324
108
95
83
324
161
324
81
324
324
324
162
324
324
171
324
113
324
145
324
360
324
324
169
324
324
324
324
324
92
324
324
324
324
324
91
145
125
324
324
175
324
324
324
337
324
324
324
324
101
324
324
324
98
324
324
87
192
324
324
324
324
324
145
324
324
324
324
132
324
136
324
324
324
162
324
324
324
324
100
324
324
324
95
324
91
324
324
168
324
324
324
324
82
324
324
324
324
91
324
324
324
109
324
324
324
107
324
324
324
324
324
324
324
324
140
324
324
324
324
324
219
324
324
324
324
324
100
96
324
98
105
324
324
324
324
324
324
324
324
324
324
115
324
324
324
324
81
125
324
324
324
324
107
324
324
88
324
324
324
324
324
324
324
324
324
324
324
324
324
324
94
324
324
114
324
324
324
324
324
152
324
86
81
100
324
324
324
324
324
324
324
81
324
324
324
141
324
324
81
123
324
324
82
324
324
324
324
324
324
324
324
324
324
324
324
324
324
324
324
88
324
90
82
324
324
324
324
324
324
324
324
324
324
324
86
87
324
324
324
324
324
324
324
324
324
324
324
324
324
324
324
84
324
324
324
324
324
96
324
324
324
324
324
324
324
324
324
324
324
324
324
324
324
324
324
324
142
324
146
324
324
324
324
324
324
142
324
324
324
324
115
324
324
252
324
324
324
461
324
324
324
324
86
324
83
324
324
138
324
154
324
324
121
136
324
324
324
324
324
324
324
324
83
324
324
324
324
324
324
324
324
324
324
324
324
324
324
324
324
324
324
112
324
324
324
324
324
324
324
324
324
324
324
324
324
115
324
324
324
324
324
324
324
324
324
324
324
324
324
324
324
324
324
324
324
324
324
324
324
324
324
324
324
324
324
324
324
324
324
105
324
324
324
324
324
324
324
324
324
324
324
324
324
324
324
324
324
324
324
324
324
324
159
118
324
324
324
324
324
324
324
324
180
324
324
324
131
324
324
324
324
324
324
324
324
109
107
324
324
324
324
324
324
324
324
324
324
324
324
324
324
324
324
324
324
324
324
324
324
324
324
324
324
324
169
324
324
324
324
324
324
324
324
324
324
324
324
324
324
324
324
324
324
324
324
324
324
324
324
324
324
324
324
324
324
324
324
324
324
324
324
324
324
324
324
324
324
324
324
324
324
127
324
324
324
324
324
324
324
324
324
324
324
324
324
324
324
324
324
324
324
324
324
324
93
324
324
324
324
324
324
324
324
140
324
324
324
324
138
324
324
324
324
324
324
324
324
324
324
324
81
253
324
324
324
324
324
324
324
324
324
91
324
324
324
324
324
324
324
324
324
324
324
324
324
324
324
324
324
324
324
324
324
324
324
324
324
324
324
324
324
147
108
324
324
324
324
324
324
324
99
324
324
324
324
324
324
324
324
84
324
324
324
324
324
324
324
110
324
324
324
324
324
324
324
324
102
324
324
324
324
324
324
324
324
324
324
196
324
324
324
324
324
324
324
324
324
324
324
324
324
324
324
324
324
324
324
324
324
324
324
324
681
324
324
324
324
324
324
324
324
324
324
324
324
324
324
324
324
324
324
324
324
324
324
324
324
324
324
143
324
137
324
324
324
324
410
324
324
324
324
324
324
324
324
324
324
324
324
324
324
324
324
324
324
324
324
324
324
324
324
324
324
324
324
324
324
324
324
324
324
324
324
324
324
324
324
324
324
324
324
324
324
324
324
324
324
324
324
324
324
324
324
324
324
324
324
324
324
324
324
324
324
324
324
324
324
324
324
121
324
324
324
324
324
324
324
324
324
324
324
324
324
324
324
324
324
324
324
324
324
324
324
324
324
324
324
324
324
324
324
324
324
105
324
324
324
324
324
324
324
324
324
324
324
324
324
324
324
324
324
324
324
324
324
324
324
324
324
324
324
324
324
324
324
324
324
324
324
324
324
324
324
324
324
324
84
324
324
324
324
324
324
324
324
324
324
324
324
324
324
120
324
324
324
324
101
324
324
324
324
324
324
324
324
324
324
324
324
324
324
324
324
324
324
324
324
324
324
324
324
324
324
324
324
324
324
324
324
324
324
324
324
324
324
324
324
324
324
324
324
324
324
324
324
324
324
324
324
324
324
324
324
324
324
324
324
324
324
324
324
324
324
324
324
324
324
324
324
324
324
324
324
324
324
324
324
324
324
324
324
324
324
324
81
324
324
324
324
324
324
324
324
324
324
324
324
324
324
324
324
324
324
324
324
324
324
324
324
324
324
324
324
324
324
324
324
324
324
324
324
324
324
324
324
324
324
324
324
324
324
324
324
324
324
324
324
324
324
324
324
324
324
324
324
324
324
324
324
324
324
324
324
324
324
324
324
324
324
324
324
324
324
324
324
324
324
324
324
324
324
324
324
115
324
324
324
324
324
324
324
324
324
324
324
324
324
324
324
324
324
324
324
324
324
324
324
324
324
324
526
324
324
324
324
324
324
324
324
324
324
324
324
324
324
324
324
324
324
324
324
324
324
324
324
324
324
324
324
324
324
324
324
324
324
324
324
324
324
324
324
324
324
324
324
324
324
324
324
324
324
324
324
324
324
324
324
324
324
324
324
324
324
324
324
324
324
324
324
324
324
324
324
324
324
324
324
324
324
324
324
324
324
324
324
324
324
324
324
324
324
324
324
324
324
324
324
324
324
324
324
324
324
324
324
324
324
324
324
324
324
324
324
324
324
324
324
324
324
324
324
324
324
324
324
324
324
324
324
324
324
324
324
324
324
324
324
324
324
324
324
324
324
324
324
324
324
324
324
324
324
324
324
324
324
324
324
324
324
324
324
324
324
324
324
324
324
324
324
324
324
324
324
324
324
324
324
324
324
324
324
324
324
324
324
324
324
324
324
324
324
324
324
324
324
324
324
324
324
324
324
324
324
324
324
324
324
324
324
324
324
324
324
324
324
324
324
324
324
324
324
324
324
324
324
324
324
324
324
324
324
324
324
324
324
324
324
324
324
324
324
324
324
324
324
324
324
324
324
324
324
324
324
324
324
324
324
324
324
324
324
324
324
324
324
324
324
324
324
324
324
324
324
324
324
324
324
324
324
324
324
324
324
324
324
324
324
324
324
324
324
324
324
324
324
324
324
324
133
324
324
324
324
324
324
324
324
324
324
324
324
324
324
324
324
324
324
324
324
324
324
324
324
324
324
324
324
324
324
324
324
324
155
324
324
324
324
324
324
324
324
324
324
324
324
324
324
324
324
324
324
324
324
324
324
324
324
324
324
324
324
324
324
324
324
324
324
324
324
324
324
324
324
324
324
324
324
324
324
324
324
324
324
324
324
324
324
324
324
324
324
324
324
324
324
324
324
324
168
324
594
324
324
324
324
324
324
324
324
324
324
324
324
324
324
324
324
324
324
324
324
324
324
324
324
324
324
324
324
324
324
324
324
324
324
324
324
324
324
324
324
324
324
324
324
324
324
324
324
324
324
324
324
324
324
324
324
324
324
324
324
324
324
324
324
324
324
324
324
324
324
324
324
324
324
324
324
324
324
324
211
324
324
324
324
324
324
324
324
324
324
324
324
324
324
324
324
324
324
324
324
324
324
324
324
324
324
324
324
324
324
324
324
324
324
324
324
324
324
324
324
324
324
324
324
324
324
324
324
324
324
324
324
324
324
324
324
324
324
324
324
324
324
324
324
324
324
324
324
324
324
324
324
324
324
324
324
324
324
324
324
324
324
324
324
324
324
324
324
324
324
324
324
324
324
324
324
324
324
324
324
324
324
324
324
324
324
324
324
324
324
324
324
324
324
324
324
324
324
324
324
324
324
324
324
324
324
324
324
324
324
324
324
324
324
324
324
324
324
324
324
324
324
324
345
324
324
324
324
324
324
324
324
324
324
324
324
324
324
324
324
324
324
324
324
324
324
324
324
324
324
324
324
324
324
324
324
324
324
324
324
324
324
324
324
324
324
324
324
324
324
324
324
324
324
324
324
324
324
324
324
324
324
324
324
324
324
324
324
324
324
324
324
324
324
324
324
324
324
324
324
324
324
324
324
324
324
324
324
324
324
324
324
324
324
324
324
324
324
324
324
324
324
324
324
324
324
324
324
324
324
324
324
324
324
324
324
324
324
324
324
324
324
324
489
324
324
324
324
324
324
324
324
324
324
324
324
324
324
324
324
324
324
324
324
324
324
324
324
324
324
324
324
324
324
324
324
324
324
324
324
324
324
324
324
324
324
324
324
324
324
324
324
324
324
324
324
324
324
324
324
324
324
324
324
324
324
324
324
324
324
324
324
324
324
324
324
324
324
324
324
324
324
324
324
324
324
324
324
324
324
324
324
324
324
324
324
324
324
324
324
324
324
324
324
324
324
324
324
324
324
324
324
324
324
324
324
324
324
324
324
324
324
324
324
324
324
324
84
324
324
324
324
324
324
324
324
324
324
324
324
324
324
324
324
324
324
324
324
324
324
324
324
324
324
324
324
324
324
324
324
324
324
324
324
324
324
324
324
324
324
324
324
324
324
324
324
324
324
324
324
324
324
324
324
324
324
324
324
324
324
324
324
324
324
324
324
324
324
324
324
324
324
324
324
324
324
324
324
324
324
324
324
324
324
324
324
324
324
324
324
324
324
324
324
324
324
324
324
324
324
324
324
324
324
324
324
324
324
324
324
324
324
324
324
324
324
324
324
324
324
324
324
324
324
324
324
324
324
324
324
324
324
324
324
324
324
324
324
324
324
324
324
324
324
324
324
324
324
324
324
324
324
324
324
324
324
324
324
324
324
324
324
324
324
324
324
324
324
324
324
324
324
324
324
324
324
324
324
324
324
324
324
324
324
324
324
324
324
324
324
324
324
324
324
324
324
324
324
324
324
324
324
324
324
324
324
324
324
324
324
324
324
324
324
324
324
324
324
324
324
324
324
324
324
324
324
324
324
324
324
324
324
324
324
324
324
324
324
324
324
324
324
324
324
324
324
324
324
324
324
324
324
324
324
324
324
324
324
324
324
324
324
324
324
324
324
324
324
324
324
324
324
324
324
324
324
324
324
324
324
324
324
324
324
324
324
324
324
324
324
324
324
324
324
324
324
324
324
324
324
324
324
324
324
324
324
324
324
324
324
324
324
324
324
324
324
324
324
324
324
324
324
324
324
324
324
324
324
324
324
324
324
324
324
324
324
324
324
324
324
324
324
324
324
324
324
324
324
324
324
324
324
324
324
324
324
324
324
324
324
324
324
324
324
324
324
324
324
324
324
324
324
324
324
324
324
324
324
324
324
324
324
324
324
324
324
324
324
324
324
324
324
324
324
324
324
324
324
324
324
324
324
324
324
324
324
324
324
324
324
324
324
324
324
324
324
324
324
324
324
324
324
324
324
324
324
324
324
233
324
324
324
324
324
324
324
324
324
324
324
324
324
324
324
324
324
324
324
324
324
324
324
324
324
324
324
324
324
324
324
324
324
324
324
324
324
324
324
324
324
324
324
324
324
324
324
324
324
324
324
324
324
324
324
324
324
324
324
324
324
324
324
324
324
324
324
324
324
324
324
324
324
324
324
324
324
324
324
324
324
324
324
324
324
324
324
324
324
324
324
324
324
324
324
324
324
324
324
324
324
324
324
324
324
324
324
324
324
324
324
119
324
324
324
324
324
324
324
324
324
324
324
324
324
324
324
324
324
324
324
324
324
324
324
324
324
324
324
324
324
324
324
324
324
324
324
324
324
324
324
324
324
324
324
324
324
324
324
324
324
324
324
324
324
324
324
324
324
324
324
324
324
324
324
324
324
324
324
324
324
324
324
324
324
324
324
324
324
324
324
324
324
324
324
324
324
324
324
324
324
324
324
324
324
324
324
324
324
324
324
324
324
324
324
324
324
324
324
324
324
324
324
324
324
324
324
324
324
324
324
324
324
324
324
324
324
324
324
324
324
324
324
324
324
324
324
324
324
324
324
324
324
324
324
324
324
324
324
324
324
324
324
324
324
324
324
324
324
324
324
324
324
324
324
324
324
324
324
324
324
324
324
324
324
324
324
324
324
324
324
324
324
324
324
324
324
324
324
324
324
324
324
324
324
324
324
324
324
324
324
324
324
324
324
324
324
324
324
324
324
324
324
324
324
324
324
324
324
324
324
324
324
324
324
324
324
324
324
324
324
324
324
324
324
324
324
324
324
324
324
324
324
324
324
324
324
324
324
324
324
324
324
324
324
324
324
324
324
324
324
324
324
324
324
324
324
324
324
324
324
324
324
324
324
324
324
324
324
324
324
324
324
324
324
324
324
324
324
324
324
324
324
324
324
324
324
324
324
324
324
324
324
324
324
324
324
324
324
324
324
324
324
324
324
324
324
324
324
324
324
324
324
324
324
324
324
324
324
324
324
324
324
324
324
324
324
324
324
324
324
324
324
324
324
324
324
324
324
324
324
324
324
324
324
324
324
324
324
324
324
324
324
324
324
324
324
324
324
324
324
324
324
324
324
324
324
324
324
324
324
324
324
324
324
324
324
324
324
324
324
324
324
324
324
324
324
324
324
324
324
324
324
324
324
324
324
324
324
324
324
324
324
324
324
324
324
324
324
324
324
324
324
324
324
324
324
324
324
324
324
324
324
324
324
324
324
324
324
324
324
324
324
324
324
324
324
324
324
324
324
324
324
324
324
324
324
324
324
324
324
324
324
324
324
324
163
324
324
324
324
324
324
324
324
324
324
324
324
324
324
324
324
324
324
324
324
324
324
324
324
324
324
324
324
324
324
324
324
324
324
324
324
324
324
324
324
324
324
324
324
324
324
324
324
324
324
324
324
324
324
324
324
324
324
324
324
324
324
324
324
324
324
324
324
255
324
324
324
324
324
324
324
324
324
324
324
324
324
324
324
324
324
324
324
324
324
324
324
324
324
324
324
324
324
324
324
324
324
324
324
324
324
324
324
324
324
324
324
324
93
324
324
324
324
324
324
324
324
324
324
324
324
324
324
324
324
324
324
324
324
324
324
324
324
324
324
324
324
324
324
324
324
324
324
324
324
324
