707
506
383
363
709
345
351
362
358
335
347
676
337
348
332
337
357
358
608
327
361
765
797
321
614
326
325
350
332
331
343
341
340
331
350
287
321
337
418
633
331
623
352
323
324
321
663
311
331
294
347
340
505
341
329
325
326
315
306
315
312
507
326
314
314
320
313
338
422
303
317
579
341
336
323
307
317
306
765
330
326
311
325
318
313
312
523
323
567
311
325
339
294
336
309
306
342
307
321
337
291
335
385
322
359
324
309
310
342
306
340
295
294
483
330
328
337
285
302
305
308
279
287
314
274
334
315
306
582
592
307
312
282
314
316
318
286
324
329
309
329
384
275
337
311
297
309
475
321
320
308
443
303
310
279
291
282
296
313
294
300
301
680
313
303
323
291
403
422
298
285
325
286
256
345
314
302
311
291
289
325
276
787
338
282
666
304
269
301
266
311
305
338
301
314
330
369
288
276
298
289
368
286
305
308
273
330
277
307
311
304
234
266
292
301
276
297
288
301
264
262
331
288
319
299
326
290
285
270
254
317
312
579
285
636
309
320
277
274
325
320
340
272
280
277
287
267
286
296
309
261
298
615
258
292
290
302
306
567
288
251
280
292
270
280
276
296
280
253
255
301
285
469
301
308
325
323
271
256
238
298
273
305
274
309
269
290
273
247
262
306
278
297
311
272
279
280
255
267
239
328
288
281
290
301
292
293
256
279
313
245
266
296
259
318
267
285
273
294
268
249
294
236
295
320
226
249
264
235
240
495
466
270
278
296
312
253
275
260
266
298
294
275
307
434
273
311
274
433
307
275
243
253
420
239
287
305
273
277
267
278
332
291
373
248
259
265
268
272
261
274
287
262
287
271
254
247
280
285
293
265
308
306
228
275
359
288
307
260
273
279
298
253
243
236
249
300
285
582
269
211
297
261
423
264
225
270
223
273
465
229
292
274
297
305
260
287
280
299
277
397
229
590
265
304
293
293
263
260
267
299
272
256
206
314
243
250
261
229
252
229
276
243
294
238
218
263
276
249
252
286
301
231
258
280
268
333
247
233
255
240
244
271
236
299
244
284
255
206
318
280
292
264
265
255
246
259
284
276
295
336
215
208
260
238
298
251
263
293
237
243
228
265
269
267
253
244
323
268
247
287
277
235
260
240
289
248
260
216
232
236
268
238
224
293
271
263
226
244
240
216
223
264
245
207
272
220
223
242
266
275
243
240
282
293
170
215
279
267
256
228
255
273
208
247
381
244
218
264
237
264
276
231
296
243
275
215
522
229
229
237
314
242
212
298
268
263
255
294
284
288
238
222
251
300
199
212
241
249
178
211
257
234
259
275
255
250
312
288
250
274
267
281
264
267
266
215
191
279
235
290
235
300
196
242
253
263
179
287
247
250
245
234
229
217
182
255
315
281
222
227
237
220
220
262
213
586
208
213
251
266
244
256
244
242
229
264
245
249
274
238
212
205
177
244
248
275
241
243
244
276
261
233
244
210
234
291
231
250
242
274
281
231
218
252
260
223
233
277
218
264
265
229
211
311
228
249
245
264
225
232
236
240
267
212
236
242
255
213
230
252
215
251
179
293
256
277
243
264
232
247
237
323
590
279
230
212
215
246
220
244
238
323
235
246
230
219
243
426
277
250
356
262
305
229
256
258
236
219
273
241
289
297
236
196
238
231
225
260
247
181
352
243
243
186
216
226
210
218
232
246
231
242
220
164
238
223
236
191
299
252
303
241
272
273
237
292
224
206
253
219
307
201
276
235
227
253
224
280
201
216
184
226
224
253
214
277
266
171
190
158
259
251
252
496
187
228
229
225
279
228
208
264
280
228
298
304
240
215
225
197
223
182
255
245
249
248
233
220
173
275
291
241
241
168
233
206
212
208
178
202
204
250
275
178
241
230
183
231
255
279
238
205
210
216
190
200
301
413
214
281
244
238
446
218
217
214
236
235
218
200
220
195
183
237
228
164
244
271
271
233
185
257
230
272
247
229
274
220
278
219
199
217
163
388
244
230
309
193
231
224
210
251
247
284
205
182
209
243
222
212
280
229
244
272
150
176
235
287
121
243
244
210
254
225
210
247
199
233
289
213
180
253
260
245
218
254
213
420
250
205
209
283
296
249
234
189
420
235
166
232
169
420
231
204
229
240
234
257
260
206
172
185
150
223
210
214
160
266
233
251
142
215
238
213
229
290
128
111
229
278
276
247
207
240
166
246
204
420
268
260
235
203
264
214
221
230
231
208
226
196
257
206
230
255
202
199
222
188
202
248
137
223
217
256
235
200
222
164
268
264
195
224
210
256
209
188
210
230
123
227
205
215
195
254
213
231
193
230
206
264
218
230
309
233
235
269
187
267
219
212
188
260
108
263
178
165
237
213
284
122
241
280
229
242
282
252
151
191
276
215
301
214
212
192
259
242
213
178
220
213
207
255
117
281
218
206
263
248
181
164
174
211
210
198
160
175
218
420
214
269
251
184
254
214
195
219
215
260
133
252
217
142
259
215
215
236
202
277
175
205
233
221
168
145
272
188
155
162
221
146
254
212
236
420
173
141
228
229
187
184
420
202
211
279
188
223
228
207
258
172
274
217
242
168
265
225
261
108
252
188
210
241
288
204
202
307
156
199
149
260
227
186
265
197
208
233
230
210
223
250
267
216
193
197
164
184
198
224
218
110
188
246
226
182
129
205
173
111
224
289
216
209
271
420
105
203
218
204
184
204
238
270
256
195
225
204
196
164
205
235
231
204
199
261
236
205
192
258
248
262
167
184
184
212
200
197
161
191
265
291
176
195
153
252
177
179
177
227
420
149
298
180
201
165
209
105
274
207
163
190
158
242
185
150
199
420
206
189
222
260
199
272
262
231
219
205
214
202
250
197
271
223
219
223
197
190
222
182
217
306
246
138
211
208
242
211
210
210
175
420
209
208
133
213
246
148
172
420
172
179
166
120
225
254
251
262
420
261
197
249
232
282
214
203
194
244
266
147
222
158
234
224
420
180
270
204
216
210
224
197
239
273
169
420
212
200
420
226
182
141
254
338
255
251
259
242
171
184
211
138
164
238
143
203
192
163
130
230
152
218
420
190
212
206
235
206
166
126
210
194
200
420
196
205
231
186
219
177
191
261
227
133
420
188
420
199
195
209
222
138
220
145
258
275
196
191
200
153
224
221
209
248
195
281
221
238
163
276
139
159
229
204
153
198
213
218
190
249
249
181
420
184
196
185
186
209
257
229
213
109
181
162
224
215
200
245
208
219
420
211
207
186
245
195
225
196
210
201
228
176
159
177
188
210
191
119
420
152
116
201
219
180
245
180
204
176
207
209
221
420
186
205
118
200
148
144
420
205
155
125
208
198
213
184
126
226
420
202
244
194
227
252
105
154
156
420
250
174
137
271
420
185
224
179
249
223
232
210
148
235
237
191
252
135
225
199
228
211
206
108
214
113
105
273
221
208
146
211
163
159
239
176
133
172
143
200
266
255
145
194
133
174
420
139
176
222
223
210
156
276
112
230
191
119
208
223
420
292
420
233
181
134
237
200
152
298
188
420
169
206
219
209
193
172
210
222
193
229
252
224
157
206
186
280
271
162
112
204
185
191
206
181
159
266
120
278
420
173
208
176
220
420
201
233
196
205
187
122
189
279
221
172
234
151
180
190
208
186
216
234
160
170
199
210
420
129
174
129
210
196
259
208
420
204
211
125
164
124
209
228
210
209
223
231
128
172
165
205
183
205
420
208
212
312
278
220
193
161
120
126
128
129
210
154
142
245
161
194
214
122
153
191
255
220
121
243
223
143
420
224
105
212
179
420
120
229
191
215
204
420
175
278
150
133
157
232
307
184
210
105
118
220
420
210
141
219
122
184
201
172
246
205
420
132
289
213
176
180
198
227
420
176
291
238
110
209
122
136
158
191
169
186
219
151
232
205
222
204
208
143
324
420
226
218
155
173
253
172
172
182
171
191
420
112
179
247
112
237
202
188
185
199
204
105
209
252
212
128
163
158
420
209
210
176
180
175
123
116
209
288
196
112
158
107
420
177
194
143
210
106
294
186
209
191
163
281
219
315
148
159
214
190
201
150
177
225
187
420
199
105
219
208
197
232
173
119
420
187
127
241
125
420
142
201
142
138
171
420
146
211
159
157
214
170
219
141
126
175
235
211
171
109
109
202
420
180
210
194
218
195
159
222
420
117
420
142
172
200
171
208
229
140
128
257
214
217
131
420
128
204
172
127
420
136
198
191
161
216
110
420
173
123
420
420
119
130
420
210
420
420
122
117
420
205
174
125
201
250
146
420
197
186
229
200
128
179
133
420
208
253
208
186
420
105
420
194
179
194
247
232
420
260
141
420
188
182
196
420
215
420
143
135
186
156
148
420
219
174
420
227
213
119
239
105
202
214
219
174
225
196
126
120
111
277
182
188
212
190
420
199
224
215
146
201
151
115
176
218
153
159
153
131
198
144
420
455
193
283
420
420
199
257
420
420
223
146
189
420
158
420
231
163
212
181
145
170
200
209
128
142
163
194
197
144
228
196
281
171
170
152
147
153
159
420
138
205
204
133
115
237
203
143
420
174
199
190
135
420
420
189
420
217
203
420
149
300
213
420
198
222
210
420
420
420
203
133
420
155
197
420
176
420
115
115
113
105
224
420
159
167
156
165
420
183
177
114
420
166
195
420
232
214
155
147
420
160
420
420
253
154
122
210
105
227
205
132
176
200
205
127
206
198
420
196
173
420
120
420
183
210
116
133
163
149
186
420
192
420
185
140
168
237
205
162
137
420
105
420
420
111
107
132
158
152
182
129
188
120
420
144
420
164
138
206
258
420
178
154
420
192
219
216
201
165
217
420
118
105
136
420
117
204
105
194
174
127
213
208
420
420
420
183
219
135
420
121
216
420
186
149
420
420
207
248
160
156
111
420
108
420
216
107
171
420
420
162
142
126
420
191
420
183
105
174
167
183
259
167
259
172
193
206
193
420
164
141
182
168
229
128
262
420
215
155
145
243
144
204
187
190
181
157
132
117
420
119
214
169
195
420
165
249
180
134
233
420
320
420
212
199
420
149
143
420
270
177
187
420
245
208
202
420
420
420
136
187
105
420
117
348
213
256
175
420
420
420
138
146
192
198
210
420
105
107
420
142
135
145
420
125
420
169
195
183
125
420
154
420
130
420
184
114
125
233
420
184
190
420
154
145
420
105
253
145
171
133
121
420
420
184
221
127
420
191
236
420
420
156
420
189
420
193
212
209
111
420
189
187
420
124
154
200
420
206
177
150
420
111
124
187
228
122
420
180
274
420
420
226
136
420
420
179
129
420
142
420
105
169
420
213
105
187
192
118
290
207
420
420
156
420
152
135
138
173
106
420
211
111
105
420
420
420
238
113
262
208
128
153
177
420
420
167
239
128
420
245
175
134
214
184
205
197
171
420
177
420
149
420
420
110
117
420
140
198
420
166
420
221
420
420
155
138
185
194
420
420
169
420
146
166
420
231
173
172
420
115
146
420
156
169
148
115
180
110
206
202
155
420
117
176
151
138
125
420
135
115
239
420
134
420
110
194
160
420
420
172
136
420
145
216
106
227
150
191
191
190
420
420
167
420
420
183
420
208
420
420
420
157
201
420
184
139
152
163
204
114
178
145
160
420
121
105
420
235
106
420
251
159
420
120
225
420
145
152
420
420
204
155
112
420
420
420
381
420
157
420
153
191
420
155
123
420
216
420
165
113
221
165
226
171
420
420
200
148
137
267
168
128
420
420
143
113
219
191
184
201
420
420
200
198
420
170
150
420
107
239
169
420
108
120
227
280
109
420
105
420
202
154
213
420
156
105
137
196
420
420
210
420
420
420
175
420
215
170
107
420
420
172
420
133
162
420
420
420
157
108
173
217
153
156
144
420
420
420
420
420
420
113
209
167
144
420
420
420
179
108
420
180
420
197
420
420
140
205
174
420
138
105
420
226
197
420
143
189
182
420
420
223
174
116
420
420
167
188
420
232
177
194
200
175
159
160
420
165
420
142
117
193
105
209
223
420
420
420
149
420
288
235
121
420
116
420
148
420
227
112
155
123
199
420
129
147
420
420
208
420
420
108
175
420
125
420
183
213
141
111
183
140
420
420
420
269
210
420
209
420
420
149
115
420
160
420
198
420
420
207
121
165
420
152
176
207
145
167
173
168
190
180
420
211
158
141
420
198
420
420
420
420
133
420
155
153
214
420
420
187
420
420
189
125
420
134
420
115
420
420
186
201
420
147
420
420
215
177
420
420
105
420
420
420
420
420
185
174
161
420
149
133
420
138
144
112
248
183
124
177
130
420
420
139
124
121
198
196
107
189
420
184
188
420
142
132
127
145
420
149
126
420
144
188
420
154
157
170
420
141
185
420
420
164
114
195
420
213
420
114
135
420
420
208
179
173
420
420
420
205
420
148
155
153
181
420
141
186
129
208
177
209
420
420
420
420
176
131
420
132
420
207
113
420
123
245
203
420
130
158
109
214
198
117
239
420
106
247
420
420
420
420
420
215
205
158
420
163
116
420
420
157
420
420
420
420
167
420
420
420
420
420
145
214
420
420
420
212
420
420
420
420
420
154
238
196
141
420
198
420
420
134
150
276
420
126
172
420
244
189
420
420
208
420
204
105
203
190
420
420
162
257
420
123
156
150
420
420
420
148
173
152
420
147
420
194
420
420
106
420
138
105
171
420
131
199
144
114
171
218
420
144
105
420
117
174
203
197
420
420
146
420
216
156
175
420
420
420
161
140
420
128
105
183
420
420
179
420
420
108
420
140
119
420
155
420
202
207
195
420
420
420
118
110
227
167
185
206
228
420
420
228
420
200
140
420
165
227
420
105
420
420
420
420
420
420
420
150
420
134
194
169
420
119
420
182
420
420
134
420
155
146
420
420
147
420
420
420
144
420
420
196
116
158
420
420
420
420
420
126
208
137
156
141
420
105
420
105
173
124
420
420
154
420
420
165
131
155
105
119
420
109
164
231
420
106
139
420
420
420
420
420
309
175
420
420
200
420
420
140
420
276
202
420
420
420
420
420
152
420
142
105
420
166
199
112
420
420
117
193
420
420
202
420
420
420
127
105
161
420
125
194
420
420
420
119
420
420
420
420
210
420
123
420
145
125
420
236
420
229
420
111
420
106
221
420
420
124
420
206
420
420
420
420
420
420
420
193
168
420
420
138
202
105
420
420
176
420
420
184
202
420
420
129
134
190
161
180
151
420
157
169
420
420
420
420
181
420
420
203
148
186
145
420
142
145
276
420
420
420
194
420
147
175
420
105
420
121
420
420
189
420
179
420
420
160
420
420
420
420
190
420
145
420
181
420
420
420
192
420
253
107
420
420
420
420
215
145
420
420
420
420
420
420
111
121
420
420
420
420
420
420
158
141
238
182
420
199
420
150
420
420
151
420
420
420
420
168
188
420
420
209
420
189
157
420
107
420
420
192
420
166
420
420
420
420
117
420
105
163
420
140
177
420
122
164
420
119
166
115
113
420
420
420
420
420
420
182
142
420
152
420
125
420
420
420
160
117
420
420
169
196
145
134
420
208
420
133
420
420
420
420
157
136
261
420
420
231
228
113
420
152
420
420
420
420
126
420
420
420
420
177
420
181
176
118
165
420
124
208
420
420
420
420
420
420
420
105
209
105
210
420
420
128
420
420
420
420
420
420
420
420
184
420
177
420
140
119
124
159
155
153
105
139
106
157
420
420
420
120
179
420
420
140
420
113
420
207
420
420
420
420
146
420
206
420
160
420
420
420
420
420
420
420
120
130
154
420
420
420
420
420
126
140
212
209
420
420
420
420
420
198
160
420
182
187
420
139
143
186
420
420
420
420
190
420
107
420
420
105
420
420
420
420
185
118
420
120
420
112
420
420
147
420
420
108
197
187
159
420
420
120
202
420
210
420
143
420
420
420
202
420
420
420
420
420
420
119
420
420
420
420
420
185
420
420
420
127
420
420
129
125
420
109
210
420
420
420
208
420
420
420
217
420
420
420
420
420
166
420
420
420
154
147
420
194
420
420
420
420
420
120
199
185
113
420
420
420
420
141
420
420
108
420
420
170
420
420
214
420
159
420
420
136
128
420
144
122
420
420
420
420
159
420
420
120
420
420
165
420
420
420
420
125
420
420
420
310
113
420
420
420
420
125
112
124
420
116
420
420
126
420
420
420
420
420
173
420
420
420
141
420
420
217
128
125
173
420
252
247
420
420
420
107
142
420
420
420
105
126
420
420
114
210
147
420
117
194
109
420
420
194
124
420
161
175
420
125
420
420
113
420
420
420
420
420
420
420
420
420
110
420
420
420
207
178
105
115
136
420
420
107
420
420
420
420
420
420
159
420
420
420
420
420
420
420
420
420
123
420
108
178
420
420
420
420
149
420
420
420
420
200
117
140
161
109
420
420
420
420
420
155
420
147
420
115
106
171
210
420
184
420
420
420
420
188
420
171
420
420
636
420
140
420
420
420
420
420
204
194
139
183
420
128
125
420
108
420
420
132
420
420
420
190
185
219
139
420
420
420
214
420
420
175
241
420
154
420
420
420
420
108
420
420
420
420
420
420
111
420
420
420
177
420
215
124
420
420
420
245
420
420
420
168
420
420
113
126
420
420
190
420
420
420
420
145
420
420
420
420
110
420
115
420
420
134
420
121
420
420
420
420
420
420
156
420
123
420
420
420
420
108
164
420
420
108
420
420
420
420
420
420
420
420
420
135
202
116
420
105
420
420
420
222
420
420
420
420
246
420
420
420
420
420
420
420
420
420
420
130
420
420
420
420
420
420
420
105
420
420
184
215
420
420
420
173
420
177
420
420
420
105
420
133
420
420
420
116
420
277
420
420
105
420
420
185
150
174
192
420
420
420
196
197
190
420
420
105
420
144
420
140
420
195
420
420
420
122
137
420
111
420
420
420
420
144
420
420
420
164
420
420
420
125
420
420
420
420
420
220
420
111
420
420
420
420
420
154
174
420
182
231
420
420
105
420
179
118
420
420
420
420
420
420
420
420
420
420
113
123
420
420
115
233
420
420
420
109
420
420
105
420
420
165
420
420
420
108
420
420
420
420
420
150
420
420
182
188
420
420
176
420
420
420
420
420
420
420
420
420
105
146
158
420
111
420
420
215
420
420
420
420
420
201
153
199
113
420
420
188
420
122
420
129
420
420
420
167
420
420
420
420
420
420
420
420
420
420
420
420
420
130
420
420
420
420
123
420
187
420
420
123
420
420
420
420
420
420
160
420
222
420
187
420
420
420
420
420
117
220
185
420
420
152
420
148
420
420
420
420
138
161
420
420
105
420
420
420
420
420
420
420
183
420
420
420
420
128
420
420
420
420
420
106
290
420
227
420
420
420
420
420
162
420
420
420
420
138
117
420
420
212
420
420
420
420
420
420
420
420
420
420
420
420
420
420
107
111
420
420
106
420
133
420
420
420
420
159
420
420
420
420
420
420
420
420
420
420
153
420
420
109
106
420
420
151
105
420
119
420
420
163
420
200
145
420
420
177
420
165
420
148
420
420
420
126
420
109
420
420
420
185
420
157
106
188
420
420
420
420
420
420
168
420
420
420
151
149
420
420
420
420
105
420
106
420
420
420
420
420
420
420
222
420
420
420
420
112
420
420
420
420
420
420
420
420
166
105
420
420
420
158
420
420
123
420
179
420
420
420
420
420
420
105
116
420
420
420
420
420
420
420
420
105
420
420
420
420
420
420
420
420
191
420
420
420
207
272
136
142
420
164
420
420
420
420
420
420
420
420
420
143
420
420
420
114
108
420
420
149
420
420
420
420
179
420
420
420
420
191
420
420
420
165
420
420
420
188
153
420
420
420
206
420
420
420
420
420
420
112
267
420
231
420
420
420
420
420
420
110
420
420
420
105
420
420
420
420
420
420
420
420
145
420
420
420
420
173
420
420
105
118
121
420
420
420
420
125
420
115
155
420
198
420
420
420
420
420
420
420
420
420
420
420
420
420
208
237
420
420
420
420
420
420
420
420
181
420
420
420
420
420
420
420
420
420
194
420
420
420
420
420
420
420
420
420
420
129
420
420
420
420
420
133
420
420
420
420
420
420
420
420
420
420
420
165
420
420
420
113
420
420
420
420
420
420
420
420
114
420
420
420
420
420
118
420
420
420
420
420
420
420
420
420
420
420
420
173
420
420
420
183
420
420
420
420
420
420
420
420
201
218
420
420
420
420
144
113
420
420
180
420
420
124
420
420
420
420
420
420
420
420
388
420
420
420
177
420
420
420
420
195
420
420
420
420
420
420
420
173
420
133
420
158
420
420
420
125
420
158
192
420
420
420
420
420
122
420
420
420
108
420
420
234
134
420
420
189
420
420
420
420
420
420
420
420
420
420
420
129
119
420
420
125
420
105
420
420
420
107
420
420
420
420
420
420
128
420
420
420
420
420
420
420
420
420
420
420
420
420
420
148
420
105
420
105
420
420
231
420
420
420
420
420
149
420
420
420
420
420
420
420
420
420
420
420
420
420
420
420
420
420
420
160
420
420
420
420
420
420
236
145
420
420
420
105
420
420
420
420
121
420
200
420
420
420
420
420
420
420
420
420
109
420
420
420
420
420
420
420
420
132
420
114
420
420
420
420
420
420
420
420
420
135
420
148
420
420
420
420
420
420
420
420
420
420
105
420
197
420
420
420
420
206
420
234
420
209
420
420
420
420
420
420
420
420
116
180
167
105
109
420
420
420
420
420
420
420
202
220
109
105
420
420
420
420
420
420
123
420
151
420
420
420
420
420
420
420
420
420
420
420
420
420
420
420
119
420
420
112
145
420
420
420
420
420
420
420
420
420
420
420
420
420
420
136
420
420
420
420
420
420
420
420
107
420
420
420
420
420
420
105
420
420
420
420
420
420
420
420
420
420
420
420
191
420
124
420
420
420
420
420
420
129
107
420
420
420
136
420
420
420
420
420
420
146
420
112
420
420
420
420
420
420
420
207
420
420
420
420
110
201
420
420
420
105
420
420
132
420
420
141
420
420
420
420
181
420
420
420
420
119
420
164
420
420
189
420
420
420
117
420
420
230
105
105
420
420
420
420
420
420
420
420
143
420
420
420
420
615
420
420
420
420
154
420
148
194
420
420
420
420
420
200
420
420
420
420
177
420
420
139
113
420
420
420
420
139
420
420
420
136
420
420
420
420
420
420
420
420
170
420
420
420
420
420
191
420
420
420
420
420
420
420
420
420
420
420
420
420
420
420
420
420
420
420
420
420
196
420
137
420
420
167
420
420
189
420
420
420
420
420
420
420
420
420
420
420
420
195
420
420
117
420
420
420
146
420
420
420
420
420
420
144
420
420
420
157
420
420
420
420
420
420
420
420
420
151
420
420
420
420
420
420
420
420
108
420
420
420
420
420
420
420
420
420
420
420
155
420
420
184
154
420
111
420
420
420
420
420
420
420
420
420
420
420
122
105
150
114
420
420
420
420
420
420
420
114
201
420
420
420
420
165
420
420
420
420
420
420
120
131
420
420
420
146
420
420
420
420
420
105
420
420
420
420
420
420
105
420
420
420
420
420
420
420
420
420
120
420
420
187
143
420
420
420
420
111
420
420
420
420
420
105
420
109
420
420
420
420
420
420
420
420
420
420
143
420
106
420
163
420
420
420
420
420
420
420
128
420
420
420
420
420
420
420
420
420
420
184
420
420
420
420
108
127
420
420
190
420
420
420
135
420
420
420
420
420
420
420
127
420
420
420
420
420
420
420
420
140
420
420
420
420
420
420
420
420
420
420
420
420
420
420
420
420
130
420
420
420
420
420
420
116
420
420
420
145
107
420
152
420
420
420
420
420
420
420
118
420
420
420
420
420
420
420
420
420
420
420
420
420
212
420
420
420
420
420
420
420
420
420
420
420
420
420
420
420
420
420
420
420
420
225
420
420
420
116
420
420
420
420
420
247
105
420
420
420
420
420
420
420
180
420
420
420
420
420
420
420
420
420
175
106
420
420
420
420
420
420
420
420
420
420
420
420
420
420
420
420
420
420
420
174
420
420
420
110
420
420
420
209
126
420
420
184
186
420
420
420
420
420
420
113
420
420
420
119
420
420
420
420
105
420
420
420
420
420
193
420
420
420
420
420
420
420
420
420
420
420
227
420
420
169
420
420
146
105
420
420
420
420
420
420
420
420
420
420
176
420
127
420
420
420
420
420
210
420
163
420
420
420
420
420
108
420
420
420
420
420
420
420
420
420
420
420
420
420
420
420
420
105
420
420
420
420
420
420
420
420
420
164
420
420
420
420
420
420
420
183
420
420
420
420
420
420
420
420
420
420
420
420
420
178
144
420
420
680
420
420
420
420
420
420
420
420
420
420
410
420
420
420
420
420
420
420
420
420
134
420
420
420
182
420
420
420
119
420
420
420
192
420
420
420
420
420
420
420
123
420
420
420
420
420
420
420
420
420
420
420
420
112
263
420
420
420
420
420
420
420
420
420
420
420
420
420
420
420
420
420
420
420
420
420
420
420
113
420
420
420
420
420
420
420
139
420
420
106
184
420
420
420
420
420
420
420
420
420
420
420
420
420
190
420
420
420
420
420
420
420
420
420
420
420
107
420
173
420
420
420
420
420
420
116
420
420
420
420
420
420
420
420
184
152
420
420
420
420
420
148
420
420
420
420
107
420
420
420
420
420
420
420
420
420
420
420
420
420
420
420
420
420
420
420
420
420
420
420
420
420
420
153
420
420
420
420
420
420
420
420
420
420
127
420
105
420
420
420
420
420
105
126
420
420
420
420
420
420
420
420
420
420
420
420
420
175
420
420
420
420
420
420
420
420
420
420
420
142
420
127
420
420
420
420
420
420
420
420
420
420
420
420
120
105
420
420
420
420
420
420
420
420
157
420
420
420
420
420
420
420
420
420
420
420
210
420
420
420
420
420
420
420
420
420
420
420
420
420
420
420
420
420
420
420
420
420
420
420
420
420
420
420
420
420
420
420
420
420
420
420
420
420
420
420
420
420
420
206
420
420
420
420
144
420
420
143
420
420
420
420
420
420
420
420
420
420
420
420
420
420
420
420
420
420
420
420
420
134
420
420
420
420
420
420
420
420
420
420
420
420
420
420
141
420
145
420
420
420
420
420
420
420
420
420
420
420
420
420
420
206
420
420
198
420
420
420
420
420
420
420
420
420
420
136
420
110
420
166
420
420
420
420
420
420
420
420
420
420
161
420
420
420
420
144
420
305
420
420
420
105
420
420
420
126
420
420
420
420
420
420
420
420
420
420
420
105
420
420
420
420
190
420
420
420
420
420
420
420
420
420
420
420
420
420
420
420
420
420
420
420
420
420
420
420
420
420
420
150
420
420
420
420
420
115
420
420
420
420
420
420
420
420
420
420
420
420
139
420
420
420
420
420
420
199
420
420
420
420
420
420
420
420
420
420
420
420
420
420
420
420
420
420
420
420
420
420
420
122
420
160
420
420
420
420
420
420
420
420
420
119
179
136
420
420
420
420
420
420
420
420
109
420
420
420
420
420
420
420
191
420
420
420
420
420
420
420
420
420
420
105
420
420
420
420
420
420
420
420
420
420
420
420
420
420
420
420
420
420
420
420
420
420
420
420
420
420
420
420
420
420
420
420
420
420
420
420
420
420
420
121
420
420
420
420
152
420
420
158
420
420
420
420
420
420
420
420
420
132
586
146
201
420
420
420
420
420
420
420
420
420
420
420
420
420
420
420
157
420
420
420
420
420
420
420
420
141
420
420
420
105
420
420
420
420
420
420
420
420
420
420
420
420
420
420
420
420
420
420
420
420
420
420
420
420
121
126
420
420
420
420
420
420
109
420
420
420
420
420
420
196
105
420
420
420
210
420
420
420
420
420
420
420
420
420
420
420
192
420
420
420
420
420
420
420
420
420
420
420
420
420
420
420
420
420
420
420
420
420
420
420
209
420
420
420
420
420
420
420
420
420
420
420
420
420
420
420
420
420
420
420
420
420
420
420
420
165
420
420
420
105
420
420
420
420
105
420
420
420
420
420
420
420
420
420
125
420
420
420
420
420
420
420
420
158
420
420
420
420
420
420
420
420
420
420
420
420
420
420
420
249
420
420
420
420
420
420
420
107
420
420
420
420
420
420
420
420
420
420
111
420
420
420
420
420
420
420
420
420
420
420
420
105
420
420
420
420
420
420
420
420
420
420
105
420
420
420
420
420
420
420
420
420
420
420
420
420
420
420
420
420
420
420
420
420
420
420
420
119
420
420
420
420
420
420
420
420
420
420
420
420
420
420
420
420
420
420
420
420
420
420
420
420
420
420
116
420
420
420
420
420
187
420
160
420
420
420
420
420
420
420
420
420
420
194
420
420
420
420
105
420
420
420
420
420
420
420
420
420
420
420
420
420
420
420
420
420
420
420
420
420
420
420
420
420
420
420
420
420
420
121
420
420
420
420
420
420
420
420
420
420
420
420
420
420
420
420
143
420
420
420
420
420
420
420
115
420
420
420
420
420
420
420
420
420
420
420
420
420
420
420
206
420
420
420
420
420
420
420
221
420
420
420
420
420
420
420
420
111
420
211
420
420
420
420
420
420
420
420
420
420
121
420
420
420
420
420
420
420
420
420
131
420
420
420
420
420
420
420
420
420
420
420
420
420
420
420
420
420
420
420
420
420
420
420
420
420
420
420
420
420
420
420
420
420
420
420
420
150
420
420
420
420
420
420
420
420
420
420
420
420
420
420
192
420
420
420
420
420
420
420
420
159
420
420
420
420
420
420
420
420
420
420
121
420
420
420
420
420
420
420
420
420
146
420
420
420
420
420
420
420
420
420
420
420
420
420
420
420
420
420
420
420
420
420
195
420
420
420
420
420
420
420
420
420
420
133
420
420
420
420
420
420
420
420
420
420
420
420
420
181
420
420
420
420
420
420
420
420
420
420
420
420
420
420
168
420
420
420
420
420
420
420
420
420
141
420
420
420
420
420
420
420
420
420
420
420
173
420
420
420
420
420
420
420
420
420
420
420
420
420
420
420
211
420
420
109
420
173
420
420
420
420
420
420
105
420
420
420
420
420
420
162
420
420
420
420
420
154
420
420
420
420
420
420
420
420
420
420
420
420
420
420
420
420
420
420
420
420
420
420
420
420
420
420
420
420
420
420
420
420
420
420
420
420
420
114
356
420
420
243
420
420
420
420
420
420
420
420
420
420
420
420
420
420
420
420
420
420
420
420
420
420
116
420
420
420
420
420
420
420
105
265
420
420
109
420
153
420
164
420
420
420
126
420
179
420
420
420
420
420
420
170
420
420
420
420
420
420
420
420
420
420
420
207
420
420
420
420
420
420
420
420
420
420
420
420
420
420
420
420
420
420
420
420
420
420
420
420
420
420
420
420
420
420
420
420
420
420
105
420
420
420
420
420
420
136
420
420
420
420
420
420
420
420
420
420
115
420
420
420
420
420
420
420
420
420
420
420
420
420
420
420
420
420
420
420
420
420
141
420
420
420
420
420
420
420
420
139
420
420
420
420
420
420
420
420
420
420
420
420
420
420
420
420
420
420
420
420
420
420
420
420
420
420
420
420
420
420
155
420
420
420
420
420
420
420
420
420
420
420
420
420
420
420
420
420
420
420
420
420
420
420
420
420
420
420
420
420
420
420
420
420
420
420
420
420
420
420
420
420
420
420
420
420
420
420
420
420
420
105
420
420
420
420
420
420
420
420
420
420
420
420
420
420
109
420
420
420
420
420
420
420
420
420
420
420
420
420
420
420
420
420
420
420
420
420
420
420
420
420
420
420
162
420
420
420
420
420
420
420
420
420
420
420
420
420
420
420
420
420
420
420
420
420
420
420
420
420
420
420
420
420
420
420
420
420
420
420
420
420
420
420
420
420
135
420
420
420
420
420
420
420
420
420
420
420
420
420
420
420
420
420
420
420
420
420
420
420
420
420
420
420
420
420
420
420
420
420
420
420
420
420
420
420
420
420
420
420
420
146
420
420
420
420
420
420
420
420
420
420
420
420
420
420
420
145
420
420
420
420
420
420
420
420
420
420
420
420
420
420
420
420
420
420
420
420
420
420
420
420
420
420
108
420
420
420
420
420
420
420
420
420
420
420
420
120
420
420
420
420
105
107
420
105
420
420
420
420
420
420
420
193
420
420
420
420
107
420
420
420
420
420
420
181
420
420
420
420
420
420
420
420
420
420
420
420
420
420
420
420
420
420
420
420
420
420
420
420
420
420
420
420
420
420
420
420
420
420
420
420
420
420
420
420
420
420
420
420
420
420
420
155
420
420
420
420
420
252
154
420
420
420
420
420
420
420
420
420
420
420
420
184
420
420
420
420
140
420
420
420
420
420
420
420
420
420
420
420
420
420
420
420
420
420
420
125
420
420
420
420
420
420
420
106
420
420
420
420
420
420
420
420
420
148
420
420
105
188
420
420
420
420
420
420
420
420
420
420
420
420
420
420
420
420
420
420
420
420
176
420
420
420
420
420
420
420
420
420
420
420
420
420
420
285
420
420
420
420
420
420
420
420
420
420
420
125
420
420
420
420
420
114
420
420
420
420
420
420
420
420
420
420
420
420
420
420
420
420
420
420
420
420
420
420
420
420
220
420
420
420
420
420
420
420
420
158
420
420
420
420
420
420
420
420
161
161
420
420
420
420
420
420
420
420
420
420
420
420
420
420
420
420
420
420
420
420
420
420
420
420
420
420
420
420
420
420
420
420
420
420
420
420
420
420
420
420
420
420
420
114
420
420
420
420
420
420
420
170
420
420
420
420
420
420
420
420
420
420
420
420
420
420
420
420
420
420
420
420
420
420
420
420
420
420
420
113
420
420
420
420
420
160
420
420
420
420
420
420
420
420
420
420
420
420
420
420
420
420
420
420
420
420
420
420
420
420
420
420
420
420
420
420
420
420
420
420
420
420
149
420
136
420
420
420
420
420
420
420
166
420
420
420
420
420
420
420
420
168
420
420
420
420
420
420
420
420
420
420
420
420
420
420
420
420
420
420
420
420
420
420
420
420
420
420
420
420
420
420
420
420
420
420
420
420
420
420
420
420
420
420
108
220
420
420
420
420
420
420
420
420
420
420
420
420
420
420
420
420
420
420
420
420
420
420
420
420
420
420
420
420
420
420
420
420
420
202
420
420
420
420
420
420
420
420
420
420
420
420
420
420
420
420
420
420
420
420
420
420
420
420
420
123
420
420
420
420
420
420
420
420
420
420
105
420
420
420
420
420
420
420
420
420
420
420
420
420
420
420
420
420
420
420
420
113
420
420
420
420
420
420
420
420
420
420
420
420
420
420
420
420
169
420
420
420
420
420
420
420
420
420
420
420
420
420
420
420
420
420
420
420
420
420
420
420
420
420
420
420
420
420
420
420
420
420
420
420
420
420
420
420
420
420
420
420
420
420
163
420
420
420
420
420
420
420
420
420
420
420
420
420
420
420
105
420
420
420
420
420
420
420
420
420
420
420
420
420
420
420
420
420
420
420
420
420
420
420
420
420
420
420
420
420
420
420
420
420
420
420
420
420
420
420
420
420
145
420
420
420
420
420
420
420
183
420
420
420
420
420
420
420
420
420
420
420
133
420
420
420
420
420
420
420
420
420
420
420
420
420
420
107
420
420
420
420
420
420
420
420
420
420
420
420
420
420
420
420
420
420
420
420
420
420
420
420
420
420
420
420
420
420
420
420
420
420
420
420
420
420
420
420
420
420
420
420
420
420
420
420
420
420
420
420
420
420
420
420
420
420
420
420
420
420
420
420
420
144
420
420
420
420
420
420
420
420
420
420
420
420
420
420
420
420
420
420
420
420
420
420
420
420
420
420
420
420
420
420
108
420
420
420
420
134
420
420
420
420
420
420
420
420
105
420
420
420
420
420
420
118
420
420
420
420
420
420
420
420
420
420
420
420
420
420
420
420
420
420
420
420
420
420
420
420
180
420
420
420
420
420
420
420
420
420
420
420
420
140
144
420
420
420
420
420
420
420
420
420
420
420
420
420
420
420
420
420
420
420
420
420
420
420
420
420
420
420
420
420
420
420
420
420
420
420
420
420
420
420
420
420
420
420
420
420
420
420
420
420
420
420
420
420
420
420
420
420
420
420
420
420
420
420
420
420
420
420
420
420
420
420
420
420
420
420
420
420
420
420
420
420
420
420
420
420
420
420
420
420
420
420
420
420
420
420
420
420
420
420
420
420
420
420
420
420
420
420
420
420
420
420
420
420
420
420
420
420
420
420
420
420
420
420
420
420
420
420
420
420
420
420
420
420
420
420
420
420
420
420
420
420
420
420
420
420
420
420
420
420
420
420
420
420
420
420
420
420
420
420
420
420
420
420
420
420
420
420
420
420
420
420
420
420
420
420
420
420
420
420
420
420
420
420
420
420
420
420
420
420
420
420
420
420
420
420
420
420
420
420
420
420
420
420
420
420
420
420
420
420
420
420
420
420
420
420
420
420
420
420
420
420
420
420
420
420
420
420
420
420
420
420
420
420
420
420
420
420
420
420
420
420
420
420
420
420
420
108
420
420
420
420
420
420
420
420
420
420
420
420
420
420
420
129
420
420
420
420
420
420
420
420
420
420
420
420
420
420
420
420
420
420
420
177
420
420
420
420
420
420
420
420
420
420
420
420
420
420
420
420
420
420
420
420
420
420
420
420
420
420
420
420
420
420
420
420
420
210
420
420
420
420
420
420
420
420
420
420
420
159
420
420
420
420
420
420
112
420
420
420
420
420
420
420
420
420
420
420
122
139
420
420
420
420
420
420
420
420
420
420
420
420
420
420
420
420
420
420
420
420
420
420
420
420
420
161
420
156
420
420
420
420
420
420
420
420
420
115
420
420
420
420
420
420
420
420
420
420
420
420
420
420
420
420
420
420
420
420
420
215
420
420
420
420
420
420
420
420
420
420
420
111
420
420
420
420
420
420
420
420
420
420
420
420
420
420
420
420
420
420
420
420
420
420
420
420
420
420
420
420
420
420
420
420
420
420
420
420
420
420
420
420
180
420
420
420
420
420
420
420
420
420
420
420
420
420
420
420
113
420
420
420
420
420
420
420
420
420
420
420
420
420
420
420
420
420
420
420
420
420
420
420
420
420
420
420
420
420
420
420
420
420
420
420
420
420
420
112
420
420
420
420
420
420
420
420
420
420
136
420
420
420
420
420
420
420
420
420
420
420
420
420
420
420
420
420
420
420
420
420
121
420
420
420
420
420
420
420
420
420
420
420
420
420
420
420
420
420
420
420
420
420
420
420
420
420
420
420
420
420
420
420
420
420
420
420
420
420
420
420
420
420
420
420
420
420
420
420
420
420
420
420
420
420
420
420
420
420
420
420
420
420
420
420
420
420
420
420
420
420
420
420
420
420
420
420
420
420
418
420
420
420
420
420
420
420
420
420
420
420
420
420
420
420
420
420
420
420
420
420
420
420
420
420
420
420
420
420
420
420
420
420
420
420
420
420
420
420
420
420
420
420
420
420
420
420
420
420
420
420
420
420
420
420
420
420
420
420
420
420
420
420
181
420
420
420
145
420
420
420
420
420
420
420
420
420
420
420
420
420
420
105
420
420
420
420
420
420
420
420
420
420
420
420
420
420
420
420
420
420
420
420
420
420
420
420
420
420
420
420
420
157
420
420
420
420
420
420
420
420
114
420
420
420
420
420
327
420
420
420
420
420
420
420
420
420
420
420
420
420
420
420
420
420
420
420
420
150
420
420
420
420
420
420
420
420
420
420
420
420
420
420
420
420
420
420
420
420
420
420
201
420
420
420
420
420
420
420
420
209
420
420
420
420
420
420
420
420
420
420
420
420
420
420
420
420
420
420
420
420
420
420
420
420
420
420
420
420
420
420
420
420
265
420
420
420
420
420
420
420
420
420
420
420
420
420
420
420
420
420
420
420
420
420
420
420
420
420
420
105
420
420
420
420
420
420
420
420
420
420
420
420
420
420
420
420
420
420
420
420
420
420
420
420
420
420
420
420
420
420
420
420
420
420
420
420
420
420
420
420
420
420
420
420
420
154
420
420
420
420
420
420
420
420
420
420
420
420
420
420
420
420
420
420
420
420
420
420
420
420
420
420
420
420
420
420
420
420
420
420
420
420
420
420
420
420
420
420
420
420
420
420
420
420
420
420
420
420
420
420
420
420
420
420
420
420
420
420
420
420
420
420
420
420
523
420
113
420
420
420
420
420
420
420
420
420
420
420
420
420
420
420
420
420
420
420
420
420
105
420
420
420
420
129
420
420
420
420
420
420
420
420
420
420
420
420
420
420
195
420
420
420
420
420
420
420
420
420
420
420
420
420
420
420
420
420
420
211
420
420
420
420
174
420
420
420
420
420
420
420
420
420
420
420
420
420
420
420
420
420
112
420
420
420
420
420
420
420
420
420
420
420
420
420
420
420
420
420
420
420
420
420
420
420
420
420
420
420
420
420
420
420
420
420
420
420
420
420
420
420
420
420
420
420
420
420
420
420
420
420
420
420
420
420
420
420
420
420
420
420
420
420
420
420
420
420
420
420
420
420
420
420
420
420
420
420
420
420
420
420
420
420
420
420
420
420
420
193
420
420
198
420
420
420
420
420
420
420
420
420
420
420
420
420
116
420
420
420
420
420
420
420
420
420
420
420
420
420
420
420
420
420
420
420
420
420
420
420
420
420
420
117
420
420
420
420
420
420
420
420
420
420
420
420
420
420
420
420
420
420
420
420
420
420
420
420
420
420
420
420
420
420
420
420
420
420
420
420
420
420
420
420
420
420
420
420
420
420
420
420
420
420
420
420
420
420
420
420
420
420
420
420
420
174
420
420
420
420
420
420
420
420
420
420
420
420
420
420
420
420
420
420
420
420
420
420
420
420
420
218
420
420
420
420
420
420
420
420
420
420
420
420
420
420
420
420
420
420
420
420
420
420
420
420
420
420
420
420
420
420
420
420
420
420
420
420
420
420
420
420
420
420
420
420
420
420
420
420
420
420
420
420
420
420
420
420
420
420
420
420
420
420
105
420
420
420
420
420
420
420
420
420
420
420
420
420
420
420
420
420
420
420
420
420
420
420
420
420
420
420
420
420
420
420
420
420
420
420
420
420
420
420
420
420
420
420
420
420
420
420
420
420
420
420
420
420
420
420
420
420
420
420
420
420
420
420
420
420
185
420
420
420
420
420
420
420
420
420
420
420
420
420
420
420
420
420
105
420
420
420
420
420
420
420
420
420
420
420
420
420
420
420
420
420
420
420
420
420
194
420
420
107
420
420
420
420
420
420
420
420
420
420
420
420
420
420
420
420
420
420
420
420
420
420
420
420
420
420
420
420
420
420
420
420
420
420
420
420
420
420
420
420
420
420
420
420
420
420
420
420
420
420
420
420
420
420
420
420
420
420
420
420
420
420
420
420
420
420
420
420
420
420
420
420
420
420
420
420
420
420
420
420
420
420
420
420
420
420
420
420
420
420
420
420
420
420
420
420
420
420
420
420
420
420
420
420
420
420
420
420
420
420
420
420
420
420
420
420
420
420
420
420
420
420
420
420
420
420
420
420
420
420
420
420
420
420
420
420
420
420
420
420
420
420
420
420
420
420
420
420
420
420
420
420
420
420
420
420
420
420
420
420
420
420
420
420
420
420
420
420
420
420
420
420
420
420
420
420
420
420
420
420
420
420
420
420
420
420
420
420
420
115
420
420
420
420
420
420
420
420
420
420
420
420
420
420
420
420
420
420
420
420
420
420
420
420
420
420
420
420
420
420
420
420
114
420
420
420
420
420
420
420
420
420
420
420
420
420
420
420
420
420
420
420
420
420
420
420
420
420
420
420
420
420
420
420
420
420
420
420
420
420
420
420
420
420
420
420
420
420
420
420
420
420
420
420
420
420
420
420
420
420
420
420
420
420
420
420
420
420
420
420
420
420
420
420
420
420
420
420
420
420
420
420
420
420
420
420
420
420
420
420
420
420
127
420
420
420
420
420
420
420
420
420
420
420
420
420
420
420
420
420
420
420
420
420
420
420
420
420
420
420
420
420
420
420
420
420
420
420
420
420
420
420
420
420
420
420
420
420
420
420
420
420
420
420
420
420
420
420
420
420
420
420
420
420
420
420
420
420
420
420
420
420
420
420
420
420
420
420
420
420
420
420
420
420
420
420
420
420
420
420
420
420
420
420
420
420
420
169
420
420
420
420
420
420
420
420
420
420
420
420
420
130
420
420
420
420
420
420
420
420
420
420
420
420
420
420
420
420
420
420
420
420
420
420
420
420
420
420
420
420
420
420
420
420
420
420
420
420
420
420
420
420
420
420
420
420
420
420
420
420
420
420
420
420
420
420
420
420
420
420
420
420
420
420
420
420
420
420
420
420
420
420
420
420
420
420
420
420
420
420
420
420
420
420
420
420
420
420
420
420
420
115
420
420
420
420
420
420
420
420
420
420
420
420
420
420
420
420
420
420
420
420
420
420
420
420
420
420
420
420
420
420
420
420
420
420
420
420
420
420
420
420
420
420
420
420
420
420
420
420
420
420
420
420
420
420
420
420
420
420
420
420
420
420
420
420
420
420
420
420
420
420
420
420
420
420
420
420
420
420
420
420
420
420
420
420
420
420
420
420
420
420
420
420
420
420
420
420
420
106
420
420
420
420
420
420
420
420
420
420
420
420
420
420
420
420
420
420
117
420
420
420
420
420
420
420
420
420
420
420
420
420
420
420
420
420
420
420
420
420
420
420
420
420
420
420
420
420
420
420
420
420
420
420
420
420
420
420
420
420
420
420
420
420
420
420
420
420
420
420
420
420
420
420
420
420
420
420
420
420
420
420
420
420
420
420
420
420
420
420
420
420
420
420
420
420
420
420
420
420
420
420
420
420
420
420
151
420
420
420
420
420
126
420
420
420
420
420
420
420
420
420
420
420
420
420
420
420
420
420
420
420
420
420
420
420
420
420
420
420
420
420
420
420
133
420
420
420
420
420
420
420
420
420
420
420
420
420
420
420
420
420
420
420
420
420
420
420
420
420
420
420
420
420
420
420
420
420
420
420
420
420
420
420
420
420
420
420
420
420
420
420
420
420
420
420
420
137
420
420
420
420
420
420
420
420
420
420
420
420
420
420
420
420
420
420
420
420
420
420
420
420
420
420
420
420
420
420
420
420
420
420
420
107
420
420
420
420
420
420
420
420
420
179
420
420
420
420
420
420
420
420
420
420
420
420
420
420
420
420
420
420
420
420
420
420
420
420
420
420
420
420
420
420
420
420
420
420
420
420
420
420
420
420
420
420
420
420
420
420
420
420
420
420
420
420
420
420
420
420
420
420
420
420
420
420
420
420
420
420
420
384
420
420
420
420
420
420
420
420
420
420
420
420
420
420
420
420
420
420
420
420
420
420
420
420
420
420
420
420
420
420
420
420
420
420
420
420
420
420
420
420
420
420
420
420
420
420
420
420
420
420
420
420
420
420
420
420
420
420
420
420
420
420
420
420
420
420
420
420
420
420
420
420
420
420
420
420
420
420
420
420
420
420
420
420
420
420
420
162
420
420
420
420
420
420
420
420
420
420
420
420
420
420
420
420
420
420
420
420
420
420
420
420
420
420
420
420
420
666
420
420
420
420
420
420
420
420
420
420
420
420
420
420
420
420
420
420
420
420
420
420
420
420
420
420
420
420
420
420
420
420
420
420
420
420
420
420
420
420
420
420
420
420
420
420
420
420
420
420
420
420
420
420
420
420
420
420
420
420
420
420
420
420
420
420
420
420
420
420
420
420
420
420
420
420
420
420
420
420
420
420
420
420
112
420
420
420
420
420
420
420
420
420
420
420
420
420
420
420
420
420
420
420
420
420
420
420
420
420
420
420
420
420
420
420
420
420
420
114
420
420
420
420
420
420
420
420
386
420
420
420
420
420
420
420
420
420
420
420
420
420
420
420
420
420
420
420
420
420
420
420
420
420
420
420
420
420
420
420
420
420
420
420
420
420
420
420
420
420
420
420
420
420
420
420
420
420
420
420
420
420
420
420
420
420
420
420
420
420
420
420
420
420
420
420
420
420
420
420
420
420
420
420
420
420
420
420
420
420
420
420
420
420
420
420
420
420
420
420
420
420
420
420
420
420
420
420
420
420
420
420
420
420
420
420
420
420
420
420
420
420
420
420
420
420
420
420
420
420
420
420
420
420
420
420
420
420
420
420
420
420
420
420
420
420
420
420
420
420
420
420
420
420
420
420
420
420
420
420
420
420
420
420
420
420
420
420
420
420
420
420
420
420
420
420
420
420
420
420
420
420
420
420
420
420
420
420
420
420
420
420
420
420
420
420
420
420
420
420
420
420
420
420
420
420
420
420
420
420
420
420
109
420
420
420
420
420
420
420
420
420
420
420
420
420
420
420
420
420
420
420
420
420
420
420
420
420
420
420
420
420
420
420
420
232
420
420
420
420
420
113
420
420
420
420
420
420
420
420
420
420
420
420
420
420
420
420
420
420
420
420
420
420
420
109
420
420
420
420
420
420
420
420
420
420
420
420
420
420
420
420
420
420
420
420
420
420
420
420
420
420
420
420
420
420
420
420
420
420
420
420
420
420
420
420
420
420
420
420
420
420
420
420
420
420
420
420
420
420
420
420
420
420
420
420
420
420
420
420
420
420
420
420
420
420
420
420
420
420
420
420
420
420
420
420
420
420
420
420
420
420
420
420
420
420
420
420
420
420
420
420
420
420
420
420
420
420
420
420
420
420
420
420
420
420
420
420
420
420
420
420
420
420
420
420
420
420
420
420
420
420
420
420
420
420
420
420
420
420
420
420
420
420
420
420
420
420
420
420
420
420
420
420
420
420
420
420
420
420
130
420
420
420
420
420
420
420
420
420
420
420
420
420
420
420
420
420
420
420
420
420
420
420
420
420
420
420
420
420
420
420
420
420
420
420
420
420
420
420
420
420
420
420
420
420
420
420
420
420
420
420
420
420
420
420
420
420
420
420
420
420
420
420
420
420
420
420
420
420
420
420
420
420
105
420
420
420
420
420
420
420
420
420
420
420
420
118
420
420
420
420
420
420
420
420
420
420
420
420
420
420
420
420
420
420
420
420
420
420
420
420
420
420
420
420
420
420
420
209
420
420
420
420
420
420
420
420
420
420
420
420
420
420
420
420
420
420
420
420
420
420
420
420
420
420
420
420
420
420
420
420
420
420
420
420
420
420
420
420
420
420
420
420
420
420
420
420
420
420
420
420
420
420
420
420
420
420
420
420
420
420
420
420
420
420
115
420
420
420
420
420
420
420
420
420
420
123
420
420
420
420
420
420
420
420
420
420
420
420
420
420
420
420
420
420
420
420
420
420
420
420
420
420
420
420
420
420
420
420
420
420
420
420
420
420
420
420
420
420
420
420
420
420
420
420
420
420
420
420
420
420
420
420
420
420
420
420
420
420
420
420
420
420
420
420
420
420
420
420
420
420
420
420
420
420
420
420
420
420
420
420
420
420
420
420
420
420
420
420
420
420
420
420
420
420
420
420
420
420
420
420
420
420
420
420
420
420
420
420
420
420
420
420
420
420
420
420
143
420
420
420
420
420
420
420
420
420
420
420
420
420
420
420
420
420
420
420
420
420
420
420
420
420
420
420
420
420
420
420
420
420
420
420
420
420
420
420
420
140
420
420
420
420
420
420
420
420
420
420
420
420
420
420
420
420
420
420
420
420
420
420
420
420
420
420
420
420
420
420
420
420
420
420
420
420
420
420
420
420
420
420
420
420
420
420
420
420
420
420
420
420
420
420
420
420
420
420
420
420
420
105
420
420
420
420
420
420
420
420
420
420
420
420
420
420
420
420
143
420
420
420
420
420
420
420
420
420
420
420
420
420
420
420
420
